6 0.042708333333333334 0.0669921875 0.08541666666666667 0.048046875
6 0.825 0.0669921875 0.019444444444444445 0.019140625
7 0.45034722222222223 0.0669921875 0.7298611111111111 0.055078125
8 0.4270833333333333 0.0669921875 0.8541666666666666 0.068359375
6 0.042708333333333334 0.1349609375 0.08541666666666667 0.048046875
9 0.8541666666666666 0.1140625 0.0 0.0
7 0.45034722222222223 0.1349609375 0.7298611111111111 0.055078125
8 0.4270833333333333 0.1349609375 0.8541666666666666 0.068359375
6 0.042708333333333334 0.2029296875 0.08541666666666667 0.048046875
6 0.825 0.2029296875 0.019444444444444445 0.019140625
7 0.45034722222222223 0.2029296875 0.7298611111111111 0.055078125
8 0.4270833333333333 0.2029296875 0.8541666666666666 0.068359375
6 0.042708333333333334 0.2708984375 0.08541666666666667 0.048046875
6 0.825 0.2708984375 0.019444444444444445 0.019140625
7 0.45034722222222223 0.2708984375 0.7298611111111111 0.055078125
4 0.0 0.23671875 0.0 0.0
8 0.4270833333333333 0.2708984375 0.8541666666666666 0.068359375
4 0.4270833333333333 0.310546875 0.8541666666666666 0.01171875
6 0.042708333333333334 0.3501953125 0.08541666666666667 0.048046875
6 0.825 0.3501953125 0.019444444444444445 0.019140625
7 0.45034722222222223 0.3501953125 0.7298611111111111 0.055078125
8 0.4270833333333333 0.3501953125 0.8541666666666666 0.068359375
10 0.4270833333333333 0.48359375 0.8541666666666666 0.9015625
11 0.5 0.48359375 1.0 0.9015625
12 0.8555555555555555 0.03359375 0.002777777777777778 0.0015625
8 0.9270833333333334 0.0734375 0.14583333333333334 0.08125
13 0.9270833333333334 0.52421875 0.14583333333333334 0.8203125
9 0.9270833333333334 0.1140625 0.14583333333333334 0.0
14 0.9270833333333334 0.2861328125 0.14583333333333334 0.316796875
15 0.9270833333333334 0.3380859375 0.14583333333333334 0.042578125
15 0.9270833333333334 0.3806640625 0.14583333333333334 0.042578125
7 0.9270833333333334 0.4232421875 0.14583333333333334 0.042578125
16 0.9270833333333334 0.3798828125 0.14583333333333334 0.129296875
14 0.9270833333333334 0.6166015625 0.14583333333333334 0.316796875
15 0.9270833333333334 0.6685546875 0.14583333333333334 0.042578125
15 0.9270833333333334 0.7111328125 0.14583333333333334 0.042578125
7 0.9270833333333334 0.7537109375 0.14583333333333334 0.042578125
16 0.9270833333333334 0.7103515625 0.14583333333333334 0.129296875
14 0.9270833333333334 0.8615234375 0.14583333333333334 0.145703125
15 0.9270833333333334 0.9560546875 0.14583333333333334 0.043359375
8 0.9270833333333334 0.48359375 0.14583333333333334 0.9015625
