17 0.0 0.0 0.0 0.0
18 0.5 0.1900390625 1.0 0.314453125
8 1.0 0.16953125 0.0 0.2734375
19 1.0 0.0328125 0.0 0.0
20 0.95625 0.287890625 0.07777777777777778 0.03125
16 0.5 0.347265625 1.0 0.0
20 0.175 0.0708984375 0.0 0.036328125
21 0.06805555555555555 0.07109375 0.1361111111111111 0.0765625
4 0.46111111111111114 0.07109375 0.5722222222222222 0.0765625
22 0.8152777777777778 0.07109375 0.1361111111111111 0.065625
22 0.9416666666666667 0.07109375 0.11666666666666667 0.065625
23 0.5 0.07109375 1.0 0.0765625
8 0.16597222222222222 0.365625 0.29305555555555557 0.021875
24 0.65625 0.365625 0.6875 0.02578125
16 0.5097222222222222 0.365625 0.9805555555555555 0.02578125
24 0.5097222222222222 0.405859375 0.9805555555555555 0.0546875
24 0.1684027777777778 0.44609375 0.29791666666666666 0.02578125
25 0.019444444444444445 0.433203125 0.0 0.0
24 0.5097222222222222 0.4818359375 0.9805555555555555 0.034765625
26 0.0 0.347265625 0.0 0.0
16 0.5 0.4232421875 1.0 0.151953125
27 0.5 0.5873046875 1.0 0.148828125
28 0.0 0.49921875 0.0 0.0
16 0.12152777777777778 0.5873046875 0.24305555555555555 0.148828125
24 0.12152777777777778 0.63515625 0.24305555555555555 0.02578125
16 0.3645833333333333 0.5873046875 0.24305555555555555 0.148828125
24 0.3645833333333333 0.63515625 0.24305555555555555 0.02578125
16 0.6076388888888888 0.5873046875 0.24305555555555555 0.148828125
24 0.6076388888888888 0.63515625 0.24305555555555555 0.02578125
16 0.8506944444444444 0.5873046875 0.24305555555555555 0.148828125
24 0.8506944444444444 0.63515625 0.24305555555555555 0.02578125
16 0.9861111111111112 0.5873046875 0.027777777777777776 0.148828125
24 0.9861111111111112 0.63515625 0.027777777777777776 0.02578125
24 0.5 0.714453125 1.0 0.03671875
24 0.21319444444444444 0.7822265625 0.17916666666666667 0.029296875
6 0.35694444444444445 0.78203125 0.03611111111111111 0.0109375
16 0.24930555555555556 0.7822265625 0.4986111111111111 0.068359375
4 0.5 0.7822265625 0.002777777777777778 0.068359375
24 0.7142361111111111 0.7822265625 0.25069444444444444 0.029296875
6 0.89375 0.78203125 0.03611111111111111 0.0109375
16 0.7506944444444444 0.7822265625 0.4986111111111111 0.068359375
16 0.5 0.7822265625 1.0 0.068359375
24 0.22013888888888888 0.8482421875 0.39166666666666666 0.033203125
24 0.2947916666666667 0.884765625 0.5409722222222222 0.02578125
24 0.10208333333333333 0.9228515625 0.15555555555555556 0.023046875
24 0.32881944444444444 0.9251953125 0.29791666666666666 0.018359375
25 0.1798611111111111 0.916015625 0.0 0.0
24 0.2677083333333333 0.9462890625 0.48680555555555555 0.023828125
29 0.5 0.876171875 1.0 0.11640625
4 0.5128472222222222 0.9462890625 0.003472222222222222 0.023828125
24 0.7451388888888889 0.9462890625 0.46111111111111114 0.023828125
8 0.5048611111111111 0.934375 0.9708333333333333 0.0
30 0.9513888888888888 0.85078125 0.09722222222222222 0.04375
24 0.0 0.746484375 0.0 0.0
16 0.5 0.8083984375 1.0 0.251953125
16 0.5 0.716796875 1.0 0.43515625
19 0.5 0.52109375 1.0 0.065625
31 0.5 0.6408203125 1.0 0.587109375
32 0.9076388888888889 0.882421875 0.1361111111111111 0.0765625
24 0.0 0.866015625 0.0 0.0
25 0.3861111111111111 0.89921875 0.04861111111111111 0.02734375
24 0.53125 0.9001953125 0.19305555555555556 0.029296875
24 0.019444444444444445 0.934375 0.0 0.0
16 0.17743055555555556 0.934375 0.3159722222222222 0.0
24 0.5048611111111111 0.9603515625 0.09722222222222222 0.051953125
25 0.9611111111111111 0.934375 0.058333333333333334 0.0
16 0.8322916666666667 0.934375 0.3159722222222222 0.0
24 0.6743055555555556 0.934375 0.0 0.0
33 0.5 0.773046875 1.0 0.32265625
34 0.5 0.4671875 1.0 0.934375
8 0.0 0.155859375 0.0 0.24609375
4 0.0 0.2796875 0.0 0.0015625
16 0.0 0.392578125 0.0 0.07578125
16 0.0 0.545703125 0.0 0.07578125
16 0.0 0.621484375 0.0 0.07578125
16 0.0 0.697265625 0.0 0.07578125
35 0.0 0.48359375 0.0 0.9015625
4 0.5 0.9671875 1.0 0.065625
4 0.5 0.01640625 1.0 0.0328125
5 0.5 0.5 1.0 1.0
