36 0.0 0.0328125 0.0 0.0
37 0.0 0.109375 0.0 0.0
38 0.4996527777777778 0.1966796875 0.22013888888888888 0.024609375
38 0.9065972222222223 0.1966796875 0.04375 0.024609375
39 0.12986111111111112 0.196875 0.11666666666666667 0.065625
40 0.5 0.196875 0.9513888888888888 0.09296875
40 0.024305555555555556 0.150390625 0.0 0.0
38 0.5 0.2896484375 0.19305555555555556 0.031640625
38 0.9065972222222223 0.2896484375 0.04375 0.024609375
39 0.12986111111111112 0.28984375 0.11666666666666667 0.065625
40 0.5 0.28984375 0.9513888888888888 0.09296875
38 0.5 0.3828125 0.19305555555555556 0.02109375
38 0.9065972222222223 0.3826171875 0.04375 0.024609375
39 0.12986111111111112 0.3828125 0.11666666666666667 0.065625
40 0.5 0.3828125 0.9513888888888888 0.09296875
38 0.5 0.4755859375 0.3 0.030859375
38 0.9065972222222223 0.4755859375 0.04375 0.024609375
39 0.12986111111111112 0.47578125 0.11666666666666667 0.065625
40 0.5 0.47578125 0.9513888888888888 0.09296875
41 0.5 0.33984375 0.9513888888888888 0.37890625
42 0.5 0.48359375 1.0 0.9015625
43 0.3524305555555556 0.0708984375 0.3548611111111111 0.036328125
44 0.06805555555555555 0.07109375 0.1361111111111111 0.0765625
45 1.0 0.07109375 0.0 0.0765625
46 0.5 0.07109375 1.0 0.0765625
5 0.5 0.5 1.0 1.0
4 0.5 0.9671875 1.0 0.065625
4 0.5 0.01640625 1.0 0.0328125
