7 0.0 0.0328125 0.0 0.0
16 0.0 0.52734375 0.0 0.0
16 0.5 0.55859375 1.0 0.0625
50 0.15416666666666667 0.6466796875 0.13194444444444445 0.069921875
6 0.08819444444444445 0.61171875 0.0 0.0
7 0.15381944444444445 0.71640625 0.12708333333333333 0.04765625
16 0.15416666666666667 0.6759765625 0.23055555555555557 0.150390625
50 0.38472222222222224 0.6466796875 0.13194444444444445 0.069921875
6 0.31875 0.61171875 0.0 0.0
7 0.384375 0.71640625 0.07291666666666667 0.04765625
16 0.38472222222222224 0.6759765625 0.23055555555555557 0.150390625
50 0.6152777777777778 0.6466796875 0.13194444444444445 0.069921875
6 0.5493055555555556 0.61171875 0.0 0.0
7 0.6149305555555555 0.71640625 0.14375 0.04765625
16 0.6152777777777778 0.6759765625 0.23055555555555557 0.150390625
50 0.8458333333333333 0.6466796875 0.13194444444444445 0.069921875
6 0.7798611111111111 0.61171875 0.0 0.0
7 0.8454861111111112 0.71640625 0.18541666666666667 0.04765625
16 0.8458333333333333 0.6759765625 0.23055555555555557 0.150390625
16 0.5 0.6759765625 1.0 0.172265625
50 0.15416666666666667 0.8189453125 0.13194444444444445 0.069921875
6 0.08819444444444445 0.783984375 0.0 0.0
7 0.15381944444444445 0.888671875 0.12569444444444444 0.04765625
16 0.15416666666666667 0.8482421875 0.23055555555555557 0.150390625
16 0.0 0.762109375 0.0 0.0
16 0.5 0.8482421875 1.0 0.172265625
10 0.5 0.762109375 1.0 0.34453125
5 0.5 0.48359375 1.0 0.9015625
