6 0.07465277777777778 0.1076171875 0.04236111111111111 0.023828125
7 0.5 0.186328125 0.11944444444444445 0.1375
7 0.8489583333333334 0.266015625 0.1951388888888889 0.021875
16 0.5 0.186328125 0.9513888888888888 0.2140625
6 0.5 0.3591796875 0.9847222222222223 0.090234375
51 0.5 0.421484375 1.0 0.034375
8 0.5 0.6865234375 0.975 0.481640625
4 0.1951388888888889 0.84765625 0.36527777777777776 0.0015625
52 0.4996527777777778 0.876953125 0.24375 0.06015625
4 0.8045138888888889 0.84765625 0.3659722222222222 0.0015625
16 0.5 0.887109375 0.975 0.08046875
53 0.5 0.4671875 1.0 0.934375
7 0.496875 0.1076171875 0.6951388888888889 0.033203125
16 0.4222222222222222 0.1076171875 0.8444444444444444 0.083984375
6 0.07465277777777778 0.1923828125 0.04236111111111111 0.023828125
7 0.496875 0.1923828125 0.6951388888888889 0.033203125
16 0.4222222222222222 0.1923828125 0.8444444444444444 0.083984375
6 0.07465277777777778 0.2771484375 0.04236111111111111 0.023828125
7 0.496875 0.2771484375 0.6951388888888889 0.033203125
16 0.4222222222222222 0.2771484375 0.8444444444444444 0.083984375
10 0.4222222222222222 0.5 0.8444444444444444 0.86875
6 0.059027777777777776 0.0328125 0.09722222222222222 0.0546875
54 0.059027777777777776 0.0328125 0.11666666666666667 0.065625
16 0.29270833333333335 0.0326171875 0.3506944444444444 0.033203125
7 0.11736111111111111 0.016015625 0.0 0.0
16 0.234375 0.0328125 0.4673611111111111 0.065625
55 1.0 0.0328125 0.0 0.065625
56 0.5 0.0328125 1.0 0.065625
57 0.0 0.0 0.0 0.0
