58 0.6993055555555555 0.13671875 0.5625 0.065625
59 0.41805555555555557 0.10390625 0.0 0.0
58 0.6993055555555555 0.203125 0.5625 0.065625
7 0.45694444444444443 0.186328125 0.0 0.0
58 0.6993055555555555 0.26953125 0.5625 0.065625
7 0.45694444444444443 0.252734375 0.0 0.0
58 0.6993055555555555 0.3359375 0.5625 0.065625
7 0.45694444444444443 0.319140625 0.0 0.0
58 0.6993055555555555 0.40234375 0.5625 0.065625
7 0.45694444444444443 0.385546875 0.0 0.0
58 0.6993055555555555 0.46875 0.5625 0.065625
7 0.45694444444444443 0.451953125 0.0 0.0
8 0.6604166666666667 0.5349609375 0.40694444444444444 0.033203125
7 0.45694444444444443 0.518359375 0.0 0.0
59 0.9027777777777778 0.53515625 0.07777777777777778 0.04375
58 0.6993055555555555 0.53515625 0.5625 0.065625
58 0.6993055555555555 0.6015625 0.5625 0.065625
7 0.45694444444444443 0.584765625 0.0 0.0
60 0.6993055555555555 0.369140625 0.5625 0.53046875
