61 0.0 0.0328125 0.0 0.0
43 0.0 0.175 0.0 0.0
62 0.5 0.5546875 1.0 0.759375
63 0.25625 0.2265625 0.4875 0.0890625
63 0.74375 0.2265625 0.4875 0.0890625
16 0.5 0.2265625 0.975 0.0890625
64 0.26006944444444446 0.3326171875 0.44513888888888886 0.027734375
65 0.25625 0.319921875 0.4875 0.0890625
64 0.7475694444444444 0.3326171875 0.44513888888888886 0.027734375
65 0.74375 0.319921875 0.4875 0.0890625
16 0.5 0.319921875 0.975 0.0890625
16 0.5 0.36875 0.975 0.0
64 0.5038194444444445 0.4259765625 0.9326388888888889 0.027734375
66 0.5 0.41328125 0.975 0.0890625
67 0.0125 0.36875 0.0 0.0
68 0.26006944444444446 0.509765625 0.44513888888888886 0.034375
16 0.25625 0.509765625 0.4875 0.0953125
43 0.74375 0.49140625 0.42916666666666664 0.02578125
69 0.5291666666666667 0.504296875 0.0 0.0
43 0.6854166666666667 0.530859375 0.2638888888888889 0.02578125
70 0.74375 0.509765625 0.4875 0.0953125
16 0.5 0.509765625 0.975 0.0953125
71 0.5 0.6109375 0.8527777777777777 0.07109375
72 0.5 0.42109375 0.975 0.478125
43 0.44756944444444446 0.6865234375 0.8701388888888889 0.052734375
52 0.9350694444444444 0.6865234375 0.05625 0.031640625
64 0.16006944444444443 0.772265625 0.22152777777777777 0.02421875
8 0.3128472222222222 0.7462890625 0.06875 0.009765625
64 0.45868055555555554 0.746484375 0.22291666666666668 0.02578125
16 0.5 0.772265625 0.9013888888888889 0.02578125
43 0.35138888888888886 0.772265625 0.019444444444444445 0.02578125
73 0.5 0.759765625 0.975 0.09375
4 0.5 0.80625 0.9166666666666666 0.00078125
64 0.0125 0.712890625 0.0 0.0
16 0.5 0.49921875 1.0 0.6484375
7 0.21944444444444444 0.0708984375 0.14722222222222223 0.036328125
52 0.06805555555555555 0.07109375 0.1361111111111111 0.0765625
45 1.0 0.07109375 0.0 0.0765625
74 0.5 0.10390625 1.0 0.1421875
43 0.1684027777777778 0.1421875 0.12986111111111112 0.02578125
75 0.1684027777777778 0.1421875 0.33125 0.065625
43 0.5020833333333333 0.1421875 0.14583333333333334 0.02578125
75 0.5024305555555556 0.1421875 0.33125 0.065625
43 0.8364583333333333 0.1421875 0.19791666666666666 0.02578125
75 0.8354166666666667 0.1421875 0.32916666666666666 0.065625
76 0.5 0.1421875 1.0 0.065625
77 0.5 0.48359375 1.0 0.9015625
4 0.5 0.9671875 1.0 0.065625
4 0.5 0.01640625 1.0 0.0328125
5 0.5 0.5 1.0 1.0
