0 0.0 0.0 0.0 0.0
5 0.5 0.4671875 1.0 0.934375
16 0.5 0.07109375 1.0 0.0765625
78 0.0 0.101171875 0.0 0.0
6 0.09965277777777778 0.0599609375 0.08541666666666667 0.048046875
50 0.1 0.07109375 0.2 0.0765625
6 0.29965277777777777 0.0599609375 0.08541666666666667 0.048046875
50 0.3 0.07109375 0.2 0.0765625
6 0.4996527777777778 0.0599609375 0.08541666666666667 0.048046875
50 0.5 0.07109375 0.2 0.0765625
6 0.6996527777777778 0.0599609375 0.08541666666666667 0.048046875
50 0.7 0.07109375 0.2 0.0765625
6 0.8996527777777777 0.0599609375 0.08541666666666667 0.048046875
50 0.9 0.07109375 0.2 0.0765625
50 0.5 0.8400390625 1.0 0.041015625
16 0.5 0.8974609375 1.0 0.073828125
6 0.09965277777777778 0.8974609375 0.08541666666666667 0.048046875
50 0.1 0.8974609375 0.2 0.073828125
6 0.29965277777777777 0.8974609375 0.08541666666666667 0.048046875
50 0.3 0.8974609375 0.2 0.073828125
6 0.4996527777777778 0.8974609375 0.08541666666666667 0.048046875
50 0.5 0.8974609375 0.2 0.073828125
6 0.6996527777777778 0.8974609375 0.08541666666666667 0.048046875
50 0.7 0.8974609375 0.2 0.073828125
6 0.8996527777777777 0.8974609375 0.08541666666666667 0.048046875
50 0.9 0.8974609375 0.2 0.073828125
19 0.5 0.48359375 0.8055555555555556 0.0546875
7 0.4996527777777778 0.5517578125 0.1284722222222222 0.040234375
7 0.4996527777777778 0.4150390625 0.5465277777777777 0.040234375
