17 0.0 0.0328125 0.0 0.0
34 0.5 0.48359375 1.0 0.9015625
43 0.22395833333333334 0.1587890625 0.21875 0.066015625
43 0.5 0.2484375 0.8736111111111111 0.11328125
38 0.5 0.4943359375 0.8736111111111111 0.378515625
43 0.5 0.71328125 0.8736111111111111 0.059375
43 0.4756944444444444 0.7908203125 0.12916666666666668 0.033203125
38 0.5767361111111111 0.790625 0.024305555555555556 0.02890625
16 0.5 0.7908203125 0.825 0.068359375
8 0.5 0.464453125 0.8736111111111111 0.7484375
38 1.0 0.48359375 0.0 0.9015625
79 0.5 0.88828125 0.05 0.00703125
4 0.5 0.9671875 1.0 0.065625
4 0.5 0.01640625 1.0 0.0328125
5 0.5 0.5 1.0 1.0
