17 0.0 0.0 0.0 0.0
43 0.22534722222222223 0.07109375 0.10069444444444445 0.0328125
45 1.0 0.07109375 0.0 0.0765625
44 0.06805555555555555 0.07109375 0.1361111111111111 0.0765625
80 0.5 0.07109375 1.0 0.0765625
43 0.5 0.561328125 0.8444444444444444 0.11171875
71 0.5 0.69921875 0.6888888888888889 0.0765625
71 0.5 0.80859375 0.6888888888888889 0.0765625
16 0.5 0.698046875 0.8444444444444444 0.38515625
81 0.5 0.521875 1.0 0.825
19 0.5 0.48359375 0.11666666666666667 0.065625
38 0.0 0.118359375 0.0 0.17109375
4 0.0 0.215234375 0.0 0.00078125
82 0.0 0.27890625 0.0 0.065625
82 0.0 0.34453125 0.0 0.065625
82 0.0 0.41015625 0.0 0.065625
82 0.0 0.47578125 0.0 0.065625
82 0.0 0.54140625 0.0 0.065625
82 0.0 0.60703125 0.0 0.065625
50 0.0 0.6515625 0.0 0.0234375
82 0.0 0.69609375 0.0 0.065625
82 0.0 0.76171875 0.0 0.065625
82 0.0 0.82734375 0.0 0.065625
83 0.0 0.4671875 0.0 0.934375
84 0.5 0.4671875 1.0 0.934375
4 0.5 0.9671875 1.0 0.065625
