17 0.0 0.0328125 0.0 0.0
85 0.4479166666666667 0.0564453125 0.5458333333333333 0.036328125
85 0.32083333333333336 0.089453125 0.2916666666666667 0.0296875
22 0.9416666666666667 0.07109375 0.11666666666666667 0.065625
86 0.06805555555555555 0.07109375 0.1361111111111111 0.0765625
80 0.5 0.07109375 1.0 0.0765625
85 0.4722222222222222 0.1921875 0.3125 0.07265625
85 0.6559027777777777 0.1921875 0.05486111111111111 0.07265625
16 0.5 0.1921875 1.0 0.121875
85 0.4722222222222222 0.3140625 0.3125 0.07265625
85 0.6559027777777777 0.3140625 0.05486111111111111 0.07265625
16 0.5 0.3140625 1.0 0.121875
85 0.44513888888888886 0.4359375 0.3125 0.07265625
85 0.65625 0.4359375 0.10972222222222222 0.07265625
16 0.5 0.4359375 1.0 0.121875
85 0.44513888888888886 0.5578125 0.3125 0.07265625
85 0.65625 0.5578125 0.10972222222222222 0.07265625
16 0.5 0.5578125 1.0 0.121875
85 0.44513888888888886 0.6796875 0.3125 0.07265625
85 0.65625 0.6796875 0.10972222222222222 0.07265625
16 0.5 0.6796875 1.0 0.121875
85 0.44513888888888886 0.8015625 0.3125 0.07265625
85 0.65625 0.8015625 0.10972222222222222 0.07265625
16 0.5 0.7998046875 1.0 0.118359375
85 0.44513888888888886 0.873046875 0.3125 0.028125
85 0.65625 0.873046875 0.10972222222222222 0.028125
87 0.5 0.8966796875 1.0 0.068359375
16 0.5 0.9216796875 1.0 0.125390625
88 0.5 0.4841796875 1.0 0.749609375
85 0.0 0.2130859375 0.0 0.138671875
16 0.0 0.3140625 0.0 0.121875
16 0.0 0.45 0.0 0.065625
16 0.0 0.5578125 0.0 0.121875
16 0.0 0.6703125 0.0 0.065625
85 0.0 0.81875 0.0 0.053125
89 0.0 0.8625 0.0 0.0
16 0.0 0.9216796875 0.0 0.125390625
16 0.0 0.47734375 0.0 0.7359375
16 1.0 0.1921875 0.0 0.121875
16 1.0 0.3140625 0.0 0.121875
16 1.0 0.4359375 0.0 0.121875
16 1.0 0.5578125 0.0 0.121875
16 1.0 0.6796875 0.0 0.121875
16 1.0 0.7998046875 0.0 0.118359375
16 1.0 0.8607421875 0.0 0.003515625
16 1.0 0.9216796875 0.0 0.125390625
16 1.0 0.4951171875 0.0 0.727734375
32 0.8930555555555556 0.798828125 0.1361111111111111 0.0765625
8 0.5 0.8966796875 1.0 0.075390625
34 0.5 0.48359375 1.0 0.9015625
85 0.0 0.1265625 0.0 0.034375
85 0.0 0.2998046875 0.0 0.034765625
16 0.0 0.21328125 0.0 0.2078125
16 0.0 0.3609375 0.0 0.065625
85 0.0 0.40546875 0.0 0.0015625
16 0.0 0.515625 0.0 0.065625
85 0.0 0.56015625 0.0 0.0015625
16 0.0 0.6046875 0.0 0.065625
85 0.0 0.71484375 0.0 0.0015625
16 0.0 0.759375 0.0 0.065625
16 0.0 0.890625 0.0 0.0875
16 0.0 0.521875 0.0 0.825
5 0.5 0.5 1.0 1.0
4 0.5 0.9671875 1.0 0.065625
4 0.5 0.01640625 1.0 0.0328125
