38 0.0 0.0 0.0 0.0
44 0.0875 0.07109375 0.175 0.0765625
101 0.5875 0.0708984375 0.825 0.036328125
80 0.5 0.0546875 1.0 0.109375
7 0.0 0.0708984375 0.0 0.036328125
38 0.10034722222222223 0.1408203125 0.06458333333333334 0.020703125
101 0.20972222222222223 0.140625 0.10555555555555556 0.02578125
16 0.165625 0.139453125 0.33125 0.06015625
50 0.3326388888888889 0.139453125 0.002777777777777778 0.06015625
38 0.4125 0.1408203125 0.059722222222222225 0.014453125
101 0.5413194444444445 0.140625 0.14930555555555555 0.02578125
16 0.4996527777777778 0.139453125 0.33125 0.06015625
50 0.6666666666666666 0.139453125 0.002777777777777778 0.06015625
38 0.75625 0.1408203125 0.0375 0.020703125
101 0.8649305555555555 0.140625 0.13125 0.02578125
16 0.8340277777777778 0.139453125 0.33194444444444443 0.06015625
41 0.5 0.139453125 1.0 0.06015625
19 0.11423611111111111 0.2322265625 0.03680555555555556 0.020703125
38 0.11458333333333333 0.232421875 0.13055555555555556 0.0734375
101 0.03680555555555556 0.188671875 0.0 0.0
101 0.4270833333333333 0.198046875 0.42083333333333334 0.0296875
101 0.9236111111111112 0.19921875 0.07916666666666666 0.02578125
8 0.5899305555555555 0.198046875 0.7465277777777778 0.0296875
102 0.3138888888888889 0.23203125 0.19444444444444445 0.021875
101 0.49027777777777776 0.2322265625 0.13333333333333333 0.022265625
16 0.38680555555555557 0.2322265625 0.3402777777777778 0.022265625
101 0.2847222222222222 0.2837890625 0.1361111111111111 0.022265625
16 0.34097222222222223 0.27265625 0.24861111111111112 0.04453125
16 0.5895833333333333 0.27265625 0.24861111111111112 0.04453125
101 0.5173611111111112 0.2837890625 0.10416666666666667 0.022265625
38 0.21666666666666667 0.243359375 0.0 0.0
101 0.7416666666666667 0.2837890625 0.05555555555555555 0.022265625
16 0.8385416666666666 0.27265625 0.24930555555555556 0.04453125
16 0.5899305555555555 0.2390625 0.7465277777777778 0.11171875
41 0.5 0.2390625 1.0 0.1390625
38 0.9572916666666667 0.2845703125 0.08541666666666667 0.048046875
19 0.11423611111111111 0.3712890625 0.03680555555555556 0.020703125
38 0.11458333333333333 0.371484375 0.13055555555555556 0.0734375
101 0.03680555555555556 0.327734375 0.0 0.0
101 0.325 0.337109375 0.21666666666666667 0.0296875
101 0.9236111111111112 0.33828125 0.07916666666666666 0.02578125
8 0.5899305555555555 0.337109375 0.7465277777777778 0.0296875
102 0.3138888888888889 0.37109375 0.19444444444444445 0.021875
101 0.4930555555555556 0.3712890625 0.1388888888888889 0.022265625
16 0.38958333333333334 0.3712890625 0.3458333333333333 0.022265625
101 0.2847222222222222 0.4228515625 0.1361111111111111 0.022265625
16 0.34097222222222223 0.41171875 0.24861111111111112 0.04453125
16 0.5895833333333333 0.41171875 0.24861111111111112 0.04453125
101 0.5173611111111112 0.4228515625 0.10416666666666667 0.022265625
38 0.21666666666666667 0.382421875 0.0 0.0
101 0.7416666666666667 0.4228515625 0.05555555555555555 0.022265625
16 0.8385416666666666 0.41171875 0.24930555555555556 0.04453125
16 0.5899305555555555 0.378125 0.7465277777777778 0.11171875
41 0.5 0.378125 1.0 0.1390625
38 0.9572916666666667 0.4236328125 0.08541666666666667 0.048046875
19 0.11423611111111111 0.5103515625 0.03680555555555556 0.020703125
38 0.11458333333333333 0.510546875 0.13055555555555556 0.0734375
101 0.03680555555555556 0.466796875 0.0 0.0
101 0.3232638888888889 0.476171875 0.21319444444444444 0.0296875
101 0.9236111111111112 0.47734375 0.07916666666666666 0.02578125
8 0.5899305555555555 0.476171875 0.7465277777777778 0.0296875
102 0.3138888888888889 0.51015625 0.19444444444444445 0.021875
101 0.4930555555555556 0.5103515625 0.1388888888888889 0.022265625
16 0.38958333333333334 0.5103515625 0.3458333333333333 0.022265625
101 0.2847222222222222 0.5619140625 0.1361111111111111 0.022265625
16 0.34097222222222223 0.55078125 0.24861111111111112 0.04453125
16 0.5895833333333333 0.55078125 0.24861111111111112 0.04453125
101 0.5173611111111112 0.5619140625 0.10416666666666667 0.022265625
38 0.21666666666666667 0.521484375 0.0 0.0
101 0.7416666666666667 0.5619140625 0.05555555555555555 0.022265625
16 0.8385416666666666 0.55078125 0.24930555555555556 0.04453125
16 0.5899305555555555 0.5171875 0.7465277777777778 0.11171875
41 0.5 0.5171875 1.0 0.1390625
38 0.9572916666666667 0.5626953125 0.08541666666666667 0.048046875
19 0.11423611111111111 0.6494140625 0.03680555555555556 0.020703125
38 0.11458333333333333 0.649609375 0.13055555555555556 0.0734375
101 0.03680555555555556 0.605859375 0.0 0.0
101 0.4777777777777778 0.615234375 0.5222222222222223 0.0296875
101 0.9236111111111112 0.61640625 0.07916666666666666 0.02578125
8 0.5899305555555555 0.615234375 0.7465277777777778 0.0296875
102 0.3138888888888889 0.64921875 0.19444444444444445 0.021875
101 0.4986111111111111 0.6494140625 0.15 0.022265625
16 0.3951388888888889 0.6494140625 0.35694444444444445 0.022265625
101 0.2847222222222222 0.7009765625 0.1361111111111111 0.022265625
16 0.34097222222222223 0.68984375 0.24861111111111112 0.04453125
16 0.5895833333333333 0.68984375 0.24861111111111112 0.04453125
101 0.5173611111111112 0.7009765625 0.10416666666666667 0.022265625
38 0.21666666666666667 0.660546875 0.0 0.0
101 0.7416666666666667 0.7009765625 0.05555555555555555 0.022265625
16 0.8385416666666666 0.68984375 0.24930555555555556 0.04453125
16 0.5899305555555555 0.65625 0.7465277777777778 0.11171875
41 0.5 0.65625 1.0 0.1390625
38 0.9572916666666667 0.7017578125 0.08541666666666667 0.048046875
19 0.11423611111111111 0.7884765625 0.03680555555555556 0.020703125
38 0.11458333333333333 0.788671875 0.13055555555555556 0.0734375
101 0.03680555555555556 0.744921875 0.0 0.0
101 0.43194444444444446 0.754296875 0.4305555555555556 0.0296875
101 0.9236111111111112 0.75546875 0.07916666666666666 0.02578125
8 0.5899305555555555 0.754296875 0.7465277777777778 0.0296875
102 0.3138888888888889 0.78828125 0.19444444444444445 0.021875
101 0.5069444444444444 0.7884765625 0.16666666666666666 0.022265625
16 0.40347222222222223 0.7884765625 0.3736111111111111 0.022265625
101 0.2847222222222222 0.8400390625 0.1361111111111111 0.022265625
16 0.34097222222222223 0.82890625 0.24861111111111112 0.04453125
16 0.5895833333333333 0.82890625 0.24861111111111112 0.04453125
101 0.5173611111111112 0.8400390625 0.10416666666666667 0.022265625
38 0.21666666666666667 0.799609375 0.0 0.0
101 0.7416666666666667 0.8400390625 0.05555555555555555 0.022265625
16 0.8385416666666666 0.82890625 0.24930555555555556 0.04453125
16 0.5899305555555555 0.7953125 0.7465277777777778 0.11171875
41 0.5 0.7953125 1.0 0.1390625
38 0.9572916666666667 0.8408203125 0.08541666666666667 0.048046875
19 0.11423611111111111 0.92578125 0.03680555555555556 0.0171875
38 0.11458333333333333 0.9126953125 0.13055555555555556 0.043359375
101 0.03680555555555556 0.883984375 0.0 0.0
101 0.3302083333333333 0.893359375 0.22708333333333333 0.0296875
101 0.9236111111111112 0.89453125 0.07916666666666666 0.02578125
8 0.5899305555555555 0.893359375 0.7465277777777778 0.0296875
102 0.3138888888888889 0.925390625 0.19444444444444445 0.01796875
101 0.5173611111111112 0.951171875 0.10416666666666667 0.03359375
16 0.3951388888888889 0.925390625 0.35694444444444445 0.01796875
16 0.5895833333333333 0.9400390625 0.24861111111111112 0.011328125
38 0.21666666666666667 0.9365234375 0.0 0.004296875
101 0.7416666666666667 0.951171875 0.05555555555555555 0.03359375
16 0.8385416666666666 0.9400390625 0.24930555555555556 0.011328125
16 0.5899305555555555 0.9365234375 0.7465277777777778 0.004296875
41 0.5 0.899609375 1.0 0.06953125
38 0.9572916666666667 0.9451171875 0.08541666666666667 0.021484375
103 0.5 0.551953125 1.0 0.76484375
104 0.5 0.16953125 0.09722222222222222 0.0
5 0.5 0.5 1.0 1.0
4 0.5 0.9671875 1.0 0.065625
