17 0.0 0.0 0.0 0.0
44 0.08993055555555556 0.0708984375 0.1798611111111111 0.073828125
101 0.5802083333333333 0.0708984375 0.8006944444444445 0.036328125
80 0.5 0.0546875 1.0 0.109375
50 0.0 0.109375 0.0 0.0
45 1.0 0.07109375 0.0 0.0765625
69 0.4996527777777778 0.2298828125 0.18958333333333333 0.106640625
101 0.5 0.319921875 1.0 0.0296875
101 0.5 0.3962890625 1.0 0.068359375
16 0.5 0.269921875 1.0 0.32109375
38 0.09652777777777778 0.5177734375 0.0763888888888889 0.039453125
101 0.2899305555555556 0.51796875 0.27152777777777776 0.04375
38 0.8961805555555555 0.51796875 0.03263888888888889 0.025
8 0.48055555555555557 0.51796875 0.9611111111111111 0.0546875
44 0.0 0.490625 0.0 0.0
38 0.09652777777777778 0.5888671875 0.0763888888888889 0.039453125
101 0.296875 0.5890625 0.28541666666666665 0.04375
38 0.8961805555555555 0.5890625 0.03263888888888889 0.025
8 0.48055555555555557 0.5890625 0.9611111111111111 0.0546875
44 0.0 0.56171875 0.0 0.0
105 0.5 0.66015625 0.9222222222222223 0.0546875
16 0.5 0.5890625 1.0 0.240625
16 0.5 0.521875 1.0 0.825
5 0.5 0.5 1.0 1.0
38 0.4222222222222222 0.01640625 0.8444444444444444 0.0328125
38 0.7784722222222222 0.07109375 0.058333333333333334 0.0328125
8 0.2815972222222222 0.0763671875 0.14930555555555555 0.066015625
38 0.22534722222222223 0.0888671875 0.03680555555555556 0.020703125
8 0.4222222222222222 0.07109375 0.8444444444444444 0.0765625
38 0.07777777777777778 0.147265625 0.058333333333333334 0.0328125
101 0.20798611111111112 0.147265625 0.10486111111111111 0.0296875
8 0.4222222222222222 0.14765625 0.8444444444444444 0.0765625
50 0.0 0.1859375 0.0 0.0
38 0.07777777777777778 0.223828125 0.058333333333333334 0.0328125
101 0.2454861111111111 0.223828125 0.1798611111111111 0.0296875
8 0.4222222222222222 0.22421875 0.8444444444444444 0.0765625
50 0.0 0.2625 0.0 0.0
38 0.07777777777777778 0.300390625 0.058333333333333334 0.0328125
101 0.21006944444444445 0.300390625 0.10902777777777778 0.0296875
8 0.4222222222222222 0.30078125 0.8444444444444444 0.0765625
50 0.0 0.3390625 0.0 0.0
38 0.07777777777777778 0.376953125 0.058333333333333334 0.0328125
101 0.2673611111111111 0.376953125 0.22361111111111112 0.0296875
8 0.4222222222222222 0.37734375 0.8444444444444444 0.0765625
50 0.4222222222222222 0.41640625 0.8444444444444444 0.0015625
38 0.07777777777777778 0.47421875 0.058333333333333334 0.0328125
101 0.23645833333333333 0.47421875 0.16180555555555556 0.0296875
8 0.4465277777777778 0.4744140625 0.7958333333333333 0.046484375
8 0.4222222222222222 0.571484375 0.8444444444444444 0.0765625
8 0.4222222222222222 0.4744140625 0.8444444444444444 0.117578125
8 0.4465277777777778 0.571484375 0.7958333333333333 0.0296875
50 0.0 0.609765625 0.0 0.0
38 0.04861111111111111 0.633203125 0.0 0.0
101 0.13819444444444445 0.648046875 0.17916666666666667 0.0296875
8 0.4222222222222222 0.648046875 0.8444444444444444 0.0765625
106 0.4222222222222222 0.4671875 0.8444444444444444 0.934375
4 0.5 0.9671875 1.0 0.065625
