6 0.0 0.109375 0.0 0.0
7 0.16666666666666666 0.14765625 0.11388888888888889 0.0765625
16 0.16666666666666666 0.14765625 0.3333333333333333 0.0765625
6 0.3333333333333333 0.109375 0.0 0.0
7 0.4996527777777778 0.14765625 0.19375 0.0765625
16 0.5 0.14765625 0.3333333333333333 0.0765625
6 0.6666666666666666 0.109375 0.0 0.0
7 0.8329861111111111 0.14765625 0.08125 0.0765625
16 0.8333333333333334 0.14765625 0.3333333333333333 0.0765625
107 0.5 0.14765625 1.0 0.0765625
0 0.0 0.1859375 0.0 0.0
5 0.5 0.56015625 1.0 0.7484375
108 0.6111111111111112 0.90078125 0.7777777777777778 0.0671875
6 0.2222222222222222 0.8671875 0.0 0.0
16 0.5 0.521875 1.0 0.825
7 0.3368055555555556 0.0708984375 0.5958333333333333 0.036328125
55 1.0 0.07109375 0.0 0.0765625
56 0.5 0.07109375 1.0 0.0765625
57 0.0 0.0328125 0.0 0.0
53 0.5 0.4671875 1.0 0.934375
