17 0.0 0.0328125 0.0 0.0
43 0.33958333333333335 0.0708984375 0.32916666666666666 0.036328125
44 0.06805555555555555 0.07109375 0.1361111111111111 0.0765625
22 0.9416666666666667 0.07109375 0.11666666666666667 0.065625
80 0.5 0.07109375 1.0 0.0765625
109 0.334375 0.187109375 0.4131944444444444 0.15546875
4 0.3347222222222222 0.27109375 0.5138888888888888 0.0015625
43 0.28888888888888886 0.3046875 0.48055555555555557 0.04375
43 0.28888888888888886 0.3484375 0.48055555555555557 0.04375
43 0.28888888888888886 0.3923828125 0.48055555555555557 0.044140625
16 0.3347222222222222 0.3486328125 0.5722222222222222 0.131640625
43 0.5795138888888889 0.3046875 0.08263888888888889 0.04375
43 0.5795138888888889 0.3484375 0.08263888888888889 0.04375
43 0.575 0.3923828125 0.09166666666666666 0.044140625
16 0.575 0.3486328125 0.09166666666666666 0.131640625
41 0.3347222222222222 0.27265625 0.6444444444444445 0.3265625
38 0.8256944444444444 0.09140625 0.0875 0.0359375
43 0.8260416666666667 0.1328125 0.13402777777777777 0.02578125
8 0.8260416666666667 0.134375 0.3090277777777778 0.05
4 0.8260416666666667 0.165625 0.19236111111111112 0.0015625
38 0.8256944444444444 0.21015625 0.0875 0.04921875
43 0.8256944444444444 0.268359375 0.175 0.02578125
38 0.8815972222222223 0.1923828125 0.024305555555555556 0.013671875
8 0.8260416666666667 0.2333984375 0.3090277777777778 0.123046875
4 0.8260416666666667 0.301171875 0.19236111111111112 0.0015625
38 0.8256944444444444 0.345703125 0.0875 0.04921875
43 0.8260416666666667 0.378125 0.06041666666666667 0.02578125
43 0.8256944444444444 0.40390625 0.175 0.02578125
38 0.8815972222222223 0.3279296875 0.024305555555555556 0.013671875
8 0.8260416666666667 0.369140625 0.3090277777777778 0.1234375
41 0.8260416666666667 0.27265625 0.3229166666666667 0.3265625
16 0.5 0.27265625 1.0 0.3265625
71 0.1753472222222222 0.4765625 0.1951388888888889 0.03828125
71 0.3802083333333333 0.4765625 0.1951388888888889 0.03828125
71 0.5850694444444444 0.4765625 0.1951388888888889 0.03828125
71 0.7902777777777777 0.4765625 0.19583333333333333 0.03828125
16 0.48541666666666666 0.4765625 0.8736111111111111 0.03828125
110 0.5 0.6666015625 0.9027777777777778 0.341796875
41 0.5 0.6474609375 0.975 0.423046875
38 0.9416666666666667 0.468359375 0.07777777777777778 0.04375
111 0.5 0.4876953125 1.0 0.756640625
112 0.5 0.9001953125 1.0 0.068359375
112 1.0 0.866015625 0.0 0.0
34 0.5 0.48359375 1.0 0.9015625
38 0.0 0.112109375 0.0 0.15859375
43 0.0 0.23515625 0.0 0.065625
82 0.0 0.30078125 0.0 0.065625
82 0.0 0.36640625 0.0 0.065625
82 0.0 0.43203125 0.0 0.065625
43 0.0 0.51015625 0.0 0.065625
82 0.0 0.57578125 0.0 0.065625
82 0.0 0.64140625 0.0 0.065625
82 0.0 0.70703125 0.0 0.065625
82 0.0 0.77265625 0.0 0.065625
43 0.0 0.85078125 0.0 0.065625
82 0.0 0.908984375 0.0 0.05078125
113 0.0 0.48359375 0.0 0.9015625
4 0.5 0.9671875 1.0 0.065625
4 0.5 0.01640625 1.0 0.0328125
5 0.5 0.5 1.0 1.0
