0 0.0 0.0 0.0 0.0
8 0.5 0.073828125 1.0 0.065625
114 0.35381944444444446 0.0736328125 0.6104166666666667 0.051953125
114 0.9513888888888888 0.073828125 0.09722222222222222 0.065625
7 0.26944444444444443 0.25859375 0.4027777777777778 0.0296875
115 0.26944444444444443 0.20234375 0.46111111111111114 0.18046875
7 0.7305555555555555 0.25859375 0.4027777777777778 0.0296875
115 0.7305555555555555 0.20234375 0.46111111111111114 0.18046875
16 0.5 0.20234375 0.9222222222222223 0.19140625
7 0.26944444444444443 0.45 0.4027777777777778 0.0296875
115 0.26944444444444443 0.39375 0.46111111111111114 0.18046875
7 0.7305555555555555 0.45 0.4027777777777778 0.0296875
115 0.7305555555555555 0.39375 0.46111111111111114 0.18046875
16 0.5 0.39375 0.9222222222222223 0.19140625
7 0.26944444444444443 0.64140625 0.4027777777777778 0.0296875
115 0.26944444444444443 0.58515625 0.46111111111111114 0.18046875
7 0.7305555555555555 0.64140625 0.4027777777777778 0.0296875
115 0.7305555555555555 0.58515625 0.46111111111111114 0.18046875
16 0.5 0.58515625 0.9222222222222223 0.19140625
16 0.5 0.39375 0.9222222222222223 0.57421875
114 0.5 0.8892578125 0.8444444444444444 0.073828125
5 0.5 0.4671875 1.0 0.934375
