17 0.0 0.0328125 0.0 0.0
43 0.3003472222222222 0.083984375 0.25069444444444444 0.02578125
116 0.35868055555555556 0.07109375 0.36736111111111114 0.0515625
44 0.06805555555555555 0.07109375 0.1361111111111111 0.0765625
22 0.9416666666666667 0.07109375 0.11666666666666667 0.065625
80 0.5 0.07109375 1.0 0.0765625
38 0.5 0.4494140625 1.0 0.833203125
43 0.5 0.7763671875 1.0 0.179296875
38 0.0 0.4876953125 0.0 0.756640625
43 0.0 0.7763671875 0.0 0.179296875
38 0.75 0.4876953125 0.5 0.756640625
43 0.75 0.7763671875 0.5 0.179296875
38 0.5 0.112890625 1.0 0.00703125
19 0.5 0.48359375 0.18472222222222223 0.10390625
44 0.8152777777777778 0.210546875 0.36944444444444446 0.20234375
117 0.5 0.9001953125 1.0 0.068359375
34 0.5 0.48359375 1.0 0.9015625
4 0.5 0.9671875 1.0 0.065625
4 0.5 0.01640625 1.0 0.0328125
5 0.5 0.5 1.0 1.0
