17 0.0 0.0328125 0.0 0.0
44 0.06805555555555555 0.07109375 0.1361111111111111 0.0765625
43 0.40555555555555556 0.0708984375 0.46111111111111114 0.036328125
45 1.0 0.07109375 0.0 0.0765625
118 0.5 0.07109375 1.0 0.0765625
38 0.5 0.209375 0.24305555555555555 0.13671875
119 0.5 0.306640625 0.8930555555555556 0.0578125
43 0.5 0.36875 0.8930555555555556 0.06640625
41 0.5 0.271484375 0.9805555555555555 0.31328125
43 0.44340277777777776 0.4921875 0.7798611111111111 0.03203125
43 0.8996527777777777 0.4703125 0.09375 0.03203125
43 0.8527777777777777 0.454296875 0.0 0.0
41 0.5 0.505078125 0.9805555555555555 0.15390625
43 0.5 0.55390625 0.9708333333333333 0.04765625
43 0.0 0.109375 0.0 0.0
43 0.42986111111111114 0.64609375 0.7527777777777778 0.03203125
43 0.8861111111111111 0.62421875 0.12083333333333333 0.03203125
43 0.8256944444444444 0.608203125 0.0 0.0
41 0.5 0.658984375 0.9805555555555555 0.15390625
43 0.5 0.7078125 0.9708333333333333 0.04765625
43 0.5 0.78359375 0.8930555555555556 0.04296875
38 0.16527777777777777 0.86796875 0.14583333333333334 0.08203125
43 0.4565972222222222 0.8568359375 0.28125 0.039453125
43 0.5645833333333333 0.8876953125 0.49722222222222223 0.022265625
16 0.5729166666666666 0.86796875 0.6694444444444444 0.06171875
16 0.5 0.85703125 0.8930555555555556 0.10390625
38 0.16527777777777777 0.9326171875 0.14583333333333334 0.003515625
43 0.3875 0.9376953125 0.14305555555555555 0.006640625
43 0.5753472222222222 0.957421875 0.51875 0.04609375
16 0.5729166666666666 0.9376953125 0.6694444444444444 0.006640625
16 0.5 0.9216796875 0.8930555555555556 0.025390625
41 0.5 0.83515625 0.9805555555555555 0.1984375
34 0.5 0.48359375 1.0 0.9015625
5 0.5 0.5 1.0 1.0
4 0.5 0.9671875 1.0 0.065625
4 0.5 0.01640625 1.0 0.0328125
