120 0.0 0.0328125 0.0 0.0
43 0.1361111111111111 0.057421875 0.0 0.0
121 0.5388888888888889 0.0875 0.6208333333333333 0.04921875
6 0.22847222222222222 0.062890625 0.0 0.0
6 0.8493055555555555 0.062890625 0.0 0.0
16 0.8833333333333333 0.0875 0.06805555555555555 0.04921875
122 0.5315972222222223 0.0875 0.7909722222222222 0.06015625
52 0.06805555555555555 0.0875 0.1361111111111111 0.0765625
45 1.0 0.0875 0.0 0.0765625
80 0.5 0.0875 1.0 0.109375
123 0.0 0.1421875 0.0 0.0
124 0.5 0.1763671875 1.0 0.068359375
6 0.03888888888888889 0.1763671875 0.0 0.068359375
43 0.4829861111111111 0.1763671875 0.8881944444444444 0.068359375
6 0.9635416666666666 0.1763671875 0.07291666666666667 0.068359375
8 0.0 0.239453125 0.0 0.065625
124 0.5 0.2451171875 1.0 0.068359375
6 0.9635416666666666 0.2451171875 0.07291666666666667 0.068359375
6 0.03888888888888889 0.3138671875 0.0 0.068359375
124 0.5 0.3138671875 1.0 0.068359375
6 0.9635416666666666 0.3138671875 0.07291666666666667 0.068359375
6 0.03888888888888889 0.3826171875 0.0 0.068359375
124 0.5 0.3826171875 1.0 0.068359375
6 0.9635416666666666 0.3826171875 0.07291666666666667 0.068359375
43 0.0 0.467578125 0.0 0.04375
124 0.5 0.4513671875 1.0 0.068359375
6 0.9635416666666666 0.4513671875 0.07291666666666667 0.068359375
8 0.0 0.521875 0.0 0.065625
124 0.5 0.5201171875 1.0 0.068359375
6 0.9635416666666666 0.5201171875 0.07291666666666667 0.068359375
43 0.0 0.576171875 0.0 0.04375
124 0.5 0.5888671875 1.0 0.068359375
6 0.9635416666666666 0.5888671875 0.07291666666666667 0.068359375
6 0.03888888888888889 0.6576171875 0.0 0.068359375
124 0.5 0.6576171875 1.0 0.068359375
6 0.9635416666666666 0.6576171875 0.07291666666666667 0.068359375
6 0.03888888888888889 0.7263671875 0.0 0.068359375
124 0.5 0.7263671875 1.0 0.068359375
6 0.9635416666666666 0.7263671875 0.07291666666666667 0.068359375
8 0.0 0.804296875 0.0 0.065625
124 0.5 0.7951171875 1.0 0.068359375
6 0.9635416666666666 0.7951171875 0.07291666666666667 0.068359375
6 0.03888888888888889 0.8478515625 0.0 0.036328125
124 0.5 0.8478515625 1.0 0.036328125
6 0.9635416666666666 0.8478515625 0.07291666666666667 0.036328125
125 0.5 0.5041015625 1.0 0.723828125
117 0.5 0.9001953125 1.0 0.068359375
126 0.5 0.48359375 1.0 0.9015625
71 0.8659722222222223 0.292578125 0.19444444444444445 0.109375
43 0.0 0.0546875 0.0 0.04375
43 0.0 0.29375 0.0 0.04375
8 0.0 0.348046875 0.0 0.065625
8 0.0 0.41328125 0.0 0.065625
8 0.0 0.63046875 0.0 0.065625
8 0.0 0.695703125 0.0 0.065625
43 0.0 0.75 0.0 0.04375
8 0.0 0.86953125 0.0 0.065625
8 0.0 0.9181640625 0.0 0.032421875
10 0.0 0.48359375 0.0 0.9015625
4 0.5 0.9671875 1.0 0.065625
4 0.5 0.01640625 1.0 0.0328125
5 0.5 0.5 1.0 1.0
