17 0.0 0.0328125 0.0 0.0
43 0.45625 0.0708984375 0.6208333333333333 0.028515625
52 0.06805555555555555 0.07109375 0.1361111111111111 0.0765625
22 0.825 0.07109375 0.11666666666666667 0.065625
22 0.9416666666666667 0.07109375 0.11666666666666667 0.065625
80 0.5 0.07109375 1.0 0.0765625
38 0.12465277777777778 0.1419921875 0.06319444444444444 0.035546875
127 0.125 0.1421875 0.25 0.065625
38 0.3746527777777778 0.1419921875 0.06319444444444444 0.035546875
127 0.375 0.1421875 0.25 0.065625
38 0.6246527777777777 0.1419921875 0.06319444444444444 0.035546875
127 0.625 0.1421875 0.25 0.065625
38 0.8746527777777777 0.1419921875 0.06319444444444444 0.035546875
127 0.875 0.1421875 0.25 0.065625
128 0.5 0.1421875 1.0 0.065625
129 0.5 0.9056640625 1.0 0.057421875
82 0.0 0.22421875 0.0 0.065625
43 0.31875 0.2146484375 0.6375 0.038671875
43 0.3284722222222222 0.255859375 0.5694444444444444 0.0296875
43 0.7086805555555555 0.219140625 0.12986111111111112 0.02578125
43 0.8965277777777778 0.255859375 0.20694444444444443 0.0296875
16 0.81875 0.2369140625 0.3625 0.067578125
6 0.7225694444444445 0.255859375 0.034027777777777775 0.021875
6 0.7565972222222223 0.255859375 0.034027777777777775 0.021875
16 0.81875 0.255859375 0.3625 0.0296875
130 0.5 0.2296875 1.0 0.109375
82 0.0 0.35546875 0.0 0.065625
131 0.08333333333333333 0.3078125 0.08333333333333333 0.046875
131 0.125 0.3546875 0.08333333333333333 0.046875
131 0.16666666666666666 0.3078125 0.08333333333333333 0.046875
131 0.20833333333333334 0.3546875 0.08333333333333333 0.046875
131 0.25 0.3078125 0.08333333333333333 0.046875
131 0.2916666666666667 0.3546875 0.08333333333333333 0.046875
131 0.3333333333333333 0.3078125 0.08333333333333333 0.046875
131 0.375 0.3546875 0.08333333333333333 0.046875
131 0.4166666666666667 0.3078125 0.08333333333333333 0.046875
131 0.4583333333333333 0.3546875 0.08333333333333333 0.046875
131 0.5 0.3078125 0.08333333333333333 0.046875
131 0.5416666666666666 0.3546875 0.08333333333333333 0.046875
131 0.5833333333333334 0.3078125 0.08333333333333333 0.046875
131 0.625 0.3546875 0.08333333333333333 0.046875
131 0.6666666666666666 0.3078125 0.08333333333333333 0.046875
131 0.7083333333333334 0.3546875 0.08333333333333333 0.046875
131 0.75 0.3078125 0.08333333333333333 0.046875
131 0.7916666666666666 0.3546875 0.08333333333333333 0.046875
131 0.8333333333333334 0.3078125 0.08333333333333333 0.046875
131 0.875 0.3546875 0.08333333333333333 0.046875
131 0.9166666666666666 0.3078125 0.08333333333333333 0.046875
131 0.9583333333333334 0.3546875 0.08333333333333333 0.046875
132 0.5 0.33125 1.0 0.09375
133 0.5 0.6275390625 1.0 0.498828125
134 0.5 0.5259765625 1.0 0.701953125
135 0.5 0.48359375 1.0 0.9015625
43 0.5 0.3876953125 0.8541666666666666 0.109765625
50 0.5 0.258203125 1.0 0.45078125
38 0.4996527777777778 0.8265625 0.2048611111111111 0.1609375
50 0.5 0.708984375 1.0 0.45078125
16 0.0 0.112109375 0.0 0.15859375
82 0.0 0.28984375 0.0 0.065625
82 0.0 0.42109375 0.0 0.065625
82 0.0 0.48671875 0.0 0.065625
82 0.0 0.55234375 0.0 0.065625
113 0.0 0.48359375 0.0 0.9015625
4 0.5 0.9671875 1.0 0.065625
4 0.5 0.01640625 1.0 0.0328125
5 0.5 0.5 1.0 1.0
