36 0.0 0.0328125 0.0 0.0
6 0.0 0.102734375 0.0 0.0
136 0.5 0.1208984375 1.0 0.036328125
7 0.0 0.163671875 0.0 0.0
137 0.5 0.1861328125 1.0 0.044921875
16 0.5 0.23359375 0.9111111111111111 0.0
6 0.4996527777777778 0.2916015625 0.01597222222222222 0.008984375
6 0.559375 0.2916015625 0.01597222222222222 0.008984375
138 0.4996527777777778 0.2916015625 0.14930555555555555 0.016796875
38 0.5 0.6017578125 1.0 0.535546875
38 1.0 0.6017578125 0.0 0.535546875
71 0.24930555555555556 0.901953125 0.4986111111111111 0.06484375
4 0.5 0.901953125 0.002777777777777778 0.06484375
71 0.7506944444444444 0.901953125 0.4986111111111111 0.06484375
16 0.5 0.901953125 1.0 0.06484375
42 0.5 0.48359375 1.0 0.9015625
4 0.5 0.9671875 1.0 0.065625
4 0.5 0.01640625 1.0 0.0328125
5 0.5 0.5 1.0 1.0
