38 0.0 0.0328125 0.0 0.0
139 0.5 0.48359375 1.0 0.9015625
140 0.4996527777777778 0.4302734375 0.47708333333333336 0.040234375
140 0.5 0.5048828125 0.39861111111111114 0.033203125
16 0.5 0.505078125 0.9611111111111111 0.065625
140 0.4996527777777778 0.57265625 0.03125 0.02578125
140 0.4996527777777778 0.6203125 0.2076388888888889 0.02578125
16 0.5 0.5216796875 1.0 0.244921875
44 0.06805555555555555 0.07109375 0.1361111111111111 0.0765625
43 0.3368055555555556 0.0708984375 0.3236111111111111 0.036328125
22 0.9416666666666667 0.07109375 0.11666666666666667 0.065625
80 0.5 0.07109375 1.0 0.0765625
4 0.5 0.9671875 1.0 0.065625
4 0.5 0.01640625 1.0 0.0328125
5 0.5 0.5 1.0 1.0
