44 0.0 0.0328125 0.0 0.0
139 0.5 0.48359375 1.0 0.9015625
38 0.5 0.212109375 0.47638888888888886 0.21875
16 0.5 0.34765625 1.0 0.6265625
38 0.28125 0.703515625 0.0875 0.04921875
140 0.5482638888888889 0.7 0.4270833333333333 0.05625
8 0.5 0.7 0.8444444444444444 0.05625
141 0.5 0.775390625 0.8444444444444444 0.05625
16 0.5 0.7376953125 1.0 0.153515625
140 0.43368055555555557 0.878515625 0.3145833333333333 0.0296875
43 0.5909722222222222 0.878515625 0.0 0.02578125
140 0.6621527777777778 0.878515625 0.12291666666666666 0.0296875
16 0.5 0.79765625 1.0 0.2734375
16 0.5 0.03359375 1.0 0.0015625
4 0.5 0.9671875 1.0 0.065625
5 0.5 0.5 1.0 1.0
