19 0.0 0.0328125 0.0 0.0
6 0.029166666666666667 0.05 0.03888888888888889 0.021875
8 0.5 0.05 1.0 0.034375
6 0.07083333333333333 0.03359375 0.0 0.0
16 0.5 0.1037109375 1.0 0.073046875
16 0.5 0.1853515625 0.9902777777777778 0.055078125
6 0.058333333333333334 0.1470703125 0.10694444444444444 0.021484375
7 0.4354166666666667 0.1455078125 0.6472222222222223 0.024609375
7 0.30069444444444443 0.1583984375 0.37777777777777777 0.001171875
8 0.4027777777777778 0.1583984375 0.7958333333333333 0.001171875
6 0.8979166666666667 0.1853515625 0.19444444444444445 0.055078125
16 0.5 0.2330078125 1.0 0.150390625
6 0.058333333333333334 0.328125 0.10694444444444444 0.0328125
7 0.4010416666666667 0.3265625 0.5784722222222223 0.0296875
7 0.30069444444444443 0.354296875 0.37777777777777777 0.02578125
8 0.4027777777777778 0.339453125 0.7958333333333333 0.05546875
6 0.8979166666666667 0.36640625 0.19444444444444445 0.109375
16 0.5 0.36640625 0.9902777777777778 0.109375
7 0.5 0.4673828125 0.9902777777777778 0.092578125
16 0.5 0.4126953125 1.0 0.207421875
6 0.058333333333333334 0.536328125 0.10694444444444444 0.0328125
7 0.38993055555555556 0.534765625 0.55625 0.0296875
7 0.30069444444444443 0.5625 0.37777777777777777 0.02578125
8 0.4027777777777778 0.54765625 0.7958333333333333 0.05546875
6 0.8979166666666667 0.574609375 0.19444444444444445 0.109375
16 0.5 0.574609375 0.9902777777777778 0.109375
7 0.5 0.664453125 0.9902777777777778 0.0703125
16 0.5 0.609765625 1.0 0.18515625
6 0.058333333333333334 0.722265625 0.10694444444444444 0.0328125
7 0.3861111111111111 0.720703125 0.5486111111111112 0.0296875
7 0.30069444444444443 0.7484375 0.37777777777777777 0.02578125
8 0.4027777777777778 0.73359375 0.7958333333333333 0.05546875
6 0.8979166666666667 0.760546875 0.19444444444444445 0.109375
16 0.5 0.7708984375 1.0 0.135546875
7 0.5 0.826953125 0.9902777777777778 0.0234375
10 0.5 0.4982421875 1.0 0.680859375
7 0.45381944444444444 0.853125 0.9076388888888889 0.02578125
117 0.5 0.9001953125 0.7777777777777778 0.068359375
89 0.5 0.9001953125 1.0 0.068359375
5 0.5 0.4671875 1.0 0.934375
