6 0.5 0.1189453125 0.5930555555555556 0.051953125
7 0.4996527777777778 0.1798828125 0.29930555555555555 0.028515625
7 0.5 0.2271484375 0.675 0.038671875
6 0.5 0.3958984375 1.0 0.271484375
7 0.4996527777777778 0.2984375 0.6965277777777777 0.03515625
7 0.5083333333333333 0.408203125 0.5680555555555555 0.140625
7 0.5 0.629296875 1.0 0.140625
52 0.5 0.7490234375 0.3402777777777778 0.057421875
8 0.5 0.4216796875 1.0 0.712109375
53 0.5 0.4671875 1.0 0.934375
54 0.0 0.0 0.0 0.0
16 0.4996527777777778 0.0328125 0.49375 0.0328125
55 1.0 0.0328125 0.0 0.065625
56 0.5 0.0328125 1.0 0.065625
