10 0.0 0.0984375 0.0 0.0
16 0.5 0.51640625 1.0 0.8359375
114 0.25 0.934375 0.5 0.0
114 0.0 0.934375 0.0 0.0
114 0.75 0.934375 0.5 0.0
16 0.5 0.934375 1.0 0.0
6 0.06215277777777778 0.0658203125 0.06458333333333334 0.036328125
54 0.052083333333333336 0.065625 0.10416666666666667 0.065625
16 0.25381944444444443 0.0654296875 0.29930555555555555 0.033203125
7 0.10416666666666667 0.048828125 0.0 0.0
16 0.20173611111111112 0.065625 0.40347222222222223 0.065625
143 0.6597222222222222 0.065625 0.1361111111111111 0.065625
143 0.7958333333333333 0.065625 0.1361111111111111 0.065625
91 0.9319444444444445 0.065625 0.1361111111111111 0.065625
55 0.7958333333333333 0.065625 0.4083333333333333 0.065625
56 0.5 0.065625 1.0 0.065625
57 0.0 0.0328125 0.0 0.0
53 0.5 0.4671875 1.0 0.934375
