7 0.36701388888888886 0.1498046875 0.7090277777777778 0.036328125
16 0.5 0.1498046875 1.0 0.102734375
114 0.17847222222222223 0.2693359375 0.30833333333333335 0.108984375
114 0.49930555555555556 0.2693359375 0.30833333333333335 0.108984375
114 0.8201388888888889 0.2693359375 0.30833333333333335 0.108984375
16 0.5 0.2693359375 1.0 0.136328125
114 0.17847222222222223 0.405859375 0.30833333333333335 0.109375
114 0.49930555555555556 0.405859375 0.30833333333333335 0.109375
114 0.8201388888888889 0.405859375 0.30833333333333335 0.109375
16 0.5 0.405859375 1.0 0.13671875
16 0.5 0.590625 1.0 0.20546875
114 0.790625 0.74453125 0.39375 0.065625
16 0.5 0.7447265625 1.0 0.102734375
16 0.5 0.51640625 1.0 0.8359375
57 0.0 0.0328125 0.0 0.0
54 0.06875 0.065625 0.09722222222222222 0.065625
16 0.2972222222222222 0.0654296875 0.3597222222222222 0.033203125
7 0.11736111111111111 0.048828125 0.0 0.0
16 0.24861111111111112 0.065625 0.45694444444444443 0.065625
55 1.0 0.065625 0.0 0.065625
56 0.5 0.065625 1.0 0.065625
56 0.0 0.0 0.0 0.0
53 0.5 0.4671875 1.0 0.934375
