43 0.4996527777777778 0.2318359375 0.48680555555555555 0.040234375
43 0.5 0.3037109375 0.6513888888888889 0.048046875
144 0.5 0.372265625 0.6513888888888889 0.06171875
144 0.5 0.4546875 0.6513888888888889 0.06171875
144 0.5 0.530078125 0.6513888888888889 0.06171875
43 0.6947916666666667 0.5875 0.26180555555555557 0.02578125
145 0.5 0.6380859375 0.6513888888888889 0.048046875
71 0.33090277777777777 0.722265625 0.31319444444444444 0.065625
71 0.6690972222222222 0.722265625 0.31319444444444444 0.065625
16 0.5 0.722265625 0.6513888888888889 0.065625
8 0.5 0.4833984375 0.7 0.570703125
19 0.15 0.198046875 0.0 0.0
5 0.5 0.4833984375 0.7777777777777778 0.614453125
