16 0.014583333333333334 0.117578125 0.0 0.0
114 0.13125 0.155859375 0.21388888888888888 0.065625
7 0.6069444444444444 0.155859375 0.7375 0.0296875
16 0.5 0.155859375 0.9513888888888888 0.065625
7 0.5 0.281640625 0.9513888888888888 0.16953125
16 0.5 0.2447265625 0.9708333333333333 0.254296875
146 0.5 0.4833984375 0.9708333333333333 0.731640625
16 0.5 0.887890625 0.9708333333333333 0.0765625
114 0.25972222222222224 0.887890625 0.4708333333333333 0.065625
114 0.7402777777777778 0.887890625 0.4708333333333333 0.065625
16 0.5 0.521875 1.0 0.825
52 0.06805555555555555 0.07109375 0.1361111111111111 0.0765625
7 0.4517361111111111 0.0708984375 0.6118055555555556 0.036328125
55 1.0 0.07109375 0.0 0.0765625
56 0.5 0.07109375 1.0 0.0765625
57 0.0 0.0328125 0.0 0.0
53 0.5 0.4671875 1.0 0.934375
4 0.5 0.9671875 1.0 0.065625
4 0.5 0.01640625 1.0 0.0328125
