148 0.5 0.48359375 1.0 0.9015625
149 0.0875 0.0708984375 0.175 0.076171875
150 0.9315972222222222 0.0708984375 0.13680555555555557 0.076171875
150 0.5 0.07109375 1.0 0.0765625
151 0.0875 0.903515625 0.175 0.06171875
151 0.5 0.903515625 0.175 0.06171875
152 0.70625 0.903515625 0.175 0.06171875
151 0.9125 0.903515625 0.175 0.06171875
153 0.5 0.903515625 1.0 0.06171875
150 0.0 0.0328125 0.0 0.0
7 0.0 0.49765625 0.0 0.39375
154 0.0 0.3736328125 0.0 0.145703125
154 0.0 0.5197265625 0.0 0.145703125
154 0.0 0.6658203125 0.0 0.145703125
154 0.0 0.805859375 0.0 0.13359375
154 0.0 0.87890625 0.0 0.0125
155 0.0 0.58671875 0.0 0.571875
156 0.027083333333333334 0.29375 0.0 0.0
7 0.5 0.49765625 1.0 0.39375
157 0.36493055555555554 0.35859375 0.6520833333333333 0.07734375
156 0.8454861111111112 0.3736328125 0.23125 0.101171875
157 0.03888888888888889 0.40546875 0.0 0.0
150 0.36493055555555554 0.41640625 0.6520833333333333 0.021875
154 0.5 0.3736328125 1.0 0.145703125
157 0.36493055555555554 0.5046875 0.6520833333333333 0.07734375
156 0.8454861111111112 0.5197265625 0.23125 0.101171875
157 0.03888888888888889 0.5515625 0.0 0.0
150 0.36493055555555554 0.5625 0.6520833333333333 0.021875
154 0.5 0.5197265625 1.0 0.145703125
157 0.36493055555555554 0.65078125 0.6520833333333333 0.07734375
156 0.8454861111111112 0.6658203125 0.23125 0.101171875
157 0.03888888888888889 0.69765625 0.0 0.0
150 0.36493055555555554 0.70859375 0.6520833333333333 0.021875
154 0.5 0.6658203125 1.0 0.145703125
150 0.03888888888888889 0.75546875 0.0 0.0
157 0.5 0.78515625 0.9222222222222223 0.059375
156 0.18819444444444444 0.84921875 0.2986111111111111 0.046875
158 0.34375 0.84921875 0.0125 0.046875
156 0.4996527777777778 0.84921875 0.29930555555555555 0.046875
158 0.6555555555555556 0.84921875 0.0125 0.046875
156 0.8114583333333333 0.84921875 0.29930555555555555 0.046875
150 0.5 0.84921875 0.9222222222222223 0.046875
154 0.5 0.805859375 1.0 0.13359375
157 0.36493055555555554 0.9205078125 0.6520833333333333 0.095703125
156 0.8454861111111112 0.9220703125 0.23125 0.098828125
154 0.5 0.9109375 1.0 0.0765625
155 0.5 0.58671875 1.0 0.571875
159 0.5 0.2818359375 0.09722222222222222 0.037890625
154 0.5 0.2748046875 1.0 0.051953125
156 0.4996527777777778 0.1109375 0.2965277777777778 0.0546875
148 0.04618055555555556 0.2009765625 0.014583333333333334 0.068359375
156 0.07777777777777778 0.1626953125 0.04861111111111111 0.008203125
154 0.5 0.2009765625 0.9222222222222223 0.095703125
148 0.13576388888888888 0.1994140625 0.21736111111111112 0.062890625
160 0.5 0.2470703125 1.0 0.002734375
154 0.5 0.1408203125 1.0 0.216015625
156 0.8784722222222222 0.0328125 0.0 0.0
150 0.9392361111111112 0.07109375 0.12152777777777778 0.0765625
161 0.9513888888888888 0.2748046875 0.09722222222222222 0.051953125
43 0.07430555555555556 0.274609375 0.1486111111111111 0.02578125
162 0.17777777777777778 0.248828125 0.0 0.0
43 0.26493055555555556 0.274609375 0.07430555555555556 0.02578125
163 0.2652777777777778 0.2748046875 0.175 0.051953125
162 0.3527777777777778 0.248828125 0.0 0.0
43 0.43993055555555555 0.274609375 0.09097222222222222 0.02578125
162 0.5277777777777778 0.248828125 0.0 0.0
43 0.6260416666666667 0.274609375 0.13819444444444445 0.02578125
162 0.7243055555555555 0.248828125 0.0 0.0
43 0.8135416666666667 0.274609375 0.12013888888888889 0.02578125
164 0.4513888888888889 0.2748046875 0.9027777777777778 0.051953125
156 0.5236111111111111 0.29375 0.0 0.0
4 0.190625 0.903515625 0.03125 0.06171875
151 0.20625 0.87265625 0.0 0.0
151 0.29375 0.903515625 0.175 0.06171875
4 0.396875 0.903515625 0.03125 0.06171875
4 0.603125 0.903515625 0.03125 0.06171875
4 0.809375 0.903515625 0.03125 0.06171875
50 0.0 0.48359375 0.0 0.9015625
4 0.16527777777777777 0.0328125 0.019444444444444445 0.0
157 0.175 0.0708984375 0.0 0.076171875
157 0.5 0.138671875 0.9458333333333333 0.05859375
148 0.3704861111111111 0.1994140625 0.2520833333333333 0.062890625
156 0.24444444444444444 0.16796875 0.0 0.0
148 0.6368055555555555 0.1994140625 0.28055555555555556 0.062890625
156 0.4965277777777778 0.16796875 0.0 0.0
148 0.13506944444444444 0.2623046875 0.21597222222222223 0.062890625
156 0.027083333333333334 0.230859375 0.0 0.0
148 0.3524305555555556 0.2623046875 0.21875 0.062890625
156 0.24305555555555555 0.230859375 0.0 0.0
148 0.5642361111111112 0.2623046875 0.2048611111111111 0.062890625
156 0.4618055555555556 0.230859375 0.0 0.0
148 0.18680555555555556 0.3251953125 0.3194444444444444 0.062890625
148 0.43506944444444445 0.3251953125 0.17708333333333334 0.062890625
156 0.34652777777777777 0.29375 0.0 0.0
148 0.6204861111111111 0.3251953125 0.19375 0.062890625
148 0.14756944444444445 0.3880859375 0.24097222222222223 0.062890625
156 0.027083333333333334 0.356640625 0.0 0.0
148 0.37916666666666665 0.3880859375 0.2222222222222222 0.062890625
156 0.26805555555555555 0.356640625 0.0 0.0
157 0.5 0.448828125 0.9458333333333333 0.05859375
148 0.1388888888888889 0.5095703125 0.22361111111111112 0.062890625
156 0.027083333333333334 0.478125 0.0 0.0
148 0.36180555555555555 0.5095703125 0.2222222222222222 0.062890625
156 0.25069444444444444 0.478125 0.0 0.0
148 0.5590277777777778 0.5095703125 0.17222222222222222 0.062890625
156 0.47291666666666665 0.478125 0.0 0.0
148 0.7350694444444444 0.5095703125 0.1798611111111111 0.062890625
156 0.6451388888888889 0.478125 0.0 0.0
156 0.027083333333333334 0.541015625 0.0 0.0
148 0.11458333333333333 0.5724609375 0.175 0.062890625
148 0.3034722222222222 0.5724609375 0.20277777777777778 0.062890625
156 0.20208333333333334 0.541015625 0.0 0.0
148 0.5086805555555556 0.5724609375 0.2076388888888889 0.062890625
156 0.4048611111111111 0.541015625 0.0 0.0
148 0.7104166666666667 0.5724609375 0.19583333333333333 0.062890625
156 0.6125 0.541015625 0.0 0.0
148 0.10451388888888889 0.6353515625 0.15486111111111112 0.062890625
156 0.027083333333333334 0.60390625 0.0 0.0
148 0.2861111111111111 0.6353515625 0.20833333333333334 0.062890625
156 0.18194444444444444 0.60390625 0.0 0.0
148 0.5003472222222223 0.6353515625 0.22013888888888888 0.062890625
156 0.3902777777777778 0.60390625 0.0 0.0
148 0.7361111111111112 0.6353515625 0.2513888888888889 0.062890625
156 0.6104166666666667 0.60390625 0.0 0.0
4 0.5 0.9671875 1.0 0.065625
4 0.5 0.01640625 1.0 0.0328125
5 0.5 0.5 1.0 1.0
