0 0.0 0.0 0.0 0.0
5 0.5 0.4671875 1.0 0.934375
6 0.5 0.368359375 0.21388888888888888 0.078125
8 0.5 0.3673828125 0.6638888888888889 0.080078125
8 0.5 0.4697265625 0.6638888888888889 0.000390625
6 0.8079861111111111 0.4384765625 0.034027777777777775 0.019140625
19 0.16805555555555557 0.46953125 0.0 0.0
8 0.5 0.5009765625 0.6638888888888889 0.062109375
6 0.78125 0.50078125 0.0875 0.0234375
7 0.5 0.552734375 0.6638888888888889 0.0375
7 0.7340277777777777 0.58828125 0.19583333333333333 0.03125
7 0.5 0.624609375 0.6638888888888889 0.0375
7 0.16666666666666666 0.3234375 0.0 0.0
8 0.5 0.4833984375 0.6666666666666666 0.319921875
