120 0.0 0.0328125 0.0 0.0
7 0.40694444444444444 0.0708984375 0.5222222222222223 0.036328125
52 0.06805555555555555 0.07109375 0.1361111111111111 0.0765625
165 0.7361111111111112 0.07109375 0.11666666666666667 0.065625
166 0.8486111111111111 0.07109375 0.10833333333333334 0.065625
167 0.9513888888888888 0.07109375 0.09722222222222222 0.065625
45 0.8388888888888889 0.07109375 0.32222222222222224 0.0765625
118 0.5 0.07109375 1.0 0.0765625
112 0.5 0.1435546875 1.0 0.068359375
168 0.5 0.218359375 1.0 0.08125
52 0.94375 0.209375 0.07777777777777778 0.04375
6 0.12152777777777778 0.4869140625 0.24305555555555555 0.324609375
169 0.0 0.324609375 0.0 0.0
170 0.5 0.4869140625 1.0 0.324609375
170 0.125 0.89296875 0.25 0.0828125
169 0.0 0.8515625 0.0 0.0
170 0.375 0.89296875 0.25 0.0828125
169 0.25 0.8515625 0.0 0.0
170 0.625 0.89296875 0.25 0.0828125
169 0.5 0.8515625 0.0 0.0
170 0.875 0.89296875 0.25 0.0828125
169 0.75 0.8515625 0.0 0.0
106 0.5 0.5560546875 1.0 0.756640625
32 0.8930555555555556 0.87421875 0.1361111111111111 0.0765625
126 0.5 0.48359375 1.0 0.9015625
4 0.5 0.9671875 1.0 0.065625
4 0.5 0.01640625 1.0 0.0328125
5 0.5 0.5 1.0 1.0
