17 0.0 0.0 0.0 0.0
50 0.0 0.42890625 0.0 0.8578125
43 0.03888888888888889 0.021875 0.0 0.0
38 0.4996527777777778 0.365625 0.8506944444444444 0.2625
43 0.5 0.5353515625 0.0 0.033203125
38 0.5 0.5875 0.5861111111111111 0.07109375
16 0.5 0.42890625 0.9222222222222223 0.8140625
34 0.5 0.4671875 1.0 0.934375
50 0.5 0.89609375 1.0 0.0765625
71 0.14583333333333334 0.89609375 0.21388888888888888 0.065625
38 0.5 0.89609375 0.019444444444444445 0.0109375
38 0.5388888888888889 0.89609375 0.019444444444444445 0.0109375
44 0.8541666666666666 0.89609375 0.21388888888888888 0.0765625
4 0.5 0.9671875 1.0 0.065625
4 0.5 0.01640625 1.0 0.0328125
5 0.5 0.5 1.0 1.0
