17 0.0 0.0328125 0.0 0.0
43 0.2708333333333333 0.0708984375 0.19166666666666668 0.036328125
44 0.06805555555555555 0.07109375 0.1361111111111111 0.0765625
173 0.9513888888888888 0.07109375 0.09722222222222222 0.065625
118 0.5 0.07109375 1.0 0.0765625
38 0.09861111111111111 0.15390625 0.10972222222222222 0.06171875
43 0.5277777777777778 0.1685546875 0.6902777777777778 0.028515625
174 0.0 0.109375 0.0 0.0
38 0.9388888888888889 0.15390625 0.08333333333333333 0.046875
8 0.5 0.15390625 1.0 0.0890625
34 0.5 0.48359375 1.0 0.9015625
43 0.8416666666666667 0.16953125 0.21388888888888888 0.1203125
38 0.9743055555555555 0.1326171875 0.0125 0.046484375
175 0.8673611111111111 0.521875 0.2652777777777778 0.825
5 0.5 0.5 1.0 1.0
4 0.5 0.9671875 1.0 0.065625
4 0.5 0.01640625 1.0 0.0328125
