17 0.0 0.0 0.0 0.0
38 0.32430555555555557 0.73203125 0.058333333333333334 0.0328125
176 0.5482638888888889 0.73203125 0.31180555555555556 0.02578125
16 0.5 0.73203125 0.8444444444444444 0.0546875
38 0.3236111111111111 0.80859375 0.058333333333333334 0.0328125
176 0.5486111111111112 0.80859375 0.3138888888888889 0.02578125
16 0.5 0.80859375 0.8444444444444444 0.0546875
176 0.5 0.88515625 0.8444444444444444 0.0546875
16 0.5 0.80859375 1.0 0.2515625
38 0.31319444444444444 0.34140625 0.6263888888888889 0.6828125
38 0.5 0.34140625 1.0 0.6828125
38 0.5 0.280859375 1.0 0.56171875
176 0.5 0.589453125 0.8833333333333333 0.05546875
6 0.44166666666666665 0.65546875 0.058333333333333334 0.0328125
6 0.5583333333333333 0.65546875 0.058333333333333334 0.0328125
6 0.6166666666666667 0.65546875 0.058333333333333334 0.0328125
16 0.5 0.6609375 0.2916666666666667 0.04375
5 0.5 0.5 1.0 1.0
4 0.5 0.9671875 1.0 0.065625
