0 0.0 0.0 0.0 0.0
8 0.15138888888888888 0.0646484375 0.30277777777777776 0.041015625
52 0.9458333333333333 0.064453125 0.09861111111111111 0.0390625
52 0.8302083333333333 0.0646484375 0.11319444444444444 0.063671875
52 0.7170138888888888 0.0646484375 0.11319444444444444 0.063671875
8 0.30277777777777776 0.0328125 0.0 0.0
8 0.6513888888888889 0.0646484375 0.6972222222222222 0.063671875
8 0.5 0.0646484375 1.0 0.063671875
177 0.30069444444444443 0.064453125 0.5472222222222223 0.0390625
52 0.6100694444444444 0.064453125 0.07152777777777777 0.0390625
6 0.012847222222222222 0.1205078125 0.025694444444444443 0.013671875
7 0.43993055555555555 0.120703125 0.7548611111111111 0.02578125
8 0.5 0.120703125 1.0 0.0484375
8 0.5 0.1740234375 1.0 0.058203125
8 0.5 0.2330078125 1.0 0.058203125
8 0.5 0.5154296875 1.0 0.837890625
5 0.5 0.4671875 1.0 0.934375
