36 0.0 0.0328125 0.0 0.0
117 0.5 0.9001953125 0.7777777777777778 0.068359375
89 0.5 0.9001953125 1.0 0.068359375
38 0.5 0.4876953125 0.9652777777777778 0.737109375
71 0.9166666666666666 0.4404296875 0.09722222222222222 0.095703125
71 0.08333333333333333 0.4404296875 0.09722222222222222 0.095703125
71 0.2586805555555556 0.82890625 0.4826388888888889 0.0546875
71 0.7413194444444444 0.82890625 0.4826388888888889 0.0546875
16 0.5 0.82890625 0.9652777777777778 0.0546875
38 0.0 0.109375 0.0 0.0
71 0.26493055555555556 0.160546875 0.44513888888888886 0.0546875
71 0.7350694444444444 0.160546875 0.44513888888888886 0.0546875
16 0.5 0.160546875 0.9652777777777778 0.0828125
42 0.5 0.48359375 1.0 0.9015625
7 0.28368055555555555 0.0708984375 0.4895833333333333 0.036328125
173 0.9513888888888888 0.07109375 0.09722222222222222 0.065625
46 0.5 0.07109375 1.0 0.0765625
5 0.5 0.5 1.0 1.0
4 0.5 0.9671875 1.0 0.065625
4 0.5 0.01640625 1.0 0.0328125
