17 0.0 0.0328125 0.0 0.0
52 0.06805555555555555 0.07109375 0.1361111111111111 0.0765625
45 1.0 0.07109375 0.0 0.0765625
7 0.31180555555555556 0.0708984375 0.27361111111111114 0.036328125
118 0.5 0.07109375 1.0 0.0765625
34 0.5 0.48359375 1.0 0.9015625
8 0.0 0.109375 0.0 0.0
43 0.0 0.151171875 0.0 0.06171875
82 0.0 0.212890625 0.0 0.06171875
43 0.0 0.287109375 0.0 0.06171875
82 0.0 0.348828125 0.0 0.06171875
82 0.0 0.410546875 0.0 0.06171875
82 0.0 0.472265625 0.0 0.06171875
82 0.0 0.533984375 0.0 0.06171875
43 0.0 0.608203125 0.0 0.06171875
82 0.0 0.669921875 0.0 0.06171875
82 0.0 0.731640625 0.0 0.06171875
50 0.0 0.77421875 0.0 0.0234375
82 0.0 0.816796875 0.0 0.06171875
113 0.0 0.521875 0.0 0.825
16 0.0 0.8919921875 0.0 0.084765625
5 0.5 0.5 1.0 1.0
4 0.5 0.9671875 1.0 0.065625
4 0.5 0.01640625 1.0 0.0328125
