6 0.05138888888888889 0.07109375 0.07777777777777778 0.04375
7 0.2826388888888889 0.071484375 0.38472222222222224 0.040625
16 0.5 0.073828125 1.0 0.08203125
107 0.5 0.1470703125 1.0 0.048046875
6 0.125 0.13125 0.0 0.0
7 0.12465277777777778 0.151171875 0.1076388888888889 0.02578125
8 0.1284722222222222 0.1470703125 0.2569444444444444 0.048046875
6 0.375 0.13125 0.0 0.0
8 0.375 0.1470703125 0.2638888888888889 0.048046875
6 0.625 0.13125 0.0 0.0
7 0.625 0.151171875 0.0763888888888889 0.02578125
8 0.625 0.1470703125 0.2638888888888889 0.048046875
6 0.875 0.13125 0.0 0.0
7 0.875 0.151171875 0.08333333333333333 0.02578125
8 0.8715277777777778 0.1470703125 0.2569444444444444 0.048046875
7 0.5010416666666667 0.199609375 0.7173611111111111 0.04921875
180 0.5 0.3630859375 0.7194444444444444 0.383984375
4 0.14027777777777778 0.17109375 0.0 0.0
7 0.2760416666666667 0.252734375 0.13125 0.04921875
51 0.553125 0.2537109375 0.4909722222222222 0.042578125
181 0.4986111111111111 0.3787109375 0.6541666666666667 0.051953125
7 0.2760416666666667 0.39765625 0.13125 0.04921875
51 0.553125 0.3986328125 0.4909722222222222 0.042578125
59 0.4986111111111111 0.5142578125 0.6541666666666667 0.051953125
7 0.5010416666666667 0.56875 0.7173611111111111 0.04921875
7 0.5010416666666667 0.6255859375 0.7173611111111111 0.091796875
59 0.4777777777777778 0.6318359375 0.6125 0.051953125
114 0.7489583333333333 0.632421875 0.16319444444444445 0.06171875
180 0.5 0.4212890625 0.7194444444444444 0.500390625
8 0.5 0.4212890625 1.0 0.500390625
7 0.5010416666666667 0.3138671875 0.7173611111111111 0.206640625
181 0.4986111111111111 0.2611328125 0.6541666666666667 0.051953125
7 0.5010416666666667 0.45390625 0.7173611111111111 0.04921875
8 0.5 0.3630859375 1.0 0.383984375
7 0.3138888888888889 0.2625 0.2847222222222222 0.04921875
177 0.6253472222222223 0.2611328125 0.3284722222222222 0.051953125
7 0.5010416666666667 0.5955078125 0.7173611111111111 0.496484375
7 0.3138888888888889 0.39921875 0.2847222222222222 0.04921875
177 0.6253472222222223 0.3978515625 0.3284722222222222 0.051953125
7 0.3138888888888889 0.458203125 0.2847222222222222 0.04921875
177 0.6253472222222223 0.4568359375 0.3284722222222222 0.051953125
7 0.3138888888888889 0.516796875 0.2847222222222222 0.04921875
177 0.6253472222222223 0.5154296875 0.3284722222222222 0.051953125
7 0.3138888888888889 0.57578125 0.2847222222222222 0.04921875
177 0.6253472222222223 0.5744140625 0.3284722222222222 0.051953125
7 0.3138888888888889 0.69453125 0.2847222222222222 0.04921875
7 0.5756944444444444 0.69765625 0.17777777777777778 0.0609375
182 0.6253472222222223 0.698046875 0.3284722222222222 0.06171875
7 0.3138888888888889 0.75625 0.2847222222222222 0.04921875
177 0.6253472222222223 0.7548828125 0.3284722222222222 0.051953125
114 0.4777777777777778 0.8388671875 0.6125 0.009765625
180 0.5 0.507421875 0.7194444444444444 0.67265625
8 0.5 0.507421875 1.0 0.67265625
180 0.0 0.17109375 0.0 0.0
114 0.9149305555555556 0.893359375 0.12152777777777778 0.06171875
114 0.7628472222222222 0.893359375 0.15763888888888888 0.06171875
114 0.5802083333333333 0.893359375 0.18263888888888888 0.06171875
4 0.5 0.858984375 1.0 0.00078125
183 0.5 0.5287109375 1.0 0.811328125
5 0.5 0.48359375 1.0 0.9015625
