103 0.0 0.0 0.0 0.0
185 0.5 0.4833984375 1.0 0.381640625
88 0.5 0.48359375 1.0 0.9015625
186 0.5 0.934375 1.0 0.0
50 0.5 0.876953125 1.0 0.11484375
16 0.08055555555555556 0.89609375 0.1125 0.04921875
16 0.19305555555555556 0.89609375 0.1125 0.04921875
52 0.3173611111111111 0.89609375 0.0875 0.04921875
6 0.42916666666666664 0.89609375 0.0875 0.04921875
4 0.6347222222222222 0.89609375 0.3236111111111111 0.04921875
6 0.840625 0.8962890625 0.06319444444444444 0.035546875
16 0.8861111111111111 0.89609375 0.17916666666666667 0.04921875
187 0.058333333333333334 0.065625 0.11666666666666667 0.065625
5 0.5 0.5 1.0 1.0
