43 0.0 0.0 0.0 0.0
38 0.06805555555555555 0.03828125 0.1361111111111111 0.0765625
38 0.9319444444444445 0.07109375 0.1361111111111111 0.0765625
38 0.8055555555555556 0.07109375 0.11666666666666667 0.0765625
4 0.19236111111111112 0.07109375 0.1125 0.00546875
50 0.4326388888888889 0.07109375 0.5930555555555556 0.00546875
188 0.5 0.07109375 1.0 0.0765625
43 0.7590277777777777 0.07421875 0.45694444444444443 0.07109375
43 0.7590277777777777 0.1453125 0.45694444444444443 0.07109375
41 0.7579861111111111 0.109765625 0.4840277777777778 0.1671875
43 0.5 0.1900390625 0.8833333333333333 0.117578125
38 0.11666666666666667 0.330859375 0.11666666666666667 0.065625
43 0.5875 0.330859375 0.7083333333333334 0.065625
8 0.5 0.330859375 0.8833333333333333 0.065625
38 0.11666666666666667 0.445703125 0.11666666666666667 0.065625
43 0.5875 0.445703125 0.7083333333333334 0.065625
8 0.5 0.445703125 0.8833333333333333 0.065625
38 0.11666666666666667 0.560546875 0.11666666666666667 0.065625
43 0.5072916666666667 0.560546875 0.5479166666666667 0.065625
8 0.5 0.560546875 0.8833333333333333 0.065625
71 0.5 0.86875 0.8833333333333333 0.0875
5 0.5 0.5 1.0 1.0
43 0.5 0.81015625 0.9222222222222223 0.0328125
189 1.0 0.0 0.0 0.0
50 1.0 0.5 0.0 1.0
50 0.0 0.096875 0.0 0.0
7 0.5 0.41875 0.9555555555555556 0.56875
4 0.5 0.7458984375 0.9555555555555556 0.001953125
7 0.4111111111111111 0.790625 0.6888888888888889 0.0875
6 0.8555555555555555 0.746875 0.15555555555555556 0.0875
189 0.5 0.471875 1.0 0.75
7 0.5 0.525390625 0.8666666666666667 0.46796875
190 0.9 0.790625 0.15555555555555556 0.0875
32 0.8652777777777778 0.746875 0.0 0.0
4 0.44166666666666665 0.07109375 0.6111111111111112 0.0765625
43 0.2375 0.9453125 0.0 0.0
43 0.3590277777777778 0.97265625 0.24305555555555555 0.0546875
43 0.6409722222222223 0.97265625 0.24305555555555555 0.0546875
16 0.5 0.97265625 0.525 0.0546875
43 0.2298611111111111 0.03828125 0.1875 0.0765625
43 0.5097222222222222 0.1130859375 0.7472222222222222 0.067578125
38 0.5 0.1849609375 1.0 0.000390625
191 0.5 0.092578125 1.0 0.18515625
50 0.109375 0.08203125 0.21875 0.1640625
4 0.5 0.01640625 1.0 0.0328125
