17 0.0 0.0 0.0 0.0
38 0.49027777777777776 0.07109375 0.2916666666666667 0.065625
38 0.8145833333333333 0.07109375 0.0875 0.04921875
192 0.9194444444444444 0.0708984375 0.09305555555555556 0.043359375
16 0.8854166666666666 0.07109375 0.22916666666666666 0.04921875
8 0.5680555555555555 0.07109375 0.8638888888888889 0.065625
52 0.06805555555555555 0.07109375 0.1361111111111111 0.0765625
45 1.0 0.07109375 0.0 0.0765625
118 0.5 0.10390625 1.0 0.1421875
82 0.0 0.0765625 0.0 0.065625
43 0.0875 0.1421875 0.09722222222222222 0.02578125
193 0.0875 0.1421875 0.175 0.065625
38 0.175 0.109375 0.0 0.0
43 0.2625 0.1421875 0.09444444444444444 0.02578125
193 0.2625 0.1421875 0.175 0.065625
38 0.35 0.109375 0.0 0.0
43 0.4618055555555556 0.1421875 0.16527777777777777 0.02578125
38 0.5736111111111111 0.109375 0.0 0.0
43 0.6611111111111111 0.1421875 0.09722222222222222 0.02578125
193 0.6611111111111111 0.1421875 0.175 0.065625
38 0.7486111111111111 0.109375 0.0 0.0
43 0.8420138888888888 0.1421875 0.1284722222222222 0.02578125
38 0.9354166666666667 0.109375 0.0 0.0
43 0.9822916666666667 0.1421875 0.035416666666666666 0.02578125
164 0.5 0.1421875 1.0 0.065625
38 0.18472222222222223 0.1849609375 0.28194444444444444 0.019921875
38 0.184375 0.1677734375 0.07291666666666667 0.014453125
192 0.5920138888888888 0.1505859375 0.45902777777777776 0.048828125
192 0.4486111111111111 0.1609375 0.06111111111111111 0.028125
16 0.659375 0.1609375 0.59375 0.028125
192 0.5 0.203515625 0.9125 0.02421875
38 0.18472222222222223 0.276953125 0.28194444444444444 0.109375
38 0.184375 0.2767578125 0.07291666666666667 0.041015625
192 0.659375 0.2541015625 0.59375 0.063671875
192 0.6052083333333333 0.295703125 0.48541666666666666 0.01953125
192 0.4486111111111111 0.295703125 0.06111111111111111 0.01953125
16 0.5 0.276953125 1.0 0.13671875
38 0.18472222222222223 0.413671875 0.28194444444444444 0.109375
38 0.04375 0.358984375 0.0 0.0
192 0.659375 0.3908203125 0.59375 0.063671875
192 0.4340277777777778 0.4330078125 0.06111111111111111 0.020703125
16 0.5 0.413671875 1.0 0.13671875
38 0.18472222222222223 0.550390625 0.28194444444444444 0.109375
38 0.184375 0.5501953125 0.07291666666666667 0.041015625
192 0.659375 0.5275390625 0.59375 0.063671875
192 0.4486111111111111 0.5697265625 0.06111111111111111 0.020703125
16 0.5 0.550390625 1.0 0.13671875
38 0.18472222222222223 0.680859375 0.28194444444444444 0.096875
38 0.04375 0.632421875 0.0 0.0
192 0.5 0.6642578125 0.9125 0.063671875
192 0.2864583333333333 0.705859375 0.48541666666666666 0.01953125
192 0.04375 0.69609375 0.0 0.0
16 0.5 0.6740234375 1.0 0.110546875
38 0.18472222222222223 0.79765625 0.28194444444444444 0.109375
38 0.184375 0.7974609375 0.07291666666666667 0.041015625
192 0.659375 0.7748046875 0.59375 0.063671875
192 0.43472222222222223 0.8169921875 0.06111111111111111 0.020703125
16 0.5 0.79765625 1.0 0.13671875
103 0.5 0.5205078125 1.0 0.691015625
194 0.5 0.24921875 0.09722222222222222 0.0546875
19 0.5 0.5546875 0.11666666666666667 0.065625
82 0.0 0.165625 0.0 0.065625
38 0.9368055555555556 0.20234375 0.03888888888888889 0.021875
111 0.5 0.4494140625 1.0 0.833203125
195 0.5 0.9001953125 0.7777777777777778 0.068359375
196 0.5 0.9001953125 1.0 0.068359375
82 0.0 0.23125 0.0 0.065625
82 0.0 0.296875 0.0 0.065625
82 0.0 0.3625 0.0 0.065625
50 0.0 0.40703125 0.0 0.0234375
82 0.0 0.4515625 0.0 0.065625
82 0.0 0.5171875 0.0 0.065625
82 0.0 0.5828125 0.0 0.065625
82 0.0 0.6484375 0.0 0.065625
82 0.0 0.7140625 0.0 0.065625
82 0.0 0.7796875 0.0 0.065625
82 0.0 0.8453125 0.0 0.065625
82 0.0 0.90625 0.0 0.05625
113 0.0 0.4671875 0.0 0.934375
5 0.5 0.5 1.0 1.0
4 0.5 0.9671875 1.0 0.065625
4 0.5 0.01640625 1.0 0.0328125
