36 0.0 0.0328125 0.0 0.0
194 0.5 0.175 0.09722222222222222 0.0
71 0.0 0.175 0.0 0.0
38 0.16666666666666666 0.5271484375 0.3333333333333333 0.157421875
43 0.6666666666666666 0.4826171875 0.6666666666666666 0.068359375
43 0.6666666666666666 0.548046875 0.6666666666666666 0.0890625
16 0.5 0.5271484375 1.0 0.157421875
38 0.16666666666666666 0.6861328125 0.3333333333333333 0.157421875
43 0.6666666666666666 0.6416015625 0.6666666666666666 0.068359375
43 0.6666666666666666 0.70703125 0.6666666666666666 0.0890625
16 0.5 0.6861328125 1.0 0.157421875
38 0.16666666666666666 0.8451171875 0.3333333333333333 0.157421875
43 0.6666666666666666 0.8005859375 0.6666666666666666 0.068359375
43 0.6666666666666666 0.866015625 0.6666666666666666 0.0890625
16 0.5 0.8451171875 1.0 0.157421875
38 0.16666666666666666 0.9298828125 0.3333333333333333 0.008984375
43 0.6666666666666666 0.9396484375 0.6666666666666666 0.010546875
16 0.5 0.9298828125 1.0 0.008984375
10 0.5 0.69140625 1.0 0.4859375
197 0.5 0.5546875 1.0 0.759375
52 0.4996527777777778 0.2947265625 0.18263888888888888 0.102734375
51 0.5 0.3787109375 1.0 0.024609375
7 0.13368055555555555 0.4279296875 0.21875 0.041015625
7 0.865625 0.4279296875 0.21875 0.041015625
7 0.5 0.2091796875 0.9513888888888888 0.041015625
50 0.0 0.29140625 0.0 0.0765625
50 0.0 0.36953125 0.0 0.0765625
50 0.0 0.44765625 0.0 0.0765625
50 0.0 0.52578125 0.0 0.0765625
50 0.0 0.60390625 0.0 0.0765625
50 0.0 0.68203125 0.0 0.0765625
103 0.0 0.5546875 0.0 0.759375
71 0.0 0.904296875 0.0 0.06015625
7 0.14131944444444444 0.0708984375 0.2048611111111111 0.036328125
45 1.0 0.07109375 0.0 0.0765625
46 0.5 0.10390625 1.0 0.1421875
198 0.1517361111111111 0.1421875 0.3034722222222222 0.065625
198 0.4579861111111111 0.1421875 0.3034722222222222 0.065625
198 0.7642361111111111 0.1421875 0.3034722222222222 0.065625
198 0.959375 0.1421875 0.08125 0.065625
199 0.5 0.1421875 1.0 0.065625
5 0.5 0.4671875 1.0 0.934375
