0 0.0 0.0 0.0 0.0
16 0.5 0.0751953125 0.7777777777777778 0.084765625
6 0.309375 0.0751953125 0.07291666666666667 0.041015625
7 0.5163194444444444 0.0751953125 0.2826388888888889 0.037109375
7 0.6944444444444444 0.066796875 0.06388888888888888 0.02421875
16 0.4996527777777778 0.0751953125 0.4534722222222222 0.041015625
50 0.5 0.0751953125 1.0 0.084765625
6 0.3295138888888889 0.6548828125 0.23125 0.130078125
16 0.4996527777777778 0.658203125 0.5715277777777777 0.13671875
6 0.6697916666666667 0.6548828125 0.23125 0.130078125
6 0.4996527777777778 0.5701171875 0.23125 0.130078125
16 0.4996527777777778 0.5734375 0.5715277777777777 0.13671875
6 0.4996527777777778 0.7341796875 0.23125 0.130078125
16 0.4996527777777778 0.7375 0.5715277777777777 0.13671875
8 0.5 0.65546875 1.0 0.30078125
16 0.5 0.7025390625 1.0 0.463671875
16 0.5 0.8728515625 1.0 0.123046875
117 0.5 0.9001953125 0.7777777777777778 0.068359375
89 0.5 0.9001953125 1.0 0.068359375
5 0.5 0.4671875 1.0 0.934375
