194 0.5 0.082421875 0.09722222222222222 0.0546875
16 0.5 0.934375 0.0 0.0
6 0.5 0.4650390625 0.3111111111111111 0.107421875
120 0.0 0.0 0.0 0.0
43 0.4996527777777778 0.542578125 0.28541666666666665 0.02578125
200 0.5 0.48359375 1.0 0.9015625
80 0.5 0.07109375 1.0 0.0765625
201 0.5 0.254296875 0.9611111111111111 0.2734375
8 0.5 0.448046875 0.9125 0.08125
7 0.04375 0.407421875 0.0 0.0
7 0.15347222222222223 0.51171875 0.2152777777777778 0.02578125
6 0.04583333333333333 0.488671875 0.0 0.0
8 0.5045138888888889 0.5119140625 0.9173611111111111 0.046484375
41 0.5 0.3291015625 0.9611111111111111 0.423046875
201 0.5 0.68828125 0.9611111111111111 0.2734375
8 0.5 0.88203125 0.9125 0.08125
7 0.04375 0.84140625 0.0 0.0
7 0.16319444444444445 0.93359375 0.23472222222222222 0.0015625
6 0.04583333333333333 0.92265625 0.0 0.0
8 0.5045138888888889 0.928515625 0.9173611111111111 0.01171875
41 0.5 0.74296875 0.9611111111111111 0.3828125
19 0.5 0.48359375 0.11666666666666667 0.14765625
7 0.34930555555555554 0.0708984375 0.40694444444444444 0.036328125
202 0.10694444444444444 0.08203125 0.1361111111111111 0.0765625
165 0.8444444444444444 0.07109375 0.11666666666666667 0.065625
173 0.9513888888888888 0.07109375 0.09722222222222222 0.065625
8 0.3888888888888889 0.065625 0.7777777777777778 0.13125
43 0.43020833333333336 0.094921875 0.4326388888888889 0.02578125
16 0.43020833333333336 0.08203125 0.5104166666666666 0.0765625
6 0.7121527777777777 0.1052734375 0.05347222222222222 0.030078125
6 0.06805555555555555 0.1640625 0.058333333333333334 0.065625
43 0.45694444444444443 0.1640625 0.5638888888888889 0.02578125
43 0.175 0.13125 0.0 0.0
43 0.0 0.13125 0.0 0.0
8 0.3888888888888889 0.1640625 0.7777777777777778 0.065625
6 0.06805555555555555 0.2296875 0.058333333333333334 0.065625
43 0.44722222222222224 0.2296875 0.5444444444444444 0.02578125
43 0.175 0.196875 0.0 0.0
43 0.7388888888888889 0.2296875 0.0 0.065625
8 0.3888888888888889 0.2296875 0.7777777777777778 0.065625
6 0.06805555555555555 0.2953125 0.058333333333333334 0.065625
43 0.44722222222222224 0.2953125 0.5444444444444444 0.02578125
43 0.175 0.2625 0.0 0.0
43 0.7388888888888889 0.2953125 0.0 0.065625
8 0.3888888888888889 0.2953125 0.7777777777777778 0.065625
6 0.06805555555555555 0.3609375 0.058333333333333334 0.065625
43 0.44722222222222224 0.3609375 0.5444444444444444 0.02578125
43 0.175 0.328125 0.0 0.0
43 0.7388888888888889 0.3609375 0.0 0.065625
8 0.3888888888888889 0.3609375 0.7777777777777778 0.065625
8 0.3888888888888889 0.40546875 0.7777777777777778 0.0234375
6 0.06805555555555555 0.45 0.058333333333333334 0.065625
43 0.44722222222222224 0.45 0.5444444444444444 0.02578125
43 0.175 0.4171875 0.0 0.0
43 0.7388888888888889 0.45 0.0 0.065625
8 0.3888888888888889 0.45 0.7777777777777778 0.065625
6 0.06805555555555555 0.515625 0.058333333333333334 0.065625
43 0.44722222222222224 0.515625 0.5444444444444444 0.02578125
43 0.175 0.4828125 0.0 0.0
43 0.7388888888888889 0.515625 0.0 0.065625
8 0.3888888888888889 0.515625 0.7777777777777778 0.065625
6 0.06805555555555555 0.58125 0.058333333333333334 0.065625
43 0.44722222222222224 0.58125 0.5444444444444444 0.02578125
43 0.175 0.5484375 0.0 0.0
43 0.7388888888888889 0.58125 0.0 0.065625
8 0.3888888888888889 0.58125 0.7777777777777778 0.065625
6 0.06805555555555555 0.646875 0.058333333333333334 0.065625
43 0.44722222222222224 0.646875 0.5444444444444444 0.02578125
43 0.175 0.6140625 0.0 0.0
43 0.7388888888888889 0.646875 0.0 0.065625
8 0.3888888888888889 0.646875 0.7777777777777778 0.065625
8 0.3888888888888889 0.4671875 0.7777777777777778 0.934375
4 0.3888888888888889 0.01640625 0.7777777777777778 0.0328125
4 0.5 0.9671875 1.0 0.065625
5 0.5 0.5 1.0 1.0
