7 0.0 0.0328125 0.0 0.0
16 0.0 0.709765625 0.0 0.0
16 0.5 0.7390625 1.0 0.05859375
50 0.15416666666666667 0.8251953125 0.13194444444444445 0.069921875
6 0.08819444444444445 0.790234375 0.0 0.0
7 0.15381944444444445 0.891796875 0.16319444444444445 0.04140625
16 0.15416666666666667 0.8513671875 0.23055555555555557 0.144140625
50 0.38472222222222224 0.8251953125 0.13194444444444445 0.069921875
6 0.31875 0.790234375 0.0 0.0
7 0.384375 0.891796875 0.11041666666666666 0.04140625
16 0.38472222222222224 0.8513671875 0.23055555555555557 0.144140625
50 0.6152777777777778 0.8251953125 0.13194444444444445 0.069921875
6 0.5493055555555556 0.790234375 0.0 0.0
7 0.6152777777777778 0.891796875 0.12638888888888888 0.04140625
16 0.6152777777777778 0.8513671875 0.23055555555555557 0.144140625
16 0.0 0.768359375 0.0 0.0
16 0.5 0.8513671875 1.0 0.166015625
5 0.5 0.48359375 1.0 0.9015625
