6 0.06979166666666667 0.144921875 0.04236111111111111 0.0390625
7 0.18020833333333333 0.1447265625 0.15347222222222223 0.052734375
8 0.5 0.144921875 0.9513888888888888 0.0546875
16 0.9465277777777777 0.201953125 0.0 0.0
6 0.0875 0.201953125 0.06805555555555555 0.03828125
7 0.5486111111111112 0.201953125 0.7958333333333333 0.0390625
8 0.5 0.201953125 0.9513888888888888 0.06015625
16 0.9465277777777777 0.26171875 0.0 0.0
6 0.0875 0.26171875 0.06805555555555555 0.03828125
7 0.5486111111111112 0.26171875 0.7958333333333333 0.0390625
8 0.5 0.26171875 0.9513888888888888 0.06015625
16 0.9465277777777777 0.321484375 0.0 0.0
6 0.0875 0.321484375 0.06805555555555555 0.03828125
7 0.5486111111111112 0.321484375 0.7958333333333333 0.0390625
8 0.5 0.321484375 0.9513888888888888 0.06015625
16 0.9465277777777777 0.38125 0.0 0.0
6 0.0875 0.38125 0.06805555555555555 0.03828125
7 0.5486111111111112 0.38125 0.7958333333333333 0.0390625
8 0.5 0.38125 0.9513888888888888 0.06015625
50 0.5 0.4359375 1.0 0.05
6 0.06979166666666667 0.50703125 0.04236111111111111 0.0390625
7 0.20590277777777777 0.5068359375 0.2048611111111111 0.052734375
8 0.5 0.50703125 0.9513888888888888 0.0546875
16 0.9190972222222222 0.5640625 0.05486111111111111 0.03671875
6 0.0875 0.5640625 0.06805555555555555 0.03828125
7 0.5211805555555555 0.5640625 0.7409722222222223 0.0390625
8 0.5 0.5640625 0.9513888888888888 0.06015625
16 0.9190972222222222 0.623828125 0.05486111111111111 0.03671875
6 0.0875 0.623828125 0.06805555555555555 0.03828125
7 0.5211805555555555 0.623828125 0.7409722222222223 0.0390625
8 0.5 0.623828125 0.9513888888888888 0.06015625
16 0.9190972222222222 0.68359375 0.05486111111111111 0.03671875
6 0.0875 0.68359375 0.06805555555555555 0.03828125
7 0.5211805555555555 0.68359375 0.7409722222222223 0.0390625
8 0.5 0.68359375 0.9513888888888888 0.06015625
16 0.9190972222222222 0.743359375 0.05486111111111111 0.03671875
6 0.0875 0.743359375 0.06805555555555555 0.03828125
7 0.5211805555555555 0.743359375 0.7409722222222223 0.0390625
8 0.5 0.743359375 0.9513888888888888 0.06015625
16 0.9190972222222222 0.803125 0.05486111111111111 0.03671875
6 0.0875 0.803125 0.06805555555555555 0.03828125
7 0.5211805555555555 0.803125 0.7409722222222223 0.0390625
8 0.5 0.803125 0.9513888888888888 0.06015625
50 0.5 0.8578125 1.0 0.05
206 0.5 0.51640625 1.0 0.8359375
6 0.07083333333333333 0.065625 0.07916666666666666 0.04375
54 0.060069444444444446 0.065625 0.12013888888888889 0.065625
16 0.18263888888888888 0.0654296875 0.125 0.033203125
7 0.12013888888888889 0.048828125 0.0 0.0
55 1.0 0.065625 0.0 0.065625
56 0.5 0.065625 1.0 0.065625
57 0.0 0.0328125 0.0 0.0
53 0.5 0.4671875 1.0 0.934375
