17 0.0 0.0328125 0.0 0.0
207 0.5 0.48359375 1.0 0.9015625
16 0.0 0.48359375 0.0 0.9015625
208 0.3875 0.30703125 0.5125 0.04375
208 0.22777777777777777 0.3837890625 0.19305555555555556 0.033203125
209 0.5965277777777778 0.3859375 0.5444444444444444 0.03671875
16 0.5 0.3857421875 0.7375 0.037109375
208 0.18958333333333333 0.437109375 0.11666666666666667 0.04375
210 0.5583333333333333 0.437109375 0.6208333333333333 0.04375
208 0.2881944444444444 0.5083984375 0.3138888888888889 0.033203125
209 0.6569444444444444 0.510546875 0.4236111111111111 0.03671875
16 0.5 0.5103515625 0.7375 0.037109375
208 0.18958333333333333 0.56171875 0.11666666666666667 0.04375
210 0.5583333333333333 0.56171875 0.6208333333333333 0.04375
208 0.3680555555555556 0.64921875 0.4736111111111111 0.065625
211 0.6631944444444444 0.64921875 0.11666666666666667 0.065625
208 0.7368055555555556 0.6490234375 0.030555555555555555 0.020703125
211 0.8104166666666667 0.64921875 0.11666666666666667 0.065625
212 0.7368055555555556 0.64921875 0.2638888888888889 0.065625
16 0.5 0.64921875 0.7375 0.065625
208 0.5 0.0740234375 0.9222222222222223 0.038671875
16 1.0 0.48359375 0.0 0.9015625
208 0.0 0.825 0.0 0.0
50 0.5 0.8796875 0.11666666666666667 0.021875
21 0.14583333333333334 0.8796875 0.21388888888888888 0.065625
21 0.8541666666666666 0.8796875 0.21388888888888888 0.065625
16 0.5 0.8796875 1.0 0.109375
4 0.5 0.9671875 1.0 0.065625
4 0.5 0.01640625 1.0 0.0328125
5 0.5 0.5 1.0 1.0
