38 0.0 0.0 0.0 0.0
7 0.1684027777777778 0.0380859375 0.2590277777777778 0.036328125
173 0.9513888888888888 0.03828125 0.09722222222222222 0.065625
118 0.5 0.03828125 1.0 0.0765625
213 0.4635416666666667 0.3419921875 0.9270833333333334 0.480078125
38 0.9416666666666667 0.109375 0.0875 0.04921875
214 0.06319444444444444 0.112109375 0.09722222222222222 0.0546875
38 0.5 0.6328125 0.7291666666666666 0.034375
71 0.5 0.685546875 1.0 0.065625
4 0.5 0.72109375 1.0 0.00546875
71 0.05590277777777778 0.0697265625 0.11180555555555556 0.139453125
71 0.5 0.827734375 1.0 0.065625
8 0.5 0.9001953125 1.0 0.068359375
8 0.5 0.7580078125 1.0 0.216015625
117 0.5 0.9001953125 0.7777777777777778 0.068359375
5 0.5 0.5 1.0 1.0
4 0.5 0.9671875 1.0 0.065625
