216 0.0 0.0 0.0 0.0
6 0.10833333333333334 0.041015625 0.1875 0.02890625
6 0.9 0.041015625 0.2 0.06015625
8 0.5 0.035546875 1.0 0.07109375
6 0.07291666666666667 0.112109375 0.14583333333333334 0.08203125
217 0.0 0.07109375 0.0 0.0
6 0.9270833333333334 0.112109375 0.14583333333333334 0.08203125
6 0.9708333333333333 0.0916015625 0.058333333333333334 0.041015625
8 0.5 0.112109375 1.0 0.08203125
6 0.4996527777777778 0.4669921875 0.86875 0.488671875
218 0.5 0.5189453125 1.0 0.830859375
5 0.5 0.4671875 1.0 0.934375
219 0.5 0.5765625 1.0 0.715625
6 0.17881944444444445 0.78984375 0.3284722222222222 0.01796875
6 0.5072916666666667 0.78984375 0.3284722222222222 0.01796875
6 0.8357638888888889 0.78984375 0.3284722222222222 0.01796875
16 0.5 0.787109375 1.0 0.0234375
6 0.17881944444444445 0.8296875 0.3284722222222222 0.06171875
6 0.5072916666666667 0.8296875 0.3284722222222222 0.06171875
6 0.8357638888888889 0.8296875 0.3284722222222222 0.06171875
16 0.5 0.832421875 1.0 0.0671875
6 0.8600694444444444 0.9171875 0.2798611111111111 0.034375
112 0.5 0.9001953125 1.0 0.068359375
6 0.3017361111111111 0.041015625 0.19930555555555557 0.06015625
6 0.5010416666666667 0.041015625 0.19930555555555557 0.06015625
6 0.7003472222222222 0.041015625 0.19930555555555557 0.06015625
