220 0.0 0.0328125 0.0 0.0
221 0.5 0.48359375 1.0 0.9015625
220 0.10694444444444444 0.07578125 0.04861111111111111 0.02734375
43 0.03888888888888889 0.058984375 0.0 0.0
38 0.9076388888888889 0.09140625 0.058333333333333334 0.0328125
38 0.4996527777777778 0.0787109375 0.6479166666666667 0.048046875
43 0.5 0.115625 0.7666666666666667 0.02578125
8 0.5 0.0916015625 1.0 0.117578125
4 0.12152777777777778 0.0916015625 0.24305555555555555 0.117578125
4 0.5 0.0916015625 0.5138888888888888 0.117578125
4 0.8784722222222222 0.0916015625 0.24305555555555555 0.117578125
38 0.5 0.795703125 1.0 0.00078125
195 0.5 0.8302734375 0.7777777777777778 0.068359375
16 0.5 0.8994140625 1.0 0.069921875
205 0.12638888888888888 0.899609375 0.25277777777777777 0.06953125
205 0.3840277777777778 0.899609375 0.2625 0.06953125
205 0.6326388888888889 0.899609375 0.23472222222222222 0.06953125
205 0.875 0.899609375 0.25 0.06953125
16 0.5 0.86484375 1.0 0.1390625
222 0.0 0.150390625 0.0 0.0
38 0.5 0.4728515625 1.0 0.644921875
6 0.08541666666666667 0.6744140625 0.14583333333333334 0.030078125
223 0.07291666666666667 0.19140625 0.09722222222222222 0.0546875
71 0.0 0.26796875 0.0 0.0
16 0.5 0.72109375 1.0 0.04921875
44 0.05486111111111111 0.7712890625 0.10972222222222222 0.048046875
38 0.3128472222222222 0.7712890625 0.003472222222222222 0.026171875
224 0.3857638888888889 0.7712890625 0.10347222222222222 0.041015625
16 0.2833333333333333 0.7712890625 0.3472222222222222 0.048046875
224 0.4996527777777778 0.7712890625 0.08541666666666667 0.048046875
225 0.0 0.747265625 0.0 0.0
43 0.7163194444444444 0.77109375 0.34791666666666665 0.02265625
44 0.9451388888888889 0.7712890625 0.10972222222222222 0.048046875
224 0.035416666666666666 0.72109375 0.07083333333333333 0.04921875
38 0.5354166666666667 0.72109375 0.9291666666666667 0.04921875
8 0.5 0.531640625 1.0 0.52734375
38 0.0 0.1326171875 0.0 0.199609375
16 0.0 0.32421875 0.0 0.06015625
16 0.0 0.387890625 0.0 0.06015625
16 0.0 0.449609375 0.0 0.06015625
16 0.0 0.511328125 0.0 0.06015625
16 0.0 0.573046875 0.0 0.06015625
16 0.0 0.63671875 0.0 0.06015625
10 0.0 0.5833984375 0.0 0.701953125
16 0.0 0.48359375 0.0 0.9015625
4 0.5 0.9671875 1.0 0.065625
4 0.5 0.01640625 1.0 0.0328125
5 0.5 0.5 1.0 1.0
