17 0.0 0.0 0.0 0.0
43 0.3375 0.0708984375 0.325 0.036328125
44 0.06805555555555555 0.07109375 0.1361111111111111 0.0765625
22 0.9319444444444445 0.07109375 0.1361111111111111 0.065625
80 0.5 0.07109375 1.0 0.0765625
43 0.125 0.1380859375 0.25 0.057421875
43 0.375 0.1380859375 0.25 0.057421875
43 0.625 0.1380859375 0.25 0.057421875
43 0.875 0.1380859375 0.25 0.057421875
226 0.5 0.1380859375 1.0 0.057421875
227 0.25 0.1734375 0.49027777777777776 0.01328125
38 0.06736111111111111 0.18828125 0.10972222222222222 0.04296875
43 0.4354166666666667 0.1982421875 0.09444444444444444 0.022265625
227 0.75 0.226171875 0.49027777777777776 0.11875
38 0.5673611111111111 0.284375 0.10972222222222222 0.06171875
43 0.9354166666666667 0.3037109375 0.09444444444444444 0.022265625
227 0.25 0.3625 0.49027777777777776 0.28125
38 0.06736111111111111 0.501953125 0.10972222222222222 0.06171875
43 0.4354166666666667 0.5212890625 0.09444444444444444 0.022265625
82 0.0 0.248828125 0.0 0.065625
227 0.75 0.46796875 0.49027777777777776 0.28125
38 0.5673611111111111 0.607421875 0.10972222222222222 0.06171875
43 0.9354166666666667 0.6267578125 0.09444444444444444 0.022265625
38 0.5048611111111111 0.32734375 0.0 0.0
227 0.25 0.685546875 0.49027777777777776 0.28125
38 0.06736111111111111 0.825 0.10972222222222222 0.06171875
43 0.4354166666666667 0.8443359375 0.09444444444444444 0.022265625
82 0.0 0.534765625 0.0 0.065625
227 0.75 0.791015625 0.49027777777777776 0.28125
38 0.5673611111111111 0.9169921875 0.10972222222222222 0.034765625
43 0.9354166666666667 0.9365234375 0.09444444444444444 0.004296875
38 0.5048611111111111 0.650390625 0.0 0.0
227 0.25 0.901171875 0.49027777777777776 0.06640625
38 0.004861111111111111 0.86796875 0.0 0.0
228 0.5 0.5505859375 1.0 0.767578125
229 0.5 0.153125 0.0 0.02734375
43 1.0 0.1103515625 0.0 0.112890625
43 1.0 0.1796875 0.0 0.0
8 1.0 0.2435546875 0.0 0.124609375
43 1.0 0.30546875 0.0 0.0
8 1.0 0.3693359375 0.0 0.124609375
43 1.0 0.43125 0.0 0.0
8 1.0 0.4951171875 0.0 0.124609375
43 1.0 0.55703125 0.0 0.0
8 1.0 0.6208984375 0.0 0.124609375
43 1.0 0.6828125 0.0 0.0
8 1.0 0.7466796875 0.0 0.124609375
43 1.0 0.80859375 0.0 0.0
8 1.0 0.872265625 0.0 0.12421875
228 1.0 0.5505859375 0.0 0.767578125
8 0.0 0.2255859375 0.0 0.117578125
82 0.0 0.380078125 0.0 0.065625
228 0.0 0.5505859375 0.0 0.767578125
230 0.5 0.48359375 1.0 0.9015625
7 0.4166666666666667 0.6390625 0.0 0.0
6 0.9076388888888889 0.882421875 0.03333333333333333 0.01875
32 0.9076388888888889 0.882421875 0.10694444444444444 0.06015625
38 0.0 0.1189453125 0.0 0.172265625
50 0.0 0.424609375 0.0 0.0234375
82 0.0 0.469140625 0.0 0.065625
82 0.0 0.600390625 0.0 0.065625
82 0.0 0.666015625 0.0 0.065625
113 0.0 0.4671875 0.0 0.934375
4 0.5 0.9671875 1.0 0.065625
5 0.5 0.5 1.0 1.0
