220 0.0 0.0328125 0.0 0.0
221 0.5 0.48359375 1.0 0.9015625
220 0.10694444444444444 0.07578125 0.04861111111111111 0.02734375
43 0.03888888888888889 0.058984375 0.0 0.0
38 0.9076388888888889 0.09140625 0.058333333333333334 0.0328125
38 0.4996527777777778 0.0787109375 0.6479166666666667 0.048046875
43 0.5072916666666667 0.1439453125 0.7659722222222223 0.041015625
43 0.5 0.07109375 1.0 0.0765625
4 0.12152777777777778 0.0916015625 0.24305555555555555 0.117578125
4 0.5 0.0916015625 0.5138888888888888 0.117578125
4 0.8784722222222222 0.0916015625 0.24305555555555555 0.117578125
38 0.5 0.865625 1.0 0.00078125
16 0.0 0.865234375 0.0 0.0
50 0.0 0.150390625 0.0 0.0
8 0.5 0.5078125 1.0 0.71484375
38 0.0 0.1326171875 0.0 0.199609375
16 0.0 0.2625 0.0 0.06015625
16 0.0 0.32421875 0.0 0.06015625
16 0.0 0.387890625 0.0 0.06015625
16 0.0 0.449609375 0.0 0.06015625
16 0.0 0.511328125 0.0 0.06015625
16 0.0 0.573046875 0.0 0.06015625
16 0.0 0.63671875 0.0 0.06015625
10 0.0 0.5833984375 0.0 0.701953125
16 0.0 0.48359375 0.0 0.9015625
16 0.5 0.1439453125 1.0 0.066015625
4 0.0 0.1109375 0.0 0.0
38 0.0875 0.1453125 0.04861111111111111 0.02734375
8 0.5194444444444445 0.1439453125 0.9611111111111111 0.066015625
38 0.03888888888888889 0.177734375 0.0 0.0
43 0.47673611111111114 0.2107421875 0.8270833333333333 0.041015625
8 0.5194444444444445 0.2107421875 0.9611111111111111 0.066015625
16 0.5 0.177734375 1.0 0.13359375
231 0.5 0.2578125 1.0 0.02734375
71 0.5 0.3091796875 1.0 0.073828125
4 0.5 0.9671875 1.0 0.065625
4 0.5 0.01640625 1.0 0.0328125
5 0.5 0.5 1.0 1.0
