220 0.0 0.0328125 0.0 0.0
221 0.5 0.48359375 1.0 0.9015625
220 0.10694444444444444 0.07578125 0.04861111111111111 0.02734375
43 0.03888888888888889 0.058984375 0.0 0.0
38 0.9076388888888889 0.09140625 0.058333333333333334 0.0328125
38 0.4996527777777778 0.0787109375 0.6479166666666667 0.048046875
43 0.5 0.115625 0.7666666666666667 0.02578125
8 0.5 0.0875 1.0 0.109375
4 0.12152777777777778 0.0916015625 0.24305555555555555 0.117578125
4 0.5 0.0916015625 0.5138888888888888 0.117578125
4 0.8784722222222222 0.0916015625 0.24305555555555555 0.117578125
38 0.5 0.865625 1.0 0.00078125
16 0.0 0.865234375 0.0 0.0
50 0.0 0.150390625 0.0 0.0
8 0.5 0.5078125 1.0 0.71484375
38 0.0 0.1326171875 0.0 0.199609375
16 0.0 0.2625 0.0 0.06015625
43 0.0 0.31953125 0.0 0.0
16 0.0 0.3859375 0.0 0.06015625
16 0.0 0.449609375 0.0 0.06015625
16 0.0 0.511328125 0.0 0.06015625
16 0.0 0.573046875 0.0 0.06015625
16 0.0 0.634765625 0.0 0.06015625
16 0.0 0.6984375 0.0 0.06015625
10 0.0 0.5833984375 0.0 0.701953125
16 0.0 0.48359375 0.0 0.9015625
43 0.5 0.0626953125 0.4930555555555556 0.032421875
43 0.4996527777777778 0.0935546875 0.35625 0.029296875
209 0.5 0.173046875 1.0 0.05859375
209 0.5 0.231640625 1.0 0.05859375
209 0.5 0.290234375 1.0 0.05859375
43 0.5 0.34609375 1.0 0.05
43 0.5 0.42265625 1.0 0.0890625
43 0.5 0.51171875 1.0 0.0890625
43 0.5 0.60078125 1.0 0.0890625
16 0.5 0.482421875 1.0 0.32578125
16 0.5 0.39453125 1.0 0.5015625
4 0.5 0.9671875 1.0 0.065625
4 0.5 0.01640625 1.0 0.0328125
5 0.5 0.5 1.0 1.0
