61 0.0 0.0328125 0.0 0.0
232 0.1423611111111111 0.14765625 0.2847222222222222 0.0765625
232 0.40694444444444444 0.14765625 0.24444444444444444 0.0765625
232 0.6454861111111111 0.14765625 0.2326388888888889 0.0765625
232 0.8809027777777778 0.14765625 0.23819444444444443 0.0765625
233 0.5 0.14765625 1.0 0.0765625
16 0.0 0.1859375 0.0 0.0
19 0.4996527777777778 0.5599609375 0.12152777777777778 0.068359375
103 0.5 0.56015625 1.0 0.7484375
194 0.5 0.1859375 0.09722222222222222 0.0
234 0.21458333333333332 0.2634765625 0.38055555555555554 0.127734375
16 0.6902777777777778 0.2515625 0.5708333333333333 0.10390625
232 0.6902777777777778 0.2900390625 0.5708333333333333 0.026953125
235 0.5 0.2642578125 1.0 0.156640625
4 0.0 0.341015625 0.0 0.0
16 0.5 0.341796875 1.0 0.0015625
234 0.21458333333333332 0.4197265625 0.38055555555555554 0.127734375
16 0.6902777777777778 0.4078125 0.5708333333333333 0.10390625
232 0.6902777777777778 0.4462890625 0.5708333333333333 0.026953125
235 0.5 0.4205078125 1.0 0.156640625
4 0.0 0.497265625 0.0 0.0
16 0.5 0.498046875 1.0 0.0015625
234 0.21458333333333332 0.5318359375 0.38055555555555554 0.039453125
16 0.6902777777777778 0.5640625 0.5708333333333333 0.10390625
232 0.6902777777777778 0.6025390625 0.5708333333333333 0.026953125
236 0.5 0.56484375 1.0 0.1328125
4 0.0 0.6296875 0.0 0.0
16 0.5 0.63046875 1.0 0.0015625
234 0.21458333333333332 0.7083984375 0.38055555555555554 0.127734375
16 0.6902777777777778 0.7130859375 0.5708333333333333 0.137109375
232 0.6902777777777778 0.7681640625 0.5708333333333333 0.026953125
235 0.5 0.7138671875 1.0 0.166015625
4 0.0 0.7953125 0.0 0.0
16 0.5 0.79609375 1.0 0.0015625
234 0.21458333333333332 0.872265625 0.38055555555555554 0.12421875
16 0.6902777777777778 0.862109375 0.5708333333333333 0.10390625
232 0.6902777777777778 0.9005859375 0.5708333333333333 0.026953125
235 0.5 0.8654296875 1.0 0.137890625
4 0.0 0.94296875 0.0 0.0171875
16 0.5 0.94296875 1.0 0.0171875
16 1.0 0.1859375 0.0 0.0
103 1.0 0.56015625 0.0 0.7484375
179 0.5 0.4671875 1.0 0.934375
52 0.06805555555555555 0.07109375 0.1361111111111111 0.0765625
7 0.1361111111111111 0.0708984375 0.0 0.036328125
8 0.5680555555555555 0.0708984375 0.8638888888888889 0.052734375
45 1.0 0.07109375 0.0 0.0765625
74 0.5 0.07109375 1.0 0.0765625
4 0.5 0.01640625 1.0 0.0328125
