7 0.0 0.0984375 0.0 0.0
7 0.38055555555555554 0.122265625 0.7222222222222222 0.04765625
7 0.246875 0.1626953125 0.4548611111111111 0.033203125
7 0.6006944444444444 0.1626953125 0.25277777777777777 0.033203125
7 0.7524305555555556 0.1626953125 0.050694444444444445 0.033203125
7 0.8791666666666667 0.1626953125 0.20277777777777778 0.033203125
16 0.5 0.1626953125 1.0 0.033203125
237 0.246875 0.212109375 0.4548611111111111 0.065625
237 0.6006944444444444 0.212109375 0.25277777777777777 0.065625
114 0.8791666666666667 0.212109375 0.20277777777777778 0.065625
16 0.5 0.212109375 1.0 0.065625
237 0.246875 0.278515625 0.4548611111111111 0.065625
237 0.6006944444444444 0.278515625 0.25277777777777777 0.065625
4 0.7524305555555556 0.245703125 0.050694444444444445 0.0
114 0.8791666666666667 0.278515625 0.20277777777777778 0.065625
16 0.5 0.278515625 1.0 0.065625
237 0.246875 0.344921875 0.4548611111111111 0.065625
237 0.6006944444444444 0.344921875 0.25277777777777777 0.065625
4 0.7524305555555556 0.312109375 0.050694444444444445 0.0
114 0.8791666666666667 0.344921875 0.20277777777777778 0.065625
16 0.5 0.344921875 1.0 0.065625
237 0.246875 0.411328125 0.4548611111111111 0.065625
237 0.6006944444444444 0.411328125 0.25277777777777777 0.065625
4 0.7524305555555556 0.378515625 0.050694444444444445 0.0
114 0.8791666666666667 0.411328125 0.20277777777777778 0.065625
16 0.5 0.411328125 1.0 0.065625
237 0.246875 0.477734375 0.4548611111111111 0.065625
237 0.6006944444444444 0.477734375 0.25277777777777777 0.065625
4 0.7524305555555556 0.444921875 0.050694444444444445 0.0
114 0.8791666666666667 0.477734375 0.20277777777777778 0.065625
16 0.5 0.477734375 1.0 0.065625
10 0.5 0.5044921875 1.0 0.650390625
7 0.5 0.8435546875 0.9611111111111111 0.027734375
16 0.5 0.9015625 1.0 0.065625
8 0.5 0.51640625 1.0 0.8359375
57 0.0 0.0328125 0.0 0.0
54 0.06875 0.065625 0.09722222222222222 0.065625
16 0.23680555555555555 0.0654296875 0.2388888888888889 0.033203125
7 0.11736111111111111 0.048828125 0.0 0.0
16 0.18819444444444444 0.065625 0.33611111111111114 0.065625
91 0.9319444444444445 0.065625 0.1361111111111111 0.065625
56 0.5 0.065625 1.0 0.065625
56 0.0 0.0 0.0 0.0
53 0.5 0.4671875 1.0 0.934375
