38 0.0 0.0328125 0.0 0.0
38 0.1 0.07109375 0.058333333333333334 0.0328125
243 0.1 0.07109375 0.2 0.0765625
38 0.2 0.0328125 0.0 0.0
38 0.3 0.07109375 0.058333333333333334 0.0328125
243 0.3 0.07109375 0.2 0.0765625
38 0.4 0.0328125 0.0 0.0
38 0.5 0.07109375 0.09027777777777778 0.05078125
243 0.5 0.07109375 0.2 0.0765625
38 0.6 0.0328125 0.0 0.0
38 0.7 0.07109375 0.058333333333333334 0.0328125
243 0.7 0.07109375 0.2 0.0765625
38 0.8 0.0328125 0.0 0.0
38 0.9 0.07109375 0.058333333333333334 0.0328125
243 0.9 0.07109375 0.2 0.0765625
26 0.5 0.07109375 1.0 0.0765625
38 0.3857638888888889 0.8578125 0.20902777777777778 0.13125
38 0.6142361111111111 0.8578125 0.20902777777777778 0.13125
16 0.5 0.8578125 0.4375 0.153125
38 0.20590277777777777 0.8208984375 0.12152777777777778 0.068359375
38 0.7940972222222222 0.8208984375 0.12152777777777778 0.068359375
8 0.5 0.8578125 1.0 0.153125
38 0.7815972222222223 0.6931640625 0.04652777777777778 0.026171875
38 0.8767361111111112 0.6931640625 0.04652777777777778 0.026171875
38 0.08993055555555556 0.7095703125 0.024305555555555556 0.020703125
43 0.16875 0.709765625 0.11388888888888889 0.02578125
16 0.39861111111111114 0.693359375 0.6416666666666667 0.05859375
43 0.18541666666666667 0.7240234375 0.10833333333333334 0.024609375
8 0.5 0.693359375 0.8833333333333333 0.08046875
244 0.5 0.4197265625 0.8597222222222223 0.483984375
38 0.06944444444444445 0.17734375 0.0 0.0
8 0.5 0.4453125 0.8833333333333333 0.64453125
38 0.058333333333333334 0.156640625 0.0 0.0
38 0.1 0.7166015625 0.02361111111111111 0.019921875
16 0.8305555555555556 0.693359375 0.18333333333333332 0.02734375
43 0.058333333333333334 0.123046875 0.0 0.0
245 0.5 0.4453125 1.0 0.64453125
43 0.9125 0.69453125 0.019444444444444445 0.025
244 0.5 0.405078125 0.8819444444444444 0.49609375
38 0.0 0.109375 0.0 0.0
139 0.5 0.48359375 1.0 0.9015625
5 0.5 0.5 1.0 1.0
4 0.5 0.9671875 1.0 0.065625
4 0.5 0.01640625 1.0 0.0328125
