17 0.0 0.0328125 0.0 0.0
34 0.5 0.48359375 1.0 0.9015625
117 0.5 0.8865234375 0.7777777777777778 0.068359375
89 0.5 0.8865234375 1.0 0.068359375
38 0.9388888888888889 0.0671875 0.09722222222222222 0.0546875
38 0.4996527777777778 0.118359375 0.5965277777777778 0.059375
43 0.4996527777777778 0.1181640625 0.21458333333333332 0.033203125
8 0.5 0.118359375 1.0 0.17109375
38 0.1642361111111111 0.2552734375 0.18263888888888888 0.102734375
43 0.30868055555555557 0.2248046875 0.05763888888888889 0.027734375
38 0.6034722222222222 0.2658203125 0.55 0.040234375
8 0.5 0.2552734375 0.8541666666666666 0.102734375
38 0.1642361111111111 0.3595703125 0.18263888888888888 0.102734375
43 0.4423611111111111 0.3291015625 0.325 0.027734375
38 0.6034722222222222 0.3701171875 0.55 0.040234375
8 0.5 0.3595703125 0.8541666666666666 0.102734375
38 0.1642361111111111 0.4638671875 0.18263888888888888 0.102734375
43 0.33784722222222224 0.4333984375 0.11597222222222223 0.027734375
38 0.6034722222222222 0.4744140625 0.55 0.040234375
8 0.5 0.4638671875 0.8541666666666666 0.102734375
38 0.1642361111111111 0.5681640625 0.18263888888888888 0.102734375
43 0.36909722222222224 0.5376953125 0.17847222222222223 0.027734375
38 0.6034722222222222 0.5787109375 0.55 0.040234375
8 0.5 0.5681640625 0.8541666666666666 0.102734375
38 0.1642361111111111 0.6724609375 0.18263888888888888 0.102734375
43 0.36493055555555554 0.6419921875 0.1701388888888889 0.027734375
38 0.6034722222222222 0.6830078125 0.55 0.040234375
8 0.5 0.6724609375 0.8541666666666666 0.102734375
38 0.1642361111111111 0.7751953125 0.18263888888888888 0.099609375
43 0.35659722222222223 0.7462890625 0.15347222222222223 0.027734375
38 0.6034722222222222 0.7873046875 0.55 0.040234375
8 0.5 0.7751953125 0.8541666666666666 0.099609375
10 0.5 0.514453125 0.8541666666666666 0.62109375
4 0.5 0.9671875 1.0 0.065625
4 0.5 0.01640625 1.0 0.0328125
5 0.5 0.5 1.0 1.0
