0 0.0 0.0 0.0 0.0
16 0.115625 0.063671875 0.23125 0.06171875
114 0.17048611111111112 0.063671875 0.12152777777777778 0.06171875
246 0.5059027777777778 0.063671875 0.13680555555555557 0.06171875
16 0.5059027777777778 0.063671875 0.5493055555555556 0.06171875
114 0.8354166666666667 0.063671875 0.10972222222222222 0.06171875
16 0.9451388888888889 0.063671875 0.10972222222222222 0.06171875
16 0.615625 0.063671875 0.76875 0.06171875
247 0.5 0.063671875 1.0 0.06171875
248 0.5 0.48359375 1.0 0.9015625
249 0.5 0.107421875 1.0 0.02578125
250 0.5 0.1677734375 1.0 0.067578125
246 0.5 0.3134765625 1.0 0.196484375
246 0.50625 0.4572265625 0.9875 0.036328125
246 0.5 0.4935546875 1.0 0.036328125
8 0.5 0.316015625 1.0 0.39140625
250 0.5 0.5630859375 1.0 0.067578125
246 0.5 0.6927734375 1.0 0.164453125
246 0.50625 0.8205078125 0.9875 0.036328125
246 0.5 0.8568359375 1.0 0.036328125
8 0.5 0.6953125 1.0 0.359375
250 0.5 0.9134765625 1.0 0.041796875
246 0.5 0.9541015625 1.0 0.039453125
251 0.0 0.1263671875 0.0 0.063671875
252 0.0 0.1978515625 0.0 0.077734375
252 0.0 0.2763671875 0.0 0.077734375
252 0.0 0.3548828125 0.0 0.077734375
252 0.0 0.4333984375 0.0 0.077734375
251 0.0 0.5048828125 0.0 0.063671875
251 0.0 0.5693359375 0.0 0.063671875
251 0.0 0.6337890625 0.0 0.063671875
253 0.0 0.514453125 0.0 0.83984375
5 0.5 0.4671875 1.0 0.934375
