17 0.0 0.0 0.0 0.0
4 0.5 0.0328125 1.0 0.0
18 0.5 0.2296875 1.0 0.39375
80 0.5 0.10390625 1.0 0.1421875
26 0.5 0.39375 1.0 0.065625
21 0.5 0.190234375 0.20694444444444443 0.11640625
254 0.5 0.328125 0.13194444444444445 0.04140625
16 0.5 0.2404296875 1.0 0.216796875
255 0.06805555555555555 0.07109375 0.1361111111111111 0.0765625
254 0.1361111111111111 0.1037109375 0.0 0.034765625
22 0.9416666666666667 0.07109375 0.11666666666666667 0.065625
4 0.5097222222222222 0.10390625 0.7472222222222222 0.1421875
8 0.0 0.3390625 0.0 0.065625
243 0.1125 0.39375 0.225 0.065625
21 0.225 0.3609375 0.0 0.0
243 0.35659722222222223 0.39375 0.26319444444444445 0.065625
21 0.48819444444444443 0.3609375 0.0 0.0
243 0.5961805555555556 0.39375 0.21597222222222223 0.065625
21 0.7041666666666667 0.3609375 0.0 0.0
243 0.7916666666666666 0.39375 0.175 0.065625
21 0.8791666666666667 0.3609375 0.0 0.0
243 0.9395833333333333 0.39375 0.12083333333333333 0.065625
19 0.5 0.80625 0.11666666666666667 0.065625
8 0.0 0.4046875 0.0 0.065625
104 0.5 0.4265625 0.09722222222222222 0.0
254 0.13402777777777777 0.476171875 0.19444444444444445 0.0296875
254 0.9631944444444445 0.4759765625 0.0 0.027734375
8 0.5 0.476171875 1.0 0.07109375
256 0.0 0.52578125 0.0 0.0
21 0.18958333333333333 0.5841796875 0.3597222222222222 0.075390625
257 0.18958333333333333 0.6560546875 0.3597222222222222 0.041015625
254 0.4239583333333333 0.5814453125 0.0798611111111111 0.069921875
16 0.646875 0.5841796875 0.034027777777777775 0.075390625
21 0.8270833333333333 0.5841796875 0.3263888888888889 0.075390625
257 0.8270833333333333 0.6560546875 0.3263888888888889 0.041015625
258 0.3840277777777778 0.546484375 0.0 0.0
254 0.5020833333333333 0.5814453125 0.0763888888888889 0.069921875
254 0.5777777777777777 0.5814453125 0.075 0.069921875
259 0.4996527777777778 0.5814453125 0.23125 0.069921875
254 0.4996527777777778 0.646484375 0.12013888888888889 0.06015625
260 0.25 0.73359375 0.4263888888888889 0.02421875
260 0.75 0.709375 0.4263888888888889 0.02421875
16 0.5 0.738671875 1.0 0.0828125
261 0.5 0.6529296875 1.0 0.254296875
16 0.5 0.825 1.0 0.08984375
262 0.5 0.9021484375 1.0 0.064453125
71 0.22118055555555555 0.9021484375 0.4423611111111111 0.064453125
254 1.0 0.893359375 0.0 0.07109375
263 0.5 0.730078125 1.0 0.40859375
254 0.1371527777777778 0.95234375 0.20069444444444445 0.0359375
264 1.0 0.938671875 0.0 0.00859375
8 0.5 0.9419921875 1.0 0.015234375
265 0.5 0.68046875 1.0 0.5078125
16 1.0 0.4265625 0.0 0.0
254 1.0 0.476171875 0.0 0.07109375
264 1.0 0.684765625 0.0 0.31796875
4 1.0 0.7244140625 0.0 0.238671875
103 1.0 0.68046875 0.0 0.5078125
34 0.5 0.4671875 1.0 0.934375
50 0.0 0.0546875 0.0 0.109375
8 0.0 0.1421875 0.0 0.065625
8 0.0 0.2078125 0.0 0.065625
8 0.0 0.2734375 0.0 0.065625
8 0.0 0.4703125 0.0 0.065625
8 0.0 0.6015625 0.0 0.065625
8 0.0 0.6671875 0.0 0.065625
8 0.0 0.7328125 0.0 0.065625
8 0.0 0.7984375 0.0 0.065625
266 0.0 0.4671875 0.0 0.934375
21 0.0 0.866015625 0.0 0.13671875
4 0.5 0.9671875 1.0 0.065625
5 0.5 0.5 1.0 1.0
