48 0.1111111111111111 0.21640625 0.0 0.0
7 0.5024305555555556 0.2767578125 0.70625 0.068359375
7 0.5024305555555556 0.3458984375 0.70625 0.068359375
7 0.5024305555555556 0.4150390625 0.70625 0.068359375
7 0.5024305555555556 0.4841796875 0.70625 0.068359375
7 0.5024305555555556 0.5533203125 0.70625 0.068359375
7 0.5024305555555556 0.6224609375 0.70625 0.068359375
7 0.5024305555555556 0.6916015625 0.70625 0.068359375
49 0.5024305555555556 0.4841796875 0.70625 0.483203125
5 0.5 0.48359375 0.7777777777777778 0.534375
