17 0.0 0.0328125 0.0 0.0
272 0.28125 0.07109375 0.2902777777777778 0.02734375
52 0.06805555555555555 0.07109375 0.1361111111111111 0.0765625
45 1.0 0.07109375 0.0 0.0765625
80 0.5 0.07109375 1.0 0.0765625
43 0.5 0.1482421875 0.8416666666666667 0.023828125
43 0.5 0.228515625 0.5166666666666667 0.0828125
38 0.5 0.31640625 0.9361111111111111 0.02890625
43 0.2420138888888889 0.373828125 0.3701388888888889 0.021875
144 0.5 0.4248046875 0.8861111111111111 0.062109375
43 0.03194444444444444 0.12734375 0.0 0.0
43 0.10625 0.484765625 0.09861111111111111 0.021875
144 0.5 0.5353515625 0.8861111111111111 0.061328125
43 0.1267361111111111 0.594921875 0.13958333333333334 0.021875
172 0.2482638888888889 0.65546875 0.38263888888888886 0.07109375
4 0.48125 0.65546875 0.08333333333333333 0.04453125
172 0.7329861111111111 0.65546875 0.4201388888888889 0.07109375
273 0.5 0.65546875 0.8861111111111111 0.07109375
43 0.17916666666666667 0.719921875 0.24444444444444444 0.021875
144 0.5 0.7708984375 0.8861111111111111 0.062109375
43 0.13402777777777777 0.830859375 0.15416666666666667 0.021875
144 0.5 0.8818359375 0.8861111111111111 0.062109375
43 0.2013888888888889 0.9326171875 0.28888888888888886 0.003515625
144 0.5 0.948046875 0.8861111111111111 0.02734375
16 0.5 0.521875 1.0 0.825
139 0.5 0.48359375 1.0 0.9015625
50 1.0 0.48359375 0.0 0.9015625
4 0.5 0.9671875 1.0 0.065625
4 0.5 0.01640625 1.0 0.0328125
5 0.5 0.5 1.0 1.0
