69 0.08576388888888889 0.0828125 0.13402777777777777 0.06015625
8 0.278125 0.11015625 0.55625 0.1546875
8 0.278125 0.2251953125 0.55625 0.072265625
7 0.010069444444444445 0.2251953125 0.02013888888888889 0.072265625
8 0.278125 0.2974609375 0.55625 0.072265625
6 0.4809027777777778 0.2974609375 0.15069444444444444 0.013671875
8 0.278125 0.36640625 0.55625 0.065625
8 0.278125 0.43203125 0.55625 0.065625
8 0.278125 0.49765625 0.55625 0.065625
8 0.278125 0.56328125 0.55625 0.065625
8 0.278125 0.62890625 0.55625 0.065625
8 0.278125 0.69453125 0.55625 0.065625
8 0.278125 0.76015625 0.55625 0.065625
8 0.278125 0.8291015625 0.55625 0.072265625
7 0.005902777777777778 0.8291015625 0.011805555555555555 0.072265625
8 0.278125 0.8998046875 0.55625 0.069140625
4 0.278125 0.9357421875 0.55625 0.002734375
274 0.278125 0.56171875 0.55625 0.7453125
8 0.278125 0.48359375 0.55625 0.9015625
11 0.5 0.48359375 1.0 0.9015625
8 0.0 0.0984375 0.0 0.0
56 0.5 0.065625 1.0 0.065625
69 0.5 0.25703125 1.0 0.31640625
6 0.5 0.2568359375 0.2222222222222222 0.100390625
4 0.5 0.4154296875 1.0 0.000390625
8 0.5 0.4703125 0.9847222222222223 0.10078125
7 0.007638888888888889 0.419921875 0.0 0.0
8 0.5 0.53046875 1.0 0.0109375
16 0.5 0.3171875 1.0 0.4375
8 0.30972222222222223 0.58046875 0.6194444444444445 0.0890625
69 0.7319444444444444 0.5875 0.1125 0.06328125
7 0.8680555555555556 0.58046875 0.15 0.0546875
16 0.8097222222222222 0.58046875 0.38055555555555554 0.0890625
8 0.5 0.611328125 1.0 0.0109375
16 0.5 0.63046875 1.0 0.0109375
69 0.16527777777777777 0.6734375 0.2916666666666667 0.10859375
275 0.6458333333333334 0.6734375 0.6208333333333333 0.059375
16 0.5 0.67890625 1.0 0.12421875
16 0.5 0.734375 1.0 0.0109375
69 0.16527777777777777 0.79765625 0.2916666666666667 0.10859375
275 0.6458333333333334 0.79765625 0.6208333333333333 0.08125
16 0.5 0.803125 1.0 0.12421875
195 0.5 0.9001953125 1.0 0.068359375
276 0.5 0.4822265625 1.0 0.767578125
7 0.2125 0.1513671875 0.35138888888888886 0.064453125
7 0.5 0.25234375 0.9263888888888889 0.1375
7 0.459375 0.5814453125 0.8729166666666667 0.031640625
8 0.5 0.5107421875 0.9847222222222223 0.181640625
16 0.5 0.3576171875 1.0 0.518359375
69 0.16527777777777777 0.866796875 0.2916666666666667 0.0015625
275 0.6458333333333334 0.8791015625 0.6208333333333333 0.026171875
16 0.5 0.9216796875 1.0 0.111328125
117 0.5 0.9001953125 0.7777777777777778 0.068359375
54 0.0 0.0328125 0.0 0.0
6 0.04618055555555556 0.0654296875 0.09236111111111112 0.051953125
6 0.5 0.065625 0.49027777777777776 0.065625
50 0.9315972222222222 0.0654296875 0.08819444444444445 0.049609375
55 1.0 0.065625 0.0 0.065625
