38 0.03888888888888889 0.20703125 0.0 0.0
277 0.5 0.2482421875 0.8055555555555556 0.033203125
16 0.5 0.2359375 0.9222222222222223 0.0578125
38 0.5 0.34140625 0.19444444444444445 0.109375
43 0.3993055555555556 0.4490234375 0.6041666666666666 0.040234375
43 0.2635416666666667 0.50390625 0.3326388888888889 0.02578125
43 0.20277777777777778 0.5515625 0.2111111111111111 0.02578125
43 0.5 0.6240234375 0.8055555555555556 0.075390625
8 0.5 0.47421875 0.9222222222222223 0.41875
71 0.03888888888888889 0.68359375 0.0 0.0
158 0.40868055555555555 0.7546875 0.68125 0.0
71 0.840625 0.721875 0.18263888888888888 0.065625
278 0.5 0.721875 0.9222222222222223 0.0765625
139 0.5 0.48359375 0.9222222222222223 0.553125
5 0.5 0.48359375 1.0 0.596875
