280 0.0 0.0328125 0.0 0.0
44 0.10520833333333333 0.07109375 0.21041666666666667 0.0765625
22 0.8055555555555556 0.07109375 0.11666666666666667 0.065625
281 0.9489583333333333 0.0630859375 0.04375 0.024609375
45 0.8736111111111111 0.07109375 0.25277777777777777 0.0765625
80 0.5 0.07109375 1.0 0.0765625
6 0.029166666666666667 0.14609375 0.058333333333333334 0.0734375
6 0.16770833333333332 0.14609375 0.21875 0.0734375
6 0.38645833333333335 0.14609375 0.21875 0.0734375
6 0.6052083333333333 0.14609375 0.21875 0.0734375
6 0.8239583333333333 0.14609375 0.21875 0.0734375
6 0.9666666666666667 0.14609375 0.06666666666666667 0.0734375
282 0.5 0.14609375 1.0 0.0734375
16 0.0 0.55859375 0.0 0.7515625
38 0.5 0.55859375 0.6611111111111111 0.44375
106 0.5 0.55859375 1.0 0.7515625
283 0.5 0.333984375 0.975 0.30234375
284 0.25625 0.5068359375 0.4625 0.043359375
38 0.25625 0.672265625 0.4625 0.26015625
284 0.74375 0.5068359375 0.4625 0.043359375
38 0.74375 0.672265625 0.4625 0.26015625
284 0.25625 0.8376953125 0.4625 0.043359375
38 0.25625 0.9037109375 0.4625 0.061328125
284 0.74375 0.8376953125 0.4625 0.043359375
38 0.74375 0.9037109375 0.4625 0.061328125
285 1.0 0.312890625 0.0 0.21875
280 1.0 0.5671875 0.0 0.03125
286 1.0 0.396484375 0.0 0.42734375
281 1.0 0.61015625 0.0 0.0
16 1.0 0.7171875 0.0 0.2140625
106 1.0 0.55859375 0.0 0.7515625
8 1.0 0.2005859375 0.0 0.035546875
139 0.5 0.48359375 1.0 0.9015625
4 0.5 0.9671875 1.0 0.065625
4 0.5 0.01640625 1.0 0.0328125
5 0.5 0.5 1.0 1.0
