8 0.5 0.51640625 1.0 0.8359375
7 0.0 0.0984375 0.0 0.0
6 0.12083333333333333 0.1326171875 0.24166666666666667 0.068359375
7 0.5 0.1326171875 0.3333333333333333 0.068359375
6 0.8795138888888889 0.1326171875 0.24097222222222223 0.068359375
7 1.0 0.1326171875 0.0 0.068359375
213 0.5 0.1326171875 1.0 0.068359375
287 0.13368055555555555 0.89609375 0.2673611111111111 0.0765625
287 0.41423611111111114 0.89609375 0.29375 0.0765625
287 0.7079861111111111 0.89609375 0.29375 0.0765625
287 0.9277777777777778 0.89609375 0.14444444444444443 0.0765625
288 0.5 0.89609375 1.0 0.0765625
112 0.5 0.8236328125 0.7777777777777778 0.068359375
195 0.5 0.8236328125 1.0 0.068359375
9 0.0 0.201171875 0.0 0.0
8 0.0 0.24296875 0.0 0.08203125
8 0.0 0.32578125 0.0 0.08203125
8 0.0 0.40859375 0.0 0.08203125
8 0.0 0.49140625 0.0 0.08203125
8 0.0 0.57421875 0.0 0.08203125
50 0.0 0.616015625 0.0 0.0
13 0.0 0.4953125 0.0 0.58828125
19 0.5 0.23515625 0.24305555555555555 0.13671875
9 0.5 0.201171875 1.0 0.0
50 0.084375 0.19296875 0.052083333333333336 0.01640625
16 0.5 0.1919921875 0.27361111111111114 0.018359375
7 0.36319444444444443 0.1771484375 0.0 0.048046875
7 0.09236111111111112 0.255859375 0.12638888888888888 0.02578125
16 0.09270833333333334 0.24296875 0.18541666666666667 0.08203125
289 0.2777777777777778 0.256640625 0.04861111111111111 0.02734375
7 0.5194444444444445 0.256640625 0.43472222222222223 0.02734375
7 0.7975694444444444 0.256640625 0.12152777777777778 0.02734375
8 0.5559027777777777 0.256640625 0.6048611111111111 0.02734375
16 0.55625 0.24296875 0.7416666666666667 0.08203125
6 0.9454861111111111 0.2427734375 0.03680555555555556 0.020703125
8 1.0 0.24296875 0.0 0.08203125
8 0.5 0.24296875 1.0 0.08203125
7 0.0 0.284765625 0.0 0.0
7 0.09236111111111112 0.338671875 0.12638888888888888 0.02578125
16 0.09270833333333334 0.32578125 0.18541666666666667 0.08203125
289 0.2777777777777778 0.339453125 0.04861111111111111 0.02734375
7 0.5194444444444445 0.339453125 0.43472222222222223 0.02734375
7 0.7975694444444444 0.339453125 0.12152777777777778 0.02734375
8 0.5559027777777777 0.339453125 0.6048611111111111 0.02734375
16 0.55625 0.32578125 0.7416666666666667 0.08203125
6 0.9454861111111111 0.3255859375 0.03680555555555556 0.020703125
8 1.0 0.32578125 0.0 0.08203125
8 0.5 0.32578125 1.0 0.08203125
7 0.0 0.367578125 0.0 0.0
7 0.09236111111111112 0.421484375 0.12638888888888888 0.02578125
16 0.09270833333333334 0.40859375 0.18541666666666667 0.08203125
289 0.2777777777777778 0.422265625 0.04861111111111111 0.02734375
7 0.5194444444444445 0.422265625 0.43472222222222223 0.02734375
7 0.7975694444444444 0.422265625 0.12152777777777778 0.02734375
8 0.27361111111111114 0.03828125 0.04027777777777778 0.0765625
8 0.5559027777777777 0.422265625 0.6048611111111111 0.02734375
16 0.09270833333333334 0.0 0.18541666666666667 0.0
6 0.9454861111111111 0.4083984375 0.03680555555555556 0.020703125
8 1.0 0.40859375 0.0 0.08203125
8 0.5 0.40859375 1.0 0.08203125
7 0.0 0.450390625 0.0 0.0
7 0.09270833333333334 0.504296875 0.12708333333333333 0.02578125
16 0.09270833333333334 0.49140625 0.18541666666666667 0.08203125
289 0.2777777777777778 0.505078125 0.04861111111111111 0.02734375
7 0.5194444444444445 0.505078125 0.43472222222222223 0.02734375
7 0.7975694444444444 0.505078125 0.12152777777777778 0.02734375
8 0.5559027777777777 0.505078125 0.6048611111111111 0.02734375
16 0.55625 0.49140625 0.7416666666666667 0.08203125
6 0.9454861111111111 0.4912109375 0.03680555555555556 0.020703125
16 0.9635416666666666 0.49140625 0.07291666666666667 0.08203125
8 0.5 0.49140625 1.0 0.08203125
7 0.0 0.533203125 0.0 0.0
7 0.09270833333333334 0.587109375 0.12708333333333333 0.02578125
16 0.09270833333333334 0.57421875 0.18541666666666667 0.08203125
289 0.2777777777777778 0.593359375 0.04861111111111111 0.02734375
7 0.5194444444444445 0.587890625 0.43472222222222223 0.02734375
7 0.7975694444444444 0.587890625 0.12152777777777778 0.02734375
8 0.5559027777777777 0.587890625 0.6048611111111111 0.02734375
16 0.55625 0.57421875 0.7416666666666667 0.08203125
6 0.9454861111111111 0.5740234375 0.03680555555555556 0.020703125
16 0.9635416666666666 0.57421875 0.07291666666666667 0.08203125
8 0.5 0.57421875 1.0 0.08203125
7 0.09270833333333334 0.669921875 0.12708333333333333 0.02578125
16 0.09270833333333334 0.65703125 0.18541666666666667 0.08203125
289 0.2777777777777778 0.670703125 0.04861111111111111 0.02734375
7 0.5194444444444445 0.670703125 0.43472222222222223 0.02734375
7 0.7975694444444444 0.670703125 0.12152777777777778 0.02734375
8 0.5559027777777777 0.670703125 0.6048611111111111 0.02734375
16 0.55625 0.65703125 0.7416666666666667 0.08203125
6 0.9454861111111111 0.6568359375 0.03680555555555556 0.020703125
16 0.9635416666666666 0.65703125 0.07291666666666667 0.08203125
8 0.5 0.65703125 1.0 0.08203125
7 0.0 0.698828125 0.0 0.0
7 0.09270833333333334 0.752734375 0.12708333333333333 0.02578125
16 0.09270833333333334 0.73984375 0.18541666666666667 0.08203125
7 0.5194444444444445 0.753515625 0.43472222222222223 0.02734375
7 0.7975694444444444 0.753515625 0.12152777777777778 0.02734375
8 0.5559027777777777 0.753515625 0.6048611111111111 0.02734375
289 0.2777777777777778 0.7923828125 0.04861111111111111 0.005859375
16 0.55625 0.73984375 0.7416666666666667 0.08203125
6 0.9454861111111111 0.7396484375 0.03680555555555556 0.020703125
16 0.9635416666666666 0.73984375 0.07291666666666667 0.08203125
8 0.5 0.73984375 1.0 0.08203125
7 0.0 0.781640625 0.0 0.0
16 0.09270833333333334 0.785546875 0.18541666666666667 0.0078125
7 0.5194444444444445 0.8060546875 0.43472222222222223 0.033203125
7 0.7975694444444444 0.8060546875 0.12152777777777778 0.033203125
8 0.5559027777777777 0.8060546875 0.6048611111111111 0.033203125
289 0.2777777777777778 0.8060546875 0.04861111111111111 0.033203125
16 0.55625 0.785546875 0.7416666666666667 0.0078125
16 0.9635416666666666 0.785546875 0.07291666666666667 0.0078125
13 0.5 0.4953125 1.0 0.58828125
9 1.0 0.201171875 0.0 0.0
7 1.0 0.284765625 0.0 0.0
7 1.0 0.367578125 0.0 0.0
9 1.0 0.450390625 0.0 0.0
13 1.0 0.4953125 0.0 0.58828125
57 0.0 0.0328125 0.0 0.0
54 0.09340277777777778 0.065625 0.14652777777777778 0.065625
7 0.2552083333333333 0.0650390625 0.15763888888888888 0.044921875
16 0.3857638888888889 0.065625 0.43819444444444444 0.065625
143 0.7958333333333333 0.065625 0.1361111111111111 0.065625
143 0.9319444444444445 0.065625 0.1361111111111111 0.065625
56 0.5 0.065625 1.0 0.065625
56 0.0 0.0 0.0 0.0
53 0.5 0.4671875 1.0 0.934375
