290 0.0 0.109375 0.0 0.0
7 0.12465277777777778 0.1421875 0.1326388888888889 0.0296875
7 0.058333333333333334 0.12734375 0.0 0.0
8 0.5097222222222222 0.1421875 0.9027777777777778 0.0296875
16 0.5 0.1421875 1.0 0.065625
6 0.0 0.175 0.0 0.0
7 0.21145833333333333 0.2078125 0.30625 0.0296875
7 0.058333333333333334 0.19296875 0.0 0.0
8 0.5097222222222222 0.2078125 0.9027777777777778 0.0296875
16 0.5 0.2078125 1.0 0.065625
6 0.0 0.240625 0.0 0.0
7 0.16770833333333332 0.2734375 0.21875 0.0296875
7 0.058333333333333334 0.25859375 0.0 0.0
8 0.5097222222222222 0.2734375 0.9027777777777778 0.0296875
16 0.5 0.2734375 1.0 0.065625
6 0.0 0.30625 0.0 0.0
7 0.14444444444444443 0.3390625 0.17222222222222222 0.0296875
7 0.058333333333333334 0.32421875 0.0 0.0
8 0.5097222222222222 0.3390625 0.9027777777777778 0.0296875
16 0.5 0.3390625 1.0 0.065625
6 0.0 0.371875 0.0 0.0
7 0.26944444444444443 0.4046875 0.4222222222222222 0.0296875
7 0.058333333333333334 0.38984375 0.0 0.0
8 0.5097222222222222 0.4046875 0.9027777777777778 0.0296875
16 0.5 0.4046875 1.0 0.065625
6 0.0 0.4375 0.0 0.0
7 0.058333333333333334 0.45546875 0.0 0.0
8 0.5097222222222222 0.4703125 0.9027777777777778 0.0296875
16 0.5 0.4703125 1.0 0.065625
16 0.5 0.521875 1.0 0.825
50 0.5 0.934375 1.0 0.0
52 0.06805555555555555 0.07109375 0.1361111111111111 0.0765625
7 0.23576388888888888 0.0708984375 0.1798611111111111 0.036328125
55 1.0 0.07109375 0.0 0.0765625
56 0.5 0.07109375 1.0 0.0765625
57 0.0 0.0328125 0.0 0.0
53 0.5 0.4671875 1.0 0.934375
4 0.5 0.01640625 1.0 0.0328125
