58 0.6993055555555555 0.10390625 0.5625 0.065625
59 0.41805555555555557 0.07109375 0.0 0.0
58 0.6993055555555555 0.1703125 0.5625 0.065625
7 0.45694444444444443 0.153515625 0.0 0.0
58 0.6993055555555555 0.23671875 0.5625 0.065625
7 0.45694444444444443 0.219921875 0.0 0.0
58 0.6993055555555555 0.303125 0.5625 0.065625
7 0.45694444444444443 0.286328125 0.0 0.0
58 0.6993055555555555 0.36953125 0.5625 0.065625
7 0.45694444444444443 0.352734375 0.0 0.0
58 0.6993055555555555 0.4359375 0.5625 0.065625
7 0.45694444444444443 0.419140625 0.0 0.0
8 0.6604166666666667 0.5021484375 0.40694444444444444 0.033203125
7 0.45694444444444443 0.485546875 0.0 0.0
59 0.9027777777777778 0.50234375 0.07777777777777778 0.04375
58 0.6993055555555555 0.50234375 0.5625 0.065625
58 0.6993055555555555 0.56875 0.5625 0.065625
7 0.45694444444444443 0.551953125 0.0 0.0
60 0.6993055555555555 0.336328125 0.5625 0.53046875
