7 0.4996527777777778 0.1697265625 0.65625 0.041015625
7 0.4996527777777778 0.2361328125 0.65625 0.048046875
16 0.4996527777777778 0.3029296875 0.65625 0.181640625
7 0.4996527777777778 0.4177734375 0.65625 0.048046875
16 0.4996527777777778 0.3064453125 0.65625 0.314453125
291 0.4996527777777778 0.463671875 0.65625 0.0
292 0.4996527777777778 0.6072265625 0.65625 0.287109375
291 0.4996527777777778 0.7322265625 0.65625 0.037109375
293 0.17152777777777778 0.463671875 0.0 0.0
16 0.4996527777777778 0.78515625 0.65625 0.065625
16 0.4996527777777778 0.48359375 0.65625 0.66875
0 0.17152777777777778 0.14921875 0.0 0.0
5 0.4996527777777778 0.48359375 0.7340277777777777 0.7125
