128 0.0 0.0328125 0.0 0.0
7 0.21006944444444445 0.0708984375 0.1284722222222222 0.036328125
52 0.06805555555555555 0.07109375 0.1361111111111111 0.0765625
45 1.0 0.07109375 0.0 0.0765625
118 0.5 0.07109375 1.0 0.0765625
294 0.5 0.4876953125 1.0 0.756640625
6 0.08541666666666667 0.8439453125 0.14583333333333334 0.030078125
16 0.0 0.109375 0.0 0.0
222 0.9756944444444444 0.123046875 0.0 0.0
8 0.9756944444444444 0.4876953125 0.0 0.729296875
223 0.07291666666666667 0.150390625 0.09722222222222222 0.0546875
38 0.6461805555555555 0.1650390625 0.7076388888888889 0.064453125
32 0.11180555555555556 0.78671875 0.1361111111111111 0.0765625
32 0.8881944444444444 0.78671875 0.1361111111111111 0.0765625
32 0.8881944444444444 0.6828125 0.1361111111111111 0.0765625
19 0.5 0.8583984375 0.5430555555555555 0.015234375
195 0.5 0.9001953125 0.7777777777777778 0.068359375
295 0.5 0.9001953125 1.0 0.068359375
34 0.5 0.48359375 1.0 0.9015625
4 0.5 0.9671875 1.0 0.065625
4 0.5 0.01640625 1.0 0.0328125
5 0.5 0.5 1.0 1.0
