36 0.0 0.0328125 0.0 0.0
296 0.4986111111111111 0.0927734375 0.8805555555555555 0.033203125
8 0.5 0.0927734375 1.0 0.033203125
297 0.5 0.2712890625 0.8777777777777778 0.277734375
38 0.5 0.255859375 0.09722222222222222 0.0546875
296 0.5 0.2982421875 0.08611111111111111 0.030078125
16 0.5 0.27109375 0.22361111111111112 0.12578125
296 0.5 0.458203125 0.7555555555555555 0.05234375
8 0.5 0.458203125 0.8777777777777778 0.09609375
8 0.5 0.3193359375 1.0 0.373828125
195 0.5 0.5966796875 0.7777777777777778 0.068359375
12 0.0 0.5625 0.0 0.0
298 0.5 0.5966796875 1.0 0.068359375
299 0.5 0.752734375 1.0 0.175
297 0.5 0.8982421875 0.8777777777777778 0.072265625
296 0.0 0.862109375 0.0 0.0
300 0.5 0.8873046875 1.0 0.094140625
301 0.5 0.521875 1.0 0.825
43 0.5 0.9 0.3416666666666667 0.02578125
38 0.7211805555555556 0.9 0.027083333333333334 0.0125
296 1.0 0.109375 0.0 0.0
8 1.0 0.21328125 0.0 0.2078125
8 1.0 0.5603515625 0.0 0.373828125
298 1.0 0.8376953125 0.0 0.068359375
299 1.0 0.9203125 0.0 0.028125
301 1.0 0.521875 0.0 0.825
52 0.06805555555555555 0.07109375 0.1361111111111111 0.0765625
22 0.7277777777777777 0.07109375 0.11666666666666667 0.065625
22 0.8444444444444444 0.07109375 0.11666666666666667 0.065625
173 0.9513888888888888 0.07109375 0.09722222222222222 0.065625
45 0.8347222222222223 0.07109375 0.33055555555555555 0.0765625
46 0.5 0.07109375 1.0 0.0765625
5 0.5 0.5 1.0 1.0
4 0.5 0.9671875 1.0 0.065625
4 0.5 0.01640625 1.0 0.0328125
