0 0.0 0.0 0.0 0.0
43 0.24965277777777778 0.0708984375 0.14930555555555555 0.036328125
44 0.06805555555555555 0.07109375 0.1361111111111111 0.0765625
118 0.5 0.07109375 1.0 0.0765625
38 0.5 0.1708984375 0.6472222222222223 0.058203125
43 0.5 0.24296875 0.9027777777777778 0.07578125
302 0.5 0.3265625 0.9027777777777778 0.06171875
302 0.5 0.403125 0.9027777777777778 0.06171875
71 0.5 0.4875 0.9027777777777778 0.065625
71 0.4996527777777778 0.566796875 0.3840277777777778 0.065625
4 0.5 0.600390625 0.9027777777777778 0.0015625
43 0.38993055555555556 0.6458984375 0.23819444444444443 0.048046875
38 0.5760416666666667 0.6458984375 0.08541666666666667 0.048046875
38 0.6857638888888888 0.6458984375 0.08541666666666667 0.048046875
16 0.4996527777777778 0.6458984375 0.4576388888888889 0.048046875
71 0.5 0.73046875 0.9027777777777778 0.065625
16 0.5 0.45 0.9513888888888888 0.65390625
19 0.5 0.45 0.11666666666666667 0.065625
8 0.5 0.48359375 1.0 0.9015625
19 0.0 0.109375 0.0 0.0
5 0.5 0.5 1.0 1.0
4 0.5 0.9671875 1.0 0.065625
4 0.5 0.01640625 1.0 0.0328125
