17 0.0 0.0328125 0.0 0.0
8 0.08333333333333333 0.0708984375 0.08888888888888889 0.036328125
303 0.12395833333333334 0.0798828125 0.007638888888888889 0.004296875
22 0.7277777777777777 0.07109375 0.11666666666666667 0.065625
22 0.8444444444444444 0.07109375 0.11666666666666667 0.065625
304 0.9513888888888888 0.07109375 0.09722222222222222 0.065625
45 0.8347222222222223 0.07109375 0.33055555555555555 0.0765625
118 0.5 0.07109375 1.0 0.0765625
111 0.5 0.443359375 1.0 0.82109375
303 0.134375 0.144140625 0.2298611111111111 0.04765625
303 0.8788194444444445 0.144140625 0.20347222222222222 0.04765625
8 0.5 0.144140625 0.9611111111111111 0.04765625
303 0.15555555555555556 0.2470703125 0.23333333333333334 0.048046875
303 0.15555555555555556 0.2671875 0.11527777777777778 0.01484375
50 0.15555555555555556 0.247265625 0.23333333333333334 0.13125
306 0.40347222222222223 0.247265625 0.24305555555555555 0.13671875
303 0.403125 0.247265625 0.14097222222222222 0.04140625
38 0.28194444444444444 0.17890625 0.0 0.0
38 0.4861111111111111 0.20078125 0.058333333333333334 0.0328125
306 0.6465277777777778 0.247265625 0.24305555555555555 0.13671875
303 0.6465277777777778 0.247265625 0.1597222222222222 0.04140625
38 0.525 0.17890625 0.0 0.0
38 0.7291666666666666 0.20078125 0.058333333333333334 0.0328125
306 0.8840277777777777 0.247265625 0.23194444444444445 0.13671875
38 0.7680555555555556 0.17890625 0.0 0.0
38 0.9715277777777778 0.20078125 0.05694444444444444 0.0328125
106 0.5 0.247265625 1.0 0.15859375
4 0.5 0.3279296875 1.0 0.002734375
303 0.1954861111111111 0.3640625 0.35208333333333336 0.04765625
303 0.8423611111111111 0.3640625 0.2763888888888889 0.04765625
8 0.5 0.3640625 0.9611111111111111 0.04765625
303 0.5 0.420703125 0.9222222222222223 0.0546875
201 0.1625 0.559375 0.23333333333333334 0.17109375
201 0.08263888888888889 0.628515625 0.029166666666666667 0.01640625
303 0.1625 0.588671875 0.19444444444444445 0.04140625
303 0.43993055555555555 0.5595703125 0.13541666666666666 0.075390625
8 0.43993055555555555 0.5595703125 0.24791666666666667 0.179296875
4 0.7267361111111111 0.5615234375 0.2965277777777778 0.205078125
106 0.5 0.557421875 1.0 0.21875
308 0.0 0.109375 0.0 0.0
16 0.5 0.666796875 1.0 0.0
303 0.5 0.746484375 0.5347222222222222 0.059375
8 0.5 0.7466796875 1.0 0.159765625
16 0.5 0.46796875 1.0 0.7171875
32 0.8708333333333333 0.77734375 0.1361111111111111 0.0765625
38 0.5013888888888889 0.465234375 0.058333333333333334 0.0203125
8 0.5 0.51484375 1.0 0.11953125
38 0.5 0.851171875 1.0 0.00546875
16 0.5 0.894140625 1.0 0.08046875
38 0.14131944444444444 0.8771484375 0.04375 0.030078125
303 0.14166666666666666 0.905078125 0.09166666666666666 0.02578125
16 0.14548611111111112 0.8859375 0.29097222222222224 0.0640625
38 0.38055555555555554 0.8921875 0.058333333333333334 0.0328125
303 0.38055555555555554 0.921484375 0.0 0.0
16 0.38055555555555554 0.894140625 0.17916666666666667 0.08046875
38 0.5597222222222222 0.8921875 0.058333333333333334 0.0328125
303 0.5597222222222222 0.921484375 0.0 0.0
16 0.5597222222222222 0.894140625 0.17916666666666667 0.08046875
38 0.7388888888888889 0.8921875 0.058333333333333334 0.0328125
303 0.7388888888888889 0.921484375 0.0 0.0
16 0.7388888888888889 0.894140625 0.17916666666666667 0.08046875
38 0.9180555555555555 0.8921875 0.058333333333333334 0.0328125
303 0.9180555555555555 0.921484375 0.0 0.0
16 0.9142361111111111 0.894140625 0.17152777777777778 0.08046875
139 0.5 0.48359375 1.0 0.9015625
4 0.5 0.9671875 1.0 0.065625
4 0.5 0.01640625 1.0 0.0328125
5 0.5 0.5 1.0 1.0
