17 0.0 0.0328125 0.0 0.0
8 0.08333333333333333 0.0708984375 0.08888888888888889 0.036328125
303 0.12395833333333334 0.0798828125 0.007638888888888889 0.004296875
22 0.7277777777777777 0.07109375 0.11666666666666667 0.065625
22 0.8444444444444444 0.07109375 0.11666666666666667 0.065625
304 0.9513888888888888 0.07109375 0.09722222222222222 0.065625
45 0.8347222222222223 0.07109375 0.33055555555555555 0.0765625
118 0.5 0.07109375 1.0 0.0765625
111 0.5 0.443359375 1.0 0.82109375
303 0.134375 0.144140625 0.2298611111111111 0.04765625
303 0.8788194444444445 0.144140625 0.20347222222222222 0.04765625
305 0.5 0.13671875 1.0 0.0546875
303 0.15555555555555556 0.2470703125 0.23333333333333334 0.048046875
303 0.15555555555555556 0.2671875 0.11527777777777778 0.01484375
50 0.15555555555555556 0.247265625 0.23333333333333334 0.13125
306 0.40347222222222223 0.247265625 0.24305555555555555 0.13671875
303 0.40347222222222223 0.247265625 0.1597222222222222 0.04140625
38 0.28194444444444444 0.17890625 0.0 0.0
38 0.4861111111111111 0.20078125 0.058333333333333334 0.0328125
306 0.6465277777777778 0.247265625 0.24305555555555555 0.13671875
38 0.525 0.17890625 0.0 0.0
38 0.7291666666666666 0.20078125 0.058333333333333334 0.0328125
306 0.8840277777777777 0.247265625 0.23194444444444445 0.13671875
303 0.8892361111111111 0.247265625 0.16319444444444445 0.04140625
38 0.7680555555555556 0.17890625 0.0 0.0
38 0.9715277777777778 0.20078125 0.05694444444444444 0.0328125
201 0.5 0.270703125 1.0 0.19140625
50 0.5 0.33359375 1.0 0.07109375
303 0.1954861111111111 0.3640625 0.35208333333333336 0.04765625
303 0.8423611111111111 0.3640625 0.2763888888888889 0.04765625
8 0.5 0.3640625 0.9611111111111111 0.04765625
303 0.5 0.420703125 0.9222222222222223 0.0546875
201 0.1625 0.559375 0.23333333333333334 0.17109375
38 0.06805555555555555 0.61875 0.07777777777777778 0.04375
303 0.1625 0.588671875 0.19444444444444445 0.04140625
303 0.43993055555555555 0.5595703125 0.13541666666666666 0.075390625
8 0.43993055555555555 0.5595703125 0.24791666666666667 0.179296875
4 0.7267361111111111 0.5615234375 0.2965277777777778 0.205078125
106 0.5 0.564453125 1.0 0.22578125
307 0.0 0.109375 0.0 0.0
50 0.5 0.690625 1.0 0.07109375
308 0.5 0.7685546875 0.9513888888888888 0.170703125
8 0.9392361111111112 0.7037109375 0.07291666666666667 0.041015625
8 0.38298611111111114 0.8970703125 0.66875 0.086328125
303 0.834375 0.8970703125 0.23402777777777778 0.086328125
38 0.0 0.8791015625 0.0 0.050390625
8 0.5 0.890234375 0.9513888888888888 0.07265625
303 0.5 0.746484375 0.5347222222222222 0.059375
32 0.8708333333333333 0.77734375 0.1361111111111111 0.0765625
38 0.5013888888888889 0.465234375 0.058333333333333334 0.0203125
8 0.5 0.51484375 1.0 0.11953125
303 0.24965277777777778 0.1421875 0.17152777777777778 0.02578125
7 0.4204861111111111 0.13671875 0.14097222222222222 0.0546875
7 0.6729166666666667 0.13671875 0.3638888888888889 0.0546875
309 0.0 0.1640625 0.0 0.0
38 0.0 0.1244140625 0.0 0.079296875
303 0.17152777777777778 0.151953125 0.2652777777777778 0.02421875
310 0.0875 0.2 0.09722222222222222 0.0546875
303 0.34652777777777777 0.1998046875 0.34305555555555556 0.022265625
8 0.5 0.2 1.0 0.0546875
303 0.4270833333333333 0.24765625 0.5041666666666667 0.0296875
311 0.1361111111111111 0.2328125 0.0 0.0
38 0.2722222222222222 0.3130859375 0.19444444444444445 0.023828125
303 0.5680555555555555 0.280859375 0.7861111111111111 0.02578125
303 0.365625 0.312109375 0.38125 0.02578125
8 0.5680555555555555 0.27890625 0.8638888888888889 0.0921875
312 0.5 0.4212890625 1.0 0.148828125
16 0.928125 0.4212890625 0.06597222222222222 0.148828125
38 0.1482638888888889 0.441796875 0.21875 0.18984375
16 0.6288194444444445 0.441796875 0.6645833333333333 0.18984375
313 0.0 0.3759765625 0.0 0.013671875
303 0.1736111111111111 0.3849609375 0.26944444444444443 0.033203125
314 0.0 0.4125 0.0 0.0
310 0.0875 0.46171875 0.09722222222222222 0.0546875
303 0.2878472222222222 0.4615234375 0.22569444444444445 0.022265625
8 0.5 0.46171875 1.0 0.0546875
303 0.5680555555555555 0.5259765625 0.7861111111111111 0.062890625
311 0.1361111111111111 0.49453125 0.0 0.0
38 0.2722222222222222 0.617578125 0.19444444444444445 0.109375
303 0.175 0.690625 0.0 0.02578125
303 0.3559027777777778 0.721875 0.36180555555555555 0.02578125
8 0.5680555555555555 0.6146484375 0.8638888888888889 0.240234375
8 0.5 0.5515625 1.0 0.41015625
50 0.5 0.76171875 1.0 0.07109375
38 0.0 0.75625 0.0 0.0
303 0.1486111111111111 0.794140625 0.24305555555555555 0.04140625
38 0.5 0.851171875 1.0 0.00546875
310 0.0875 0.8490234375 0.09722222222222222 0.009765625
303 0.35694444444444445 0.8791015625 0.3638888888888889 0.050390625
314 0.0 0.822265625 0.0 0.0
4 0.5961805555555556 0.918359375 0.04513888888888889 0.12890625
311 0.4048611111111111 0.9119140625 0.4597222222222222 0.116015625
303 0.175 0.9119140625 0.0 0.116015625
38 0.2722222222222222 0.91328125 0.19444444444444445 0.11875
315 0.1361111111111111 0.8791015625 0.0 0.050390625
8 0.5680555555555555 0.8791015625 0.8638888888888889 0.050390625
4 0.5 0.9201171875 1.0 0.132421875
8 0.5 0.805078125 1.0 0.09765625
316 0.5 0.508984375 1.0 0.68984375
194 0.5 0.1640625 0.09722222222222222 0.0
317 0.0 0.2734375 0.0 0.21875
19 0.22083333333333333 0.2734375 0.44166666666666665 0.065625
8 0.0 0.430859375 0.0 0.096875
310 0.006597222222222222 0.5453125 0.013194444444444444 0.06015625
303 0.0 0.6259765625 0.0 0.022265625
303 0.0 0.6509765625 0.0 0.022265625
106 0.0 0.626953125 0.0 0.2953125
38 0.027083333333333334 0.72578125 0.0 0.0
16 0.0 0.58984375 0.0 0.41484375
8 0.0 0.508984375 0.0 0.68984375
309 1.0 0.1640625 0.0 0.0
318 1.0 0.2904296875 0.0 0.230859375
8 1.0 0.39375 0.0 0.02421875
312 1.0 0.551171875 0.0 0.0
8 1.0 0.3578125 0.0 0.3875
314 1.0 0.6171875 0.0 0.0
8 1.0 0.6666015625 0.0 0.230859375
312 1.0 0.781640625 0.0 0.0
314 1.0 0.84765625 0.0 0.0
103 1.0 0.514453125 0.0 0.67890625
7 0.7277777777777777 0.766015625 0.06944444444444445 0.02578125
319 0.8163194444444445 0.61875 0.28958333333333336 0.4265625
320 0.25 0.1421875 0.5 0.065625
38 0.5 0.109375 0.0 0.0
303 0.7496527777777777 0.1421875 0.15208333333333332 0.02578125
320 0.75 0.1421875 0.5 0.065625
303 1.0 0.2431640625 0.0 0.068359375
4 1.0 0.39375 0.0 0.0015625
8 1.0 0.484765625 0.0 0.15859375
8 1.0 0.64296875 0.0 0.15859375
8 1.0 0.787890625 0.0 0.13203125
303 0.5 0.2431640625 1.0 0.068359375
321 0.4996527777777778 0.31015625 0.30625 0.04375
8 0.5 0.39375 1.0 0.02421875
303 0.4996527777777778 0.39375 0.3909722222222222 0.02421875
318 0.5 0.2904296875 1.0 0.230859375
303 0.3079861111111111 0.439453125 0.5381944444444444 0.02421875
303 0.9020833333333333 0.433984375 0.19583333333333333 0.05703125
306 0.1486111111111111 0.52265625 0.24305555555555555 0.13671875
303 0.1486111111111111 0.5224609375 0.2152777777777778 0.022265625
303 0.1486111111111111 0.61640625 0.24305555555555555 0.0453125
303 0.1486111111111111 0.658203125 0.24305555555555555 0.03828125
50 0.13506944444444444 0.564453125 0.2701388888888889 0.22578125
306 0.41875 0.52265625 0.24305555555555555 0.13671875
303 0.41875 0.5224609375 0.21666666666666667 0.022265625
38 0.2972222222222222 0.454296875 0.0 0.0
303 0.41875 0.61640625 0.24305555555555555 0.0453125
303 0.41875 0.658203125 0.24305555555555555 0.03828125
50 0.40520833333333334 0.564453125 0.2701388888888889 0.22578125
303 0.10902777777777778 0.7109375 0.14027777777777778 0.02421875
303 0.9020833333333333 0.70546875 0.19583333333333333 0.05703125
306 0.1486111111111111 0.78984375 0.24305555555555555 0.128125
303 0.1486111111111111 0.8822265625 0.24305555555555555 0.056640625
306 0.41875 0.78984375 0.24305555555555555 0.128125
303 0.41875 0.794140625 0.24305555555555555 0.04140625
38 0.2972222222222222 0.72578125 0.0 0.0
303 0.41875 0.8822265625 0.24305555555555555 0.056640625
306 0.6888888888888889 0.78984375 0.24305555555555555 0.128125
303 0.6888888888888889 0.7939453125 0.1763888888888889 0.022265625
38 0.5673611111111111 0.72578125 0.0 0.0
303 0.6888888888888889 0.8822265625 0.24305555555555555 0.056640625
306 0.91875 0.78984375 0.1625 0.128125
303 0.91875 0.794140625 0.1625 0.04140625
38 0.8375 0.72578125 0.0 0.0
303 0.91875 0.8822265625 0.1625 0.056640625
16 0.5 0.481640625 0.4027777777777778 0.0296875
50 0.5 0.0966796875 1.0 0.025390625
38 0.06805555555555555 0.12265625 0.058333333333333334 0.0265625
303 0.5121527777777778 0.12265625 0.7715277777777778 0.0265625
303 0.9322916666666666 0.087109375 0.08125 0.04453125
303 0.5121527777777778 0.1904296875 0.7715277777777778 0.033203125
38 0.06805555555555555 0.2625 0.07777777777777778 0.04375
303 0.5121527777777778 0.2623046875 0.7715277777777778 0.033203125
38 0.06805555555555555 0.33359375 0.07777777777777778 0.04375
303 0.5121527777777778 0.3333984375 0.7715277777777778 0.033203125
38 0.06805555555555555 0.40546875 0.07777777777777778 0.04375
303 0.5121527777777778 0.4052734375 0.7715277777777778 0.033203125
303 0.5121527777777778 0.4763671875 0.7715277777777778 0.033203125
38 0.06805555555555555 0.54765625 0.07777777777777778 0.04375
303 0.5121527777777778 0.5474609375 0.7715277777777778 0.033203125
50 0.5 0.54765625 1.0 0.07109375
303 0.5121527777777778 0.6185546875 0.7715277777777778 0.033203125
50 0.5 0.61875 1.0 0.07109375
38 0.06805555555555555 0.690625 0.07777777777777778 0.04375
303 0.29097222222222224 0.6904296875 0.32916666666666666 0.033203125
38 0.49930555555555556 0.690234375 0.03888888888888889 0.021875
16 0.26666666666666666 0.6904296875 0.5041666666666667 0.033203125
38 0.06805555555555555 0.76171875 0.07777777777777778 0.04375
303 0.5121527777777778 0.7615234375 0.7715277777777778 0.033203125
4 0.5 0.79765625 1.0 0.00078125
303 0.2513888888888889 0.819140625 0.2791666666666667 0.02578125
303 0.5347222222222222 0.819140625 0.2875 0.02578125
16 0.5559027777777777 0.819140625 0.8881944444444444 0.02578125
16 0.5 0.894140625 1.0 0.08046875
38 0.08159722222222222 0.8908203125 0.04375 0.030078125
303 0.08194444444444444 0.91875 0.0 0.0
16 0.08576388888888889 0.8927734375 0.17152777777777778 0.077734375
38 0.2611111111111111 0.8921875 0.058333333333333334 0.0328125
303 0.2611111111111111 0.921484375 0.0 0.0
16 0.2611111111111111 0.894140625 0.17916666666666667 0.08046875
38 0.44027777777777777 0.8921875 0.058333333333333334 0.0328125
303 0.44027777777777777 0.921484375 0.0 0.0
16 0.44027777777777777 0.894140625 0.17916666666666667 0.08046875
38 0.6194444444444445 0.8921875 0.058333333333333334 0.0328125
303 0.6194444444444445 0.921484375 0.0 0.0
16 0.6194444444444445 0.894140625 0.17916666666666667 0.08046875
38 0.8583333333333333 0.878515625 0.058333333333333334 0.0328125
16 0.8545138888888889 0.8873046875 0.29097222222222224 0.066796875
139 0.5 0.48359375 1.0 0.9015625
4 0.5 0.9671875 1.0 0.065625
4 0.5 0.01640625 1.0 0.0328125
5 0.5 0.5 1.0 1.0
