17 0.0 0.0 0.0 0.0
22 1.0 0.07109375 0.0 0.065625
44 0.06805555555555555 0.07109375 0.1361111111111111 0.0765625
38 0.19444444444444445 0.03828125 0.0 0.0
322 0.5152777777777777 0.07109375 0.6416666666666667 0.04921875
38 0.8847222222222222 0.07109375 0.09722222222222222 0.065625
323 0.5638888888888889 0.07109375 0.7777777777777778 0.065625
118 0.5 0.07109375 1.0 0.0765625
19 0.5 0.48359375 0.11666666666666667 0.065625
38 0.0 0.1609375 0.0 0.0
88 0.5 0.3916015625 0.9611111111111111 0.396484375
38 0.4510416666666667 0.6185546875 0.024305555555555556 0.013671875
38 0.5482638888888889 0.6185546875 0.024305555555555556 0.013671875
38 0.596875 0.6185546875 0.024305555555555556 0.013671875
16 0.4996527777777778 0.6185546875 0.21875 0.013671875
4 0.5 0.648046875 0.9611111111111111 0.0015625
16 0.5 0.3791015625 0.9611111111111111 0.539453125
8 0.5 0.48359375 1.0 0.7484375
43 0.0 0.109375 0.0 0.0
43 0.5194444444444445 0.14609375 0.9611111111111111 0.0296875
43 0.5 0.19921875 1.0 0.0765625
43 0.5 0.27578125 1.0 0.0765625
82 0.0 0.2625 0.0 0.065625
43 0.5 0.35234375 1.0 0.0765625
82 0.0 0.328125 0.0 0.065625
43 0.5 0.42890625 1.0 0.0765625
38 0.0 0.390625 0.0 0.0
43 0.5 0.50546875 1.0 0.0765625
38 0.0 0.4671875 0.0 0.0
43 0.5 0.58203125 1.0 0.0765625
38 0.0 0.54375 0.0 0.0
43 0.5 0.65859375 1.0 0.0765625
38 0.0 0.6203125 0.0 0.0
43 0.5 0.73515625 1.0 0.0765625
38 0.0 0.696875 0.0 0.0
32 0.8930555555555556 0.79765625 0.1361111111111111 0.0765625
8 0.18715277777777778 0.8291015625 0.21875 0.123046875
6 0.07777777777777778 0.767578125 0.0 0.0
7 0.33541666666666664 0.82265625 0.0 0.0296875
7 0.33541666666666664 0.859375 0.0 0.0296875
16 0.5920138888888888 0.8359375 0.5131944444444444 0.13671875
8 0.5 0.8291015625 0.9222222222222223 0.166796875
114 0.125 0.89609375 0.25 0.0765625
114 0.375 0.89609375 0.25 0.0765625
114 0.625 0.89609375 0.25 0.0765625
114 0.875 0.89609375 0.25 0.0765625
80 0.5 0.89609375 1.0 0.0765625
50 0.5 0.521875 1.0 0.825
5 0.5 0.5 1.0 1.0
6 0.5 0.4109375 0.24305555555555555 0.13671875
7 0.5 0.5251953125 0.9222222222222223 0.048046875
7 0.4996527777777778 0.58671875 0.4270833333333333 0.075
16 0.5 0.4833984375 1.0 0.281640625
16 0.0 0.11484375 0.0 0.2296875
113 0.0 0.4671875 0.0 0.934375
4 0.5 0.9671875 1.0 0.065625
