120 0.0 0.0328125 0.0 0.0
324 0.5 0.48359375 1.0 0.9015625
195 0.5 0.0669921875 1.0 0.068359375
325 0.5 0.9048828125 1.0 0.058984375
4 0.5 0.876171875 1.0 0.0015625
6 0.034027777777777775 0.9056640625 0.06805555555555555 0.057421875
6 0.9659722222222222 0.9056640625 0.06805555555555555 0.057421875
220 0.18506944444444445 0.9056640625 0.05625 0.031640625
43 0.284375 0.90546875 0.11319444444444444 0.03125
43 0.43819444444444444 0.90546875 0.09305555555555556 0.03125
43 0.5982638888888889 0.90546875 0.12569444444444444 0.03125
43 0.7760416666666666 0.90546875 0.1326388888888889 0.03125
326 0.5 0.9056640625 0.8638888888888889 0.057421875
50 0.5 0.5423828125 1.0 0.783984375
6 0.12152777777777778 0.1251953125 0.24305555555555555 0.048046875
43 0.5725694444444445 0.1251953125 0.27291666666666664 0.048046875
327 0.5725694444444445 0.1251953125 0.6590277777777778 0.048046875
220 0.9701388888888889 0.11796875 0.04861111111111111 0.02734375
43 0.9020833333333333 0.101171875 0.0 0.0
43 0.5 0.162890625 1.0 0.065625
7 1.0 0.101171875 0.0 0.0
16 1.0 0.1767578125 0.0 0.051953125
16 1.0 0.2283203125 0.0 0.051953125
16 1.0 0.2798828125 0.0 0.051953125
16 1.0 0.3314453125 0.0 0.051953125
16 1.0 0.3830078125 0.0 0.051953125
16 1.0 0.4345703125 0.0 0.051953125
16 1.0 0.4861328125 0.0 0.051953125
16 1.0 0.5177734375 0.0 0.833203125
6 0.05347222222222222 0.066796875 0.058333333333333334 0.0328125
43 0.5 0.2845703125 0.8541666666666666 0.068359375
43 0.5 0.3802734375 0.8541666666666666 0.068359375
43 0.0 0.102734375 0.0 0.0
16 0.5 0.272265625 1.0 0.3390625
4 0.5 0.01640625 1.0 0.0328125
5 0.5 0.5 1.0 1.0
