17 0.0 0.0 0.0 0.0
7 0.3684027777777778 0.0708984375 0.44513888888888886 0.031640625
52 0.06805555555555555 0.07109375 0.1361111111111111 0.0765625
45 1.0 0.07109375 0.0 0.0765625
118 0.5 0.07109375 1.0 0.0765625
329 0.5 0.1443359375 0.9263888888888889 0.028515625
329 0.10208333333333333 0.1904296875 0.13055555555555556 0.022265625
330 0.1701388888888889 0.226953125 0.26666666666666666 0.05078125
329 0.3888888888888889 0.1904296875 0.09722222222222222 0.022265625
330 0.6513888888888889 0.226953125 0.6222222222222222 0.05078125
16 0.5 0.2158203125 0.9263888888888889 0.073046875
329 0.13333333333333333 0.2841796875 0.19305555555555556 0.022265625
82 0.0 0.3171875 0.0 0.065625
331 0.16666666666666666 0.33515625 0.3333333333333333 0.065625
331 0.5 0.33515625 0.3333333333333333 0.065625
331 0.8333333333333334 0.33515625 0.3333333333333333 0.065625
16 0.5 0.33515625 1.0 0.065625
331 0.5 0.4228515625 0.9263888888888889 0.068359375
329 0.21041666666666667 0.4888671875 0.3472222222222222 0.022265625
329 0.17881944444444445 0.5328125 0.28402777777777777 0.0515625
329 0.4996527777777778 0.5328125 0.28402777777777777 0.0515625
329 0.8208333333333333 0.5328125 0.2847222222222222 0.0515625
16 0.5 0.5328125 0.9263888888888889 0.0515625
329 0.12881944444444443 0.5904296875 0.1840277777777778 0.022265625
330 0.5 0.637109375 0.9263888888888889 0.05703125
332 0.33402777777777776 0.7 0.5944444444444444 0.02734375
4 0.5 0.741796875 0.9263888888888889 0.0015625
44 0.07326388888888889 0.7837890625 0.07291666666666667 0.041015625
329 0.5548611111111111 0.8205078125 0.8166666666666667 0.114453125
16 0.5 0.8205078125 1.0 0.155859375
4 0.5 0.89921875 0.9263888888888889 0.0015625
333 0.8298611111111112 0.930859375 0.24305555555555555 0.00703125
329 0.7861111111111111 0.9373046875 0.10694444444444444 0.005859375
38 0.8833333333333333 0.9376953125 0.03888888888888889 0.006640625
8 0.5 0.521875 1.0 0.825
16 0.0 0.1421875 0.0 0.284375
82 0.0 0.3828125 0.0 0.065625
82 0.0 0.4484375 0.0 0.065625
82 0.0 0.5140625 0.0 0.065625
82 0.0 0.5796875 0.0 0.065625
82 0.0 0.6453125 0.0 0.065625
82 0.0 0.7109375 0.0 0.065625
82 0.0 0.7765625 0.0 0.065625
82 0.0 0.8421875 0.0 0.065625
82 0.0 0.9046875 0.0 0.059375
113 0.0 0.4671875 0.0 0.934375
5 0.5 0.5 1.0 1.0
4 0.5 0.9671875 1.0 0.065625
4 0.5 0.01640625 1.0 0.0328125
