17 0.0 0.0328125 0.0 0.0
4 0.5 0.1119140625 1.0 0.158203125
38 0.5 0.34921875 1.0 0.31640625
43 0.4996527777777778 0.56953125 0.42291666666666666 0.0421875
43 0.5 0.6833984375 0.8541666666666666 0.158203125
4 0.5 0.8552734375 1.0 0.158203125
34 0.5 0.48359375 1.0 0.9015625
4 1.0 0.1119140625 0.0 0.158203125
38 1.0 0.34921875 0.0 0.31640625
4 1.0 0.8552734375 0.0 0.158203125
16 1.0 0.48359375 0.0 0.9015625
38 0.4996527777777778 0.0943359375 0.13125 0.068359375
71 0.5 0.9015625 1.0 0.065625
334 0.5 0.848046875 1.0 0.04140625
71 0.5 0.7623046875 0.6805555555555556 0.075390625
8 0.0 0.0943359375 0.0 0.123046875
82 0.0 0.199609375 0.0 0.065625
82 0.0 0.265234375 0.0 0.065625
82 0.0 0.330859375 0.0 0.065625
50 0.0 0.375390625 0.0 0.0234375
82 0.0 0.419921875 0.0 0.065625
82 0.0 0.485546875 0.0 0.065625
82 0.0 0.551171875 0.0 0.065625
82 0.0 0.616796875 0.0 0.065625
82 0.0 0.682421875 0.0 0.065625
50 0.0 0.726953125 0.0 0.0234375
82 0.0 0.771484375 0.0 0.065625
82 0.0 0.837109375 0.0 0.065625
82 0.0 0.9021484375 0.0 0.064453125
113 0.0 0.48359375 0.0 0.9015625
4 0.5 0.9671875 1.0 0.065625
4 0.5 0.01640625 1.0 0.0328125
5 0.5 0.5 1.0 1.0
