6 0.0 0.0 0.0 0.0
7 0.24930555555555556 0.0326171875 0.19444444444444445 0.019140625
16 0.24965277777777778 0.0328125 0.49930555555555556 0.065625
6 0.5006944444444444 0.0 0.0 0.0
7 0.7503472222222223 0.0326171875 0.14930555555555555 0.019140625
16 0.7503472222222223 0.0328125 0.49930555555555556 0.065625
107 0.5 0.0328125 1.0 0.065625
0 0.0 0.065625 0.0 0.0
16 0.25 0.1267578125 0.5 0.122265625
6 0.24965277777777778 0.1060546875 0.12152777777777778 0.068359375
7 0.25 0.1619140625 0.48055555555555557 0.041015625
16 0.75 0.1267578125 0.5 0.122265625
6 0.7496527777777777 0.1060546875 0.12152777777777778 0.068359375
7 0.75 0.1619140625 0.48055555555555557 0.041015625
16 0.25 0.2490234375 0.5 0.122265625
6 0.24965277777777778 0.2283203125 0.12152777777777778 0.068359375
7 0.25 0.2841796875 0.48055555555555557 0.041015625
16 0.75 0.2490234375 0.5 0.122265625
6 0.7496527777777777 0.2283203125 0.12152777777777778 0.068359375
7 0.75 0.2841796875 0.48055555555555557 0.041015625
16 0.25 0.3712890625 0.5 0.122265625
6 0.24965277777777778 0.3505859375 0.12152777777777778 0.068359375
7 0.25 0.4064453125 0.48055555555555557 0.041015625
16 0.75 0.3712890625 0.5 0.122265625
6 0.7496527777777777 0.3505859375 0.12152777777777778 0.068359375
7 0.75 0.4064453125 0.48055555555555557 0.041015625
16 0.25 0.4935546875 0.5 0.122265625
6 0.24965277777777778 0.4728515625 0.12152777777777778 0.068359375
7 0.25 0.5287109375 0.48055555555555557 0.041015625
16 0.75 0.4935546875 0.5 0.122265625
6 0.7496527777777777 0.4728515625 0.12152777777777778 0.068359375
7 0.75 0.5287109375 0.48055555555555557 0.041015625
16 0.25 0.612890625 0.5 0.11640625
6 0.24965277777777778 0.5951171875 0.12152777777777778 0.068359375
7 0.25 0.65078125 0.48055555555555557 0.040625
16 0.75 0.612890625 0.5 0.11640625
6 0.7496527777777777 0.5951171875 0.12152777777777778 0.068359375
7 0.75 0.65078125 0.48055555555555557 0.040625
5 0.5 0.368359375 1.0 0.60546875
6 0.15694444444444444 0.7240234375 0.3138888888888889 0.078515625
6 0.24965277777777778 0.83515625 0.20208333333333334 0.14375
16 0.25 0.83515625 0.5 0.14375
16 0.625 0.83515625 0.25 0.14375
16 0.875 0.83515625 0.25 0.14375
16 0.5 0.83515625 1.0 0.14375
16 0.5 0.934375 1.0 0.0
16 0.5 0.8095703125 1.0 0.249609375
5 0.5 0.4671875 1.0 0.934375
