17 0.0 0.0328125 0.0 0.0
43 0.2638888888888889 0.0708984375 0.17777777777777778 0.032421875
44 0.06805555555555555 0.07109375 0.1361111111111111 0.0765625
45 1.0 0.07109375 0.0 0.0765625
80 0.5 0.07109375 1.0 0.0765625
43 0.5 0.1802734375 0.9027777777777778 0.087109375
4 0.5 0.2251953125 0.9027777777777778 0.002734375
43 0.5 0.2701171875 0.9027777777777778 0.087109375
4 0.5 0.3150390625 0.9027777777777778 0.002734375
43 0.5 0.3599609375 0.9027777777777778 0.087109375
4 0.5 0.4048828125 0.9027777777777778 0.002734375
43 0.5 0.4498046875 0.9027777777777778 0.087109375
4 0.5 0.4947265625 0.9027777777777778 0.002734375
43 0.5 0.5396484375 0.9027777777777778 0.087109375
4 0.5 0.5845703125 0.9027777777777778 0.002734375
43 0.5 0.6294921875 0.9027777777777778 0.087109375
4 0.5 0.6744140625 0.9027777777777778 0.002734375
43 0.5 0.7193359375 0.9027777777777778 0.087109375
4 0.5 0.7642578125 0.9027777777777778 0.002734375
43 0.5 0.8091796875 0.9027777777777778 0.087109375
4 0.5 0.8541015625 0.9027777777777778 0.002734375
34 0.5 0.48359375 1.0 0.9015625
5 0.5 0.5 1.0 1.0
4 0.5 0.9671875 1.0 0.065625
