268 0.5 0.068359375 1.0 0.07109375
6 0.019444444444444445 0.0328125 0.0 0.0
50 0.0763888888888889 0.068359375 0.10694444444444444 0.07109375
269 0.4371527777777778 0.068359375 0.6145833333333334 0.07109375
52 0.825 0.068359375 0.11666666666666667 0.07109375
52 0.9416666666666667 0.068359375 0.11666666666666667 0.07109375
270 0.5 0.102734375 1.0 0.02734375
271 0.5 0.48359375 1.0 0.9015625
0 0.0 0.10390625 0.0 0.0
338 0.4996527777777778 0.0328125 0.6368055555555555 0.0
7 0.44375 0.073828125 0.42777777777777776 0.04375
52 0.7083333333333334 0.068359375 0.11666666666666667 0.07109375
16 0.5020833333333333 0.073828125 0.5833333333333334 0.04375
6 0.5020833333333333 0.205078125 0.5833333333333334 0.21875
338 0.4996527777777778 0.183203125 0.6368055555555555 0.30078125
7 0.44375 0.374609375 0.42777777777777776 0.04375
6 0.7256944444444444 0.374609375 0.1361111111111111 0.04375
16 0.5020833333333333 0.374609375 0.5833333333333334 0.04375
6 0.5020833333333333 0.505859375 0.5833333333333334 0.21875
338 0.4996527777777778 0.483984375 0.6368055555555555 0.30078125
0 0.0 0.0 0.0 0.0
5 0.5 0.4671875 1.0 0.934375
