206 0.0 0.12578125 0.0 0.0546875
206 0.5 0.12578125 1.0 0.0546875
206 1.0 0.12578125 0.0 0.0546875
8 0.5 0.2310546875 0.9805555555555555 0.155859375
8 0.2548611111111111 0.249609375 0.49027777777777776 0.096875
7 0.2670138888888889 0.2787109375 0.46597222222222223 0.038671875
4 0.5 0.0833984375 0.0 0.139453125
8 0.5 0.45625 0.9805555555555555 0.2953125
8 0.2548611111111111 0.5568359375 0.49027777777777776 0.072265625
7 0.28680555555555554 0.590625 0.5152777777777777 0.0296875
4 0.5 0.30859375 0.0 0.0
8 0.5 0.751171875 0.9805555555555555 0.2953125
7 0.18020833333333333 0.832421875 0.2923611111111111 0.03359375
8 0.2548611111111111 0.8517578125 0.49027777777777776 0.072265625
4 0.5 0.603515625 0.0 0.0
8 0.5 0.91640625 0.9805555555555555 0.0359375
4 0.5 0.8984375 0.0 0.0
206 0.5 0.51640625 1.0 0.8359375
339 0.5 0.51640625 0.11666666666666667 0.065625
7 0.28680555555555554 0.13125 0.5152777777777777 0.0296875
6 0.6222222222222222 0.13125 0.07777777777777778 0.04375
4 0.3548611111111111 0.16328125 0.6513888888888889 0.0015625
8 0.3402777777777778 0.13125 0.6805555555555556 0.065625
7 0.28680555555555554 0.196875 0.5152777777777777 0.0296875
6 0.6222222222222222 0.196875 0.07777777777777778 0.04375
4 0.3548611111111111 0.22890625 0.6513888888888889 0.0015625
8 0.3402777777777778 0.196875 0.6805555555555556 0.065625
8 0.3402777777777778 0.2625 0.6805555555555556 0.065625
6 0.0 0.2953125 0.0 0.0
7 0.28680555555555554 0.328125 0.5152777777777777 0.0296875
6 0.6222222222222222 0.328125 0.07777777777777778 0.04375
4 0.3548611111111111 0.36015625 0.6513888888888889 0.0015625
8 0.3402777777777778 0.328125 0.6805555555555556 0.065625
6 0.0 0.3609375 0.0 0.0
7 0.28680555555555554 0.39375 0.5152777777777777 0.0296875
6 0.6222222222222222 0.39375 0.07777777777777778 0.04375
4 0.3548611111111111 0.42578125 0.6513888888888889 0.0015625
8 0.3402777777777778 0.39375 0.6805555555555556 0.065625
6 0.0 0.4265625 0.0 0.0
7 0.28680555555555554 0.459375 0.5152777777777777 0.0296875
6 0.6222222222222222 0.459375 0.07777777777777778 0.04375
4 0.3548611111111111 0.49140625 0.6513888888888889 0.0015625
8 0.3402777777777778 0.459375 0.6805555555555556 0.065625
6 0.0 0.4921875 0.0 0.0
6 0.6222222222222222 0.525 0.07777777777777778 0.04375
4 0.3548611111111111 0.55703125 0.6513888888888889 0.0015625
8 0.3402777777777778 0.525 0.6805555555555556 0.065625
6 0.0 0.5578125 0.0 0.0
6 0.6222222222222222 0.590625 0.07777777777777778 0.04375
4 0.3548611111111111 0.62265625 0.6513888888888889 0.0015625
8 0.3402777777777778 0.590625 0.6805555555555556 0.065625
6 0.0 0.6234375 0.0 0.0
7 0.28680555555555554 0.65625 0.5152777777777777 0.0296875
6 0.6222222222222222 0.65625 0.07777777777777778 0.04375
4 0.3548611111111111 0.68828125 0.6513888888888889 0.0015625
8 0.3402777777777778 0.65625 0.6805555555555556 0.065625
6 0.0 0.6890625 0.0 0.0
7 0.28680555555555554 0.721875 0.5152777777777777 0.0296875
6 0.6222222222222222 0.721875 0.07777777777777778 0.04375
4 0.3548611111111111 0.75390625 0.6513888888888889 0.0015625
8 0.3402777777777778 0.721875 0.6805555555555556 0.065625
6 0.0 0.7546875 0.0 0.0
7 0.28680555555555554 0.7875 0.5152777777777777 0.0296875
6 0.6222222222222222 0.7875 0.07777777777777778 0.04375
4 0.3548611111111111 0.81953125 0.6513888888888889 0.0015625
8 0.3402777777777778 0.7875 0.6805555555555556 0.065625
6 0.0 0.8203125 0.0 0.0
6 0.6222222222222222 0.853125 0.07777777777777778 0.04375
8 0.3402777777777778 0.91015625 0.6805555555555556 0.0484375
8 0.3402777777777778 0.853125 0.6805555555555556 0.065625
6 0.0 0.8859375 0.0 0.0
7 0.28680555555555554 0.91875 0.5152777777777777 0.0296875
6 0.6222222222222222 0.915625 0.07777777777777778 0.0375
4 0.3548611111111111 0.9421875 0.6513888888888889 0.015625
206 0.3402777777777778 0.51640625 0.6805555555555556 0.8359375
7 0.28194444444444444 0.48359375 0.0 0.0
339 0.3402777777777778 0.51640625 0.11666666666666667 0.065625
206 1.0 0.51640625 0.0 0.8359375
8 1.0 0.8431640625 0.0 0.048046875
16 1.0 0.819140625 0.0 0.0
6 0.06875 0.065625 0.07777777777777778 0.04375
54 0.058680555555555555 0.065625 0.11736111111111111 0.065625
57 0.0 0.0328125 0.0 0.0
6 0.5236111111111111 0.065625 0.1361111111111111 0.065625
340 0.6597222222222222 0.065625 0.1361111111111111 0.065625
6 0.7958333333333333 0.065625 0.1361111111111111 0.065625
340 0.9319444444444445 0.065625 0.1361111111111111 0.065625
16 0.7277777777777777 0.065625 0.5444444444444444 0.065625
56 0.5 0.065625 1.0 0.065625
53 0.5 0.4671875 1.0 0.934375
