50 0.0 0.0328125 0.0 0.0
6 0.21666666666666667 0.07265625 0.36944444444444446 0.04375
8 0.25 0.07265625 0.5 0.0796875
114 0.625 0.07265625 0.25 0.04765625
4 0.875 0.07265625 0.25 0.0796875
16 0.5 0.07265625 1.0 0.0796875
344 0.10590277777777778 0.16015625 0.09513888888888888 0.0296875
8 0.375 0.1494140625 0.75 0.073828125
344 0.375 0.226953125 0.75 0.08125
344 0.375 0.308203125 0.75 0.08125
344 0.375 0.389453125 0.75 0.08125
344 0.11006944444444444 0.477734375 0.10347222222222222 0.0296875
8 0.375 0.4669921875 0.75 0.073828125
344 0.375 0.54453125 0.75 0.08125
344 0.0 0.58515625 0.0 0.0
8 0.375 0.58515625 0.75 0.0
344 0.375 0.62578125 0.75 0.08125
344 0.11840277777777777 0.7140625 0.12013888888888889 0.0296875
8 0.375 0.7033203125 0.75 0.073828125
344 0.375 0.780859375 0.75 0.08125
344 0.375 0.862109375 0.75 0.08125
344 0.1486111111111111 0.9349609375 0.18055555555555555 0.001171875
8 0.375 0.9185546875 0.75 0.031640625
8 0.375 0.5234375 0.75 0.821875
4 0.0 0.1125 0.0 0.0
16 0.5 0.5234375 1.0 0.821875
5 0.5 0.4671875 1.0 0.934375
345 0.8090277777777778 0.144140625 0.0 0.0
8 0.9045138888888888 0.1111328125 0.1909722222222222 0.156640625
114 0.8465277777777778 0.1603515625 0.05 0.041796875
346 0.9045138888888888 0.5271484375 0.1909722222222222 0.814453125
8 0.9045138888888888 0.1427734375 0.1909722222222222 0.192578125
8 0.8090277777777778 0.189453125 0.0 0.0
8 0.8090277777777778 0.2390625 0.0 0.0
