17 0.0 0.0328125 0.0 0.0
201 0.06319444444444444 0.065625 0.0875 0.04921875
44 0.475 0.065625 0.11666666666666667 0.065625
44 0.5916666666666667 0.065625 0.11666666666666667 0.065625
44 0.7083333333333334 0.065625 0.11666666666666667 0.065625
4 0.7083333333333334 0.0875 0.009722222222222222 0.00546875
44 0.825 0.0328125 0.11666666666666667 0.0
44 0.9416666666666667 0.0328125 0.11666666666666667 0.0
347 0.38333333333333336 0.0328125 0.7666666666666667 0.0
4 0.8829861111111111 0.0328125 0.0006944444444444445 0.0
348 0.5 0.065625 1.0 0.065625
349 0.5 0.11484375 1.0 0.0328125
349 0.17222222222222222 0.19140625 0.10555555555555556 0.01796875
8 0.1125 0.166015625 0.225 0.06875
158 0.25 0.166015625 0.05 0.06875
349 0.32743055555555556 0.19140625 0.10486111111111111 0.01796875
8 0.3875 0.166015625 0.225 0.06875
349 0.25 0.215234375 0.5 0.0296875
4 0.5003472222222223 0.180859375 0.0006944444444444445 0.0984375
349 0.6006944444444444 0.1685546875 0.2 0.024609375
349 0.6006944444444444 0.2177734375 0.2 0.024609375
4 0.7010416666666667 0.180859375 0.0006944444444444445 0.0984375
4 0.8517361111111111 0.180859375 0.0006944444444444445 0.0984375
349 0.7763888888888889 0.1685546875 0.15 0.024609375
349 0.9260416666666667 0.1685546875 0.14791666666666667 0.024609375
349 0.7763888888888889 0.2177734375 0.15 0.024609375
349 0.9260416666666667 0.2177734375 0.14791666666666667 0.024609375
264 0.7503472222222223 0.180859375 0.49930555555555556 0.0984375
8 0.5 0.1642578125 1.0 0.131640625
44 0.0 0.2587890625 0.0 0.057421875
8 0.0 0.3162109375 0.0 0.057421875
8 0.0 0.2875 0.0 0.11484375
350 0.0 0.344921875 0.0 0.0
88 0.0 0.6068359375 0.0 0.523828125
8 0.0 0.5494140625 0.0 0.638671875
349 0.5 0.2849609375 1.0 0.008203125
349 0.5 0.2533203125 1.0 0.071484375
44 0.058333333333333334 0.3095703125 0.11666666666666667 0.041015625
16 0.11666666666666667 0.2849609375 0.0 0.008203125
213 0.5583333333333333 0.2849609375 0.8833333333333333 0.008203125
16 0.5 0.346875 1.0 0.0328125
349 0.0 0.2349609375 0.0 0.108203125
349 0.0625 0.3466796875 0.08611111111111111 0.018359375
44 0.1736111111111111 0.346875 0.058333333333333334 0.0328125
349 0.28888888888888886 0.346875 0.17222222222222222 0.02578125
44 0.4041666666666667 0.346875 0.058333333333333334 0.0328125
349 0.10729166666666666 0.3876953125 0.17569444444444443 0.022265625
349 0.7829861111111112 0.387890625 0.3951388888888889 0.0328125
8 0.5 0.387890625 1.0 0.04921875
71 0.4996527777777778 0.4453125 0.5020833333333333 0.065625
8 0.5 0.38359375 1.0 0.1890625
349 0.5 0.546484375 1.0 0.06328125
44 0.058333333333333334 0.602734375 0.11666666666666667 0.04921875
213 0.11666666666666667 0.578125 0.0 0.0
16 0.5 0.64375 1.0 0.0328125
349 0.0 0.478125 0.0 0.0
349 0.0625 0.6435546875 0.08611111111111111 0.018359375
44 0.1736111111111111 0.64375 0.058333333333333334 0.0328125
349 0.28888888888888886 0.64375 0.17222222222222222 0.02578125
44 0.4041666666666667 0.64375 0.058333333333333334 0.0328125
71 0.4996527777777778 0.69296875 0.5020833333333333 0.065625
349 0.5 0.496484375 1.0 0.03671875
8 0.5 0.601953125 1.0 0.24765625
349 0.5 0.744140625 1.0 0.03671875
349 0.5 0.8037109375 1.0 0.082421875
349 0.0625 0.8603515625 0.08611111111111111 0.016796875
44 0.1736111111111111 0.8568359375 0.058333333333333334 0.023828125
349 0.28888888888888886 0.85859375 0.17222222222222222 0.0203125
44 0.4041666666666667 0.8568359375 0.058333333333333334 0.023828125
16 0.5 0.8568359375 1.0 0.023828125
71 0.4996527777777778 0.8732421875 0.5020833333333333 0.008984375
4 0.5 0.9060546875 1.0 0.074609375
350 0.5 0.57890625 1.0 0.5796875
351 0.16631944444444444 0.9248046875 0.3326388888888889 0.006640625
4 0.18854166666666666 0.9248046875 0.011805555555555555 0.006640625
44 0.5003472222222223 0.9015625 0.33541666666666664 0.065625
44 0.8340277777777778 0.9015625 0.33194444444444443 0.065625
16 0.5 0.9015625 1.0 0.065625
34 0.5 0.48359375 1.0 0.9015625
4 0.5 0.9671875 1.0 0.065625
5 0.5 0.5 1.0 1.0
