50 0.044444444444444446 0.0328125 0.0 0.0
6 0.10277777777777777 0.04375 0.0 0.0
48 0.5 0.0873046875 0.7944444444444444 0.040234375
343 0.5 0.166796875 0.8722222222222222 0.065625
16 0.5 0.0833984375 0.9111111111111111 0.101171875
343 0.5 0.233203125 0.8722222222222222 0.065625
343 0.5 0.299609375 0.8722222222222222 0.065625
343 0.5 0.366015625 0.8722222222222222 0.065625
343 0.5 0.432421875 0.8722222222222222 0.065625
343 0.5 0.498828125 0.8722222222222222 0.065625
343 0.5 0.565234375 0.8722222222222222 0.065625
343 0.5 0.631640625 0.8722222222222222 0.065625
343 0.5 0.698046875 0.8722222222222222 0.065625
343 0.5 0.764453125 0.8722222222222222 0.065625
343 0.5 0.8275390625 0.8722222222222222 0.058984375
49 0.5 0.4955078125 0.8722222222222222 0.723046875
16 0.5 0.895703125 0.9111111111111111 0.07734375
114 0.06388888888888888 0.8578125 0.0 0.0
5 0.5 0.48359375 0.95 0.9015625
