17 0.0 0.0 0.0 0.0
5 0.5 0.5 1.0 1.0
352 0.5 0.002734375 1.0 0.00546875
8 1.0 0.4171875 0.0 0.47109375
8 1.0 0.355859375 0.0 0.59375
353 1.0 0.436328125 0.0 0.7546875
8 0.0 0.4171875 0.0 0.47109375
43 0.0 0.2009765625 0.0 0.038671875
8 0.0 0.355859375 0.0 0.59375
353 0.0 0.436328125 0.0 0.7546875
354 0.5 0.355859375 0.9375 0.52734375
355 0.4996527777777778 0.2087890625 0.27569444444444446 0.137109375
6 0.6135416666666667 0.2068359375 0.04791666666666667 0.026953125
356 0.4996527777777778 0.26875 0.23819444444444443 0.0265625
356 0.20590277777777777 0.3265625 0.12013888888888889 0.0265625
357 0.20625 0.39453125 0.2 0.053125
16 0.20625 0.355859375 0.2 0.13046875
356 0.7934027777777778 0.3265625 0.12708333333333333 0.0265625
357 0.79375 0.39453125 0.2 0.053125
16 0.79375 0.355859375 0.2 0.13046875
7 0.5 0.4587890625 0.6666666666666666 0.030078125
7 0.43645833333333334 0.491015625 0.06736111111111111 0.02265625
7 0.5034722222222222 0.4888671875 0.04583333333333333 0.030078125
7 0.5666666666666667 0.491015625 0.059722222222222225 0.02265625
16 0.4996527777777778 0.4888671875 0.19375 0.030078125
358 0.4951388888888889 0.53359375 0.044444444444444446 0.04453125
7 0.6020833333333333 0.5466796875 0.059722222222222225 0.018359375
358 0.38958333333333334 0.53359375 0.044444444444444446 0.04453125
358 0.5395833333333333 0.53359375 0.044444444444444446 0.04453125
359 0.4996527777777778 0.53359375 0.26458333333333334 0.04453125
16 0.5 0.510546875 0.6666666666666666 0.13359375
8 0.5 0.355859375 0.7875 0.44296875
6 0.5 0.381640625 0.6 0.21171875
360 0.5 0.355859375 1.0 0.59375
361 0.0 0.058984375 0.0 0.0
114 0.10902777777777778 0.69296875 0.1736111111111111 0.08046875
4 0.10902777777777778 0.733984375 0.1736111111111111 0.0015625
114 0.10902777777777778 0.7734375 0.1736111111111111 0.08046875
8 0.9993055555555556 0.727734375 0.001388888888888889 0.096875
6 0.29583333333333334 0.698828125 0.06944444444444445 0.0390625
7 0.29583333333333334 0.7353515625 0.1111111111111111 0.026171875
6 0.29583333333333334 0.7619140625 0.002777777777777778 0.016796875
7 0.3458333333333333 0.7623046875 0.0625 0.027734375
8 0.29618055555555556 0.727734375 0.20069444444444445 0.096875
6 0.4965277777777778 0.698828125 0.06944444444444445 0.0390625
7 0.5111111111111111 0.7263671875 0.0 0.022265625
6 0.4965277777777778 0.7619140625 0.002777777777777778 0.016796875
7 0.5465277777777777 0.7623046875 0.0625 0.027734375
8 0.496875 0.727734375 0.20069444444444445 0.096875
6 0.6972222222222222 0.698828125 0.06944444444444445 0.0390625
7 0.6975694444444445 0.7353515625 0.059027777777777776 0.026171875
6 0.6972222222222222 0.7619140625 0.002777777777777778 0.016796875
7 0.7472222222222222 0.7623046875 0.0625 0.027734375
8 0.6975694444444445 0.727734375 0.20069444444444445 0.096875
6 0.8979166666666667 0.698828125 0.06944444444444445 0.0390625
6 0.8979166666666667 0.7619140625 0.002777777777777778 0.016796875
7 0.9479166666666666 0.7623046875 0.0625 0.027734375
8 0.8982638888888889 0.727734375 0.20069444444444445 0.096875
362 0.5979166666666667 0.733203125 0.8041666666666667 0.1609375
334 0.5 0.8 0.9777777777777777 0.01328125
363 0.5111111111111111 0.7330078125 0.9777777777777777 0.035546875
364 0.5 0.733203125 1.0 0.1609375
365 0.5 0.4625 1.0 0.80703125
366 0.5 0.8453125 1.0 0.04140625
367 0.5 0.4330078125 1.0 0.866015625
38 0.24375 0.9 0.09583333333333334 0.05390625
43 0.4361111111111111 0.9 0.23055555555555557 0.03125
71 0.6972222222222222 0.9 0.21388888888888888 0.0421875
368 0.5 0.9 0.6083333333333333 0.05390625
369 0.5 0.9 0.0 0.0
50 0.5 0.9001953125 1.0 0.068359375
44 0.05243055555555556 0.0294921875 0.10486111111111111 0.058984375
370 0.44756944444444446 0.0294921875 0.6854166666666667 0.058984375
44 0.8427083333333333 0.0294921875 0.10486111111111111 0.058984375
44 0.9475694444444445 0.0294921875 0.10486111111111111 0.058984375
43 0.5 0.029296875 0.9611111111111111 0.02421875
371 0.5 0.08203125 1.0 0.1640625
4 0.5 0.9671875 1.0 0.065625
