17 0.0 0.0328125 0.0 0.0
20 0.42256944444444444 0.07109375 0.3090277777777778 0.02578125
25 0.22152777777777777 0.07109375 0.09305555555555556 0.05234375
21 0.06805555555555555 0.07109375 0.1361111111111111 0.0765625
22 0.825 0.07109375 0.11666666666666667 0.065625
22 0.9416666666666667 0.07109375 0.11666666666666667 0.065625
80 0.5 0.07109375 1.0 0.0765625
7 0.22951388888888888 0.1421875 0.45902777777777776 0.065625
7 0.5815972222222222 0.1421875 0.24513888888888888 0.065625
7 0.8520833333333333 0.1421875 0.29583333333333334 0.065625
372 0.5 0.1421875 1.0 0.065625
20 0.0 0.175 0.0 0.0
20 0.14548611111111112 0.19609375 0.22708333333333333 0.02578125
20 0.065625 0.2234375 0.06736111111111111 0.02578125
20 0.15208333333333332 0.2498046875 0.08611111111111111 0.029296875
25 0.23958333333333334 0.2498046875 0.08888888888888889 0.036328125
20 0.3454861111111111 0.2498046875 0.1076388888888889 0.029296875
16 0.38472222222222224 0.2498046875 0.6958333333333333 0.036328125
25 0.07326388888888889 0.2955078125 0.07291666666666667 0.041015625
20 0.26319444444444445 0.2955078125 0.28194444444444444 0.029296875
16 0.3402777777777778 0.284375 0.6805555555555556 0.065625
16 0.3784722222222222 0.2544921875 0.7083333333333334 0.137109375
25 0.8541666666666666 0.254296875 0.24305555555555555 0.13671875
16 0.5 0.255859375 0.9513888888888888 0.13984375
20 0.17673611111111112 0.3611328125 0.30486111111111114 0.029296875
20 0.10104166666666667 0.4041015625 0.1284722222222222 0.029296875
20 0.18854166666666666 0.4041015625 0.021527777777777778 0.029296875
16 0.3784722222222222 0.4140625 0.7083333333333334 0.0765625
20 0.12048611111111111 0.438671875 0.1673611111111111 0.02734375
16 0.3784722222222222 0.41484375 0.7083333333333334 0.13671875
25 0.8541666666666666 0.41484375 0.24305555555555555 0.13671875
16 0.5 0.41484375 0.9513888888888888 0.13671875
211 0.5 0.523046875 0.9263888888888889 0.065625
16 0.5 0.4560546875 0.9513888888888888 0.219140625
20 0.1267361111111111 0.601171875 0.2048611111111111 0.0296875
20 0.38472222222222224 0.657421875 0.6958333333333333 0.05546875
16 0.3784722222222222 0.6546875 0.7083333333333334 0.13671875
25 0.8541666666666666 0.6546875 0.24305555555555555 0.13671875
16 0.5 0.6560546875 0.9513888888888888 0.139453125
20 0.12291666666666666 0.7611328125 0.19722222222222222 0.029296875
16 0.5 0.80625 0.9513888888888888 0.11953125
20 0.29097222222222224 0.903125 0.5333333333333333 0.07421875
20 0.5 0.928125 0.9263888888888889 0.12421875
88 0.5 0.5205078125 1.0 0.691015625
16 1.0 0.5205078125 0.0 0.691015625
112 0.5 0.9001953125 0.7777777777777778 0.068359375
89 0.5 0.9001953125 1.0 0.068359375
34 0.5 0.48359375 1.0 0.9015625
8 0.3402777777777778 0.1421875 0.6805555555555556 0.21875
20 0.15590277777777778 0.284375 0.059027777777777776 0.02578125
25 0.06319444444444444 0.349609375 0.04861111111111111 0.02734375
20 0.1701388888888889 0.349609375 0.0875 0.02578125
16 0.3402777777777778 0.349609375 0.6805555555555556 0.065625
20 0.24131944444444445 0.41484375 0.2298611111111111 0.02578125
16 0.3402777777777778 0.41484375 0.6805555555555556 0.065625
25 0.06319444444444444 0.480078125 0.04861111111111111 0.02734375
20 0.33645833333333336 0.480078125 0.4201388888888889 0.02578125
16 0.3402777777777778 0.480078125 0.6805555555555556 0.065625
25 0.06319444444444444 0.5453125 0.04861111111111111 0.02734375
20 0.17743055555555556 0.5453125 0.10208333333333333 0.02578125
16 0.3402777777777778 0.5453125 0.6805555555555556 0.065625
25 0.06319444444444444 0.610546875 0.04861111111111111 0.02734375
20 0.24340277777777777 0.610546875 0.23402777777777778 0.02578125
16 0.3402777777777778 0.610546875 0.6805555555555556 0.065625
25 0.06319444444444444 0.67578125 0.04861111111111111 0.02734375
20 0.19444444444444445 0.67578125 0.1361111111111111 0.02578125
16 0.3402777777777778 0.67578125 0.6805555555555556 0.065625
25 0.06319444444444444 0.741015625 0.04861111111111111 0.02734375
20 0.18819444444444444 0.741015625 0.12361111111111112 0.02578125
16 0.3402777777777778 0.741015625 0.6805555555555556 0.065625
10 0.3402777777777778 0.59296875 0.6805555555555556 0.6828125
8 0.3402777777777778 0.48359375 0.6805555555555556 0.9015625
4 0.5 0.9671875 1.0 0.065625
4 0.5 0.01640625 1.0 0.0328125
5 0.5 0.5 1.0 1.0
