17 0.0 0.0328125 0.0 0.0
373 0.5 0.48359375 1.0 0.9015625
43 0.5 0.07109375 1.0 0.0765625
50 0.5 0.934375 1.0 0.0
38 0.12152777777777778 0.1251953125 0.24305555555555555 0.048046875
43 0.5725694444444445 0.1251953125 0.3284722222222222 0.048046875
327 0.5725694444444445 0.1251953125 0.6590277777777778 0.048046875
220 0.9701388888888889 0.11796875 0.04861111111111111 0.02734375
43 0.9020833333333333 0.101171875 0.0 0.0
8 0.5194444444444445 0.1439453125 0.9611111111111111 0.066015625
50 0.5 0.5423828125 1.0 0.783984375
43 1.0 0.101171875 0.0 0.0
16 1.0 0.175 0.0 0.0484375
38 1.0 0.198828125 0.0 0.0
38 1.0 0.25390625 0.0 0.0
38 1.0 0.308984375 0.0 0.0
38 1.0 0.3640625 0.0 0.0
38 1.0 0.419140625 0.0 0.0
38 1.0 0.47421875 0.0 0.0
38 1.0 0.529296875 0.0 0.0
38 1.0 0.584375 0.0 0.0
38 1.0 0.639453125 0.0 0.0
38 1.0 0.69453125 0.0 0.0
16 1.0 0.5177734375 0.0 0.833203125
4 0.0 0.1109375 0.0 0.0
38 0.0875 0.1453125 0.04861111111111111 0.02734375
43 0.5072916666666667 0.1439453125 0.7659722222222223 0.041015625
8 0.5194444444444445 0.2107421875 0.9611111111111111 0.066015625
38 0.03888888888888889 0.177734375 0.0 0.0
43 0.47673611111111114 0.2107421875 0.8270833333333333 0.041015625
16 0.5 0.177734375 1.0 0.13359375
231 0.5 0.2578125 1.0 0.02734375
71 0.5 0.3091796875 1.0 0.073828125
4 0.5 0.01640625 1.0 0.0328125
5 0.5 0.5 1.0 1.0
