17 0.0 0.0328125 0.0 0.0
38 0.5 0.2025390625 0.7291666666666666 0.339453125
374 0.4996527777777778 0.417578125 0.4326388888888889 0.090625
374 0.5 0.48671875 0.23194444444444445 0.04765625
374 0.4996527777777778 0.602734375 0.4048611111111111 0.04375
50 0.5 0.6029296875 0.7291666666666666 0.075390625
4 0.28680555555555554 0.70234375 0.30277777777777776 0.0015625
374 0.4996527777777778 0.70234375 0.08402777777777778 0.0359375
4 0.7128472222222222 0.70234375 0.3034722222222222 0.0015625
16 0.5 0.70234375 0.7291666666666666 0.0359375
374 0.4996527777777778 0.8015625 0.4465277777777778 0.04375
50 0.5 0.8017578125 0.7291666666666666 0.075390625
374 0.5 0.9087890625 0.7291666666666666 0.051171875
139 0.5 0.48359375 1.0 0.9015625
4 0.5 0.9671875 1.0 0.065625
4 0.5 0.01640625 1.0 0.0328125
5 0.5 0.5 1.0 1.0
