7 0.5 0.128125 0.975 0.02578125
375 0.34444444444444444 0.2708984375 0.19444444444444445 0.033203125
376 0.34444444444444444 0.27109375 0.19444444444444445 0.24609375
375 0.5388888888888889 0.2708984375 0.19444444444444445 0.033203125
376 0.5388888888888889 0.27109375 0.19444444444444445 0.24609375
7 0.6940972222222223 0.2708984375 0.09097222222222222 0.051171875
16 0.5 0.27109375 1.0 0.24609375
7 0.5 0.4140625 0.975 0.02578125
16 0.5 0.27109375 1.0 0.32578125
50 0.5 0.5212890625 1.0 0.826171875
6 0.019444444444444445 0.0703125 0.03888888888888889 0.021875
54 0.06736111111111111 0.0705078125 0.13472222222222222 0.075390625
16 0.24027777777777778 0.0705078125 0.2111111111111111 0.022265625
7 0.13472222222222222 0.059375 0.0 0.0
16 0.17291666666666666 0.0705078125 0.3458333333333333 0.075390625
143 0.9253472222222222 0.0705078125 0.14930555555555555 0.075390625
56 0.5 0.0705078125 1.0 0.075390625
57 0.0 0.0328125 0.0 0.0
53 0.5 0.4671875 1.0 0.934375
