377 0.0 0.0 0.0 0.0
378 0.5 0.4671875 1.0 0.934375
6 0.5 0.08203125 1.0 0.1640625
6 0.5 0.665625 1.0 0.5375
379 0.06805555555555555 0.03828125 0.1361111111111111 0.0765625
380 0.1361111111111111 0.020703125 0.0 0.0
7 0.2298611111111111 0.0380859375 0.15694444444444444 0.033203125
381 0.43194444444444446 0.03828125 0.5916666666666667 0.03515625
382 0.7958333333333333 0.03828125 0.1361111111111111 0.0765625
383 0.9319444444444445 0.03828125 0.1361111111111111 0.0765625
6 0.8638888888888889 0.0 0.0 0.0
8 0.5 0.03828125 1.0 0.0765625
384 0.23402777777777778 0.6185546875 0.3902777777777778 0.020703125
8 0.17465277777777777 0.72109375 0.34930555555555554 0.13359375
6 0.0 0.654296875 0.0 0.0
7 0.1125 0.7875 0.14722222222222223 0.02578125
7 0.25590277777777776 0.81328125 0.07152777777777777 0.02578125
8 0.14583333333333334 0.7990234375 0.2916666666666667 0.054296875
16 0.019444444444444445 0.82890625 0.03888888888888889 0.0
7 0.10659722222222222 0.81328125 0.07152777777777777 0.02578125
7 0.2065972222222222 0.81328125 0.027083333333333334 0.02578125
7 0.5 0.8048828125 1.0 0.048046875
385 0.5 0.46640625 1.0 0.7796875
7 0.090625 0.8560546875 0.18125 0.000390625
4 0.5954861111111112 0.878125 0.7798611111111111 0.04375
6 0.0 0.85625 0.0 0.0
16 0.5 0.8560546875 1.0 0.000390625
386 0.5 0.9005859375 1.0 0.088671875
384 0.0 0.9005859375 0.0 0.088671875
7 0.7836805555555556 0.098046875 0.36875 0.034375
7 0.9652777777777778 0.098046875 0.015277777777777777 0.034375
387 0.5 0.0958984375 1.0 0.038671875
6 0.9416666666666667 0.831640625 0.058333333333333334 0.0328125
6 0.08402777777777778 0.8953125 0.10972222222222222 0.06171875
7 0.22291666666666668 0.8845703125 0.10972222222222222 0.027734375
6 0.3277777777777778 0.884375 0.06111111111111111 0.01640625
388 0.38090277777777776 0.911328125 0.42569444444444443 0.0171875
114 0.8722222222222222 0.8953125 0.19722222222222222 0.0328125
8 0.5 0.8953125 1.0 0.078125
389 0.0 0.934375 0.0 0.0
384 0.5 0.1267578125 0.9222222222222223 0.051171875
390 0.8993055555555556 0.122265625 0.12777777777777777 0.03984375
391 0.17847222222222223 0.26875 0.2833333333333333 0.20078125
6 0.09097222222222222 0.199609375 0.07916666666666666 0.04609375
384 0.12152777777777778 0.27578125 0.16527777777777777 0.08203125
7 0.25277777777777777 0.26875 0.041666666666666664 0.0921875
8 0.17847222222222223 0.26875 0.2833333333333333 0.0921875
7 0.17847222222222223 0.337890625 0.13333333333333333 0.04609375
6 0.03680555555555556 0.168359375 0.0 0.0
4 0.33958333333333335 0.26875 0.03888888888888889 0.20078125
50 0.5006944444444444 0.26875 0.2833333333333333 0.20078125
392 0.33958333333333335 0.26875 0.6055555555555555 0.20078125
213 0.5 0.26875 0.9263888888888889 0.20078125
393 0.5 0.2283203125 1.0 0.303515625
7 0.0954861111111111 0.4259765625 0.11736111111111111 0.091796875
384 0.4732638888888889 0.51484375 0.86875 0.08203125
16 0.5 0.60390625 0.9222222222222223 0.08203125
7 0.5 0.6359375 0.9263888888888889 0.065625
8 0.5 0.7015625 0.9263888888888889 0.065625
7 0.5 0.7671875 0.9263888888888889 0.065625
394 0.5 0.4 1.0 0.8
4 0.5 0.1525390625 0.9222222222222223 0.000390625
384 0.5 0.19375 0.9222222222222223 0.08203125
384 0.5 0.27578125 0.9222222222222223 0.08203125
384 0.0 0.101171875 0.0 0.0
384 0.5 0.3658203125 0.9222222222222223 0.051171875
384 0.5 0.4328125 0.9222222222222223 0.08203125
6 0.03888888888888889 0.391796875 0.0 0.0
6 0.934375 0.51484375 0.05347222222222222 0.08203125
16 0.5 0.328515625 1.0 0.4546875
146 0.5 0.5177734375 1.0 0.833203125
384 0.18888888888888888 0.19375 0.3 0.08203125
384 0.65 0.19375 0.6222222222222222 0.08203125
384 0.5826388888888889 0.27578125 0.7569444444444444 0.08203125
384 0.15138888888888888 0.3578125 0.225 0.08203125
384 0.6125 0.3578125 0.6972222222222222 0.08203125
384 0.1545138888888889 0.43984375 0.23125 0.08203125
384 0.615625 0.43984375 0.6909722222222222 0.08203125
384 0.14305555555555555 0.521875 0.20833333333333334 0.08203125
384 0.6041666666666666 0.521875 0.7138888888888889 0.08203125
384 0.14097222222222222 0.593359375 0.20416666666666666 0.0296875
16 0.23402777777777778 0.60390625 0.3902777777777778 0.08203125
6 0.934375 0.6037109375 0.05347222222222222 0.030078125
59 0.42916666666666664 0.562890625 0.0 0.0
50 0.6951388888888889 0.60390625 0.5319444444444444 0.08203125
16 0.5 0.373046875 1.0 0.54375
