395 0.0 0.0328125 0.0 0.0
43 0.1361111111111111 0.0328125 0.0 0.0
8 0.5 0.06953125 0.5444444444444444 0.04921875
16 0.5 0.093359375 0.5444444444444444 0.0015625
6 0.7284722222222222 0.0693359375 0.03888888888888889 0.020703125
322 0.22777777777777777 0.04609375 0.0 0.0
396 0.2861111111111111 0.0693359375 0.11666666666666667 0.046484375
7 0.4791666666666667 0.0693359375 0.26944444444444443 0.046484375
323 0.4684027777777778 0.0693359375 0.48125 0.046484375
43 0.95625 0.04375 0.03888888888888889 0.021875
6 0.9208333333333333 0.06953125 0.06111111111111111 0.0234375
45 1.0 0.0703125 0.0 0.07265625
118 0.5 0.0697265625 1.0 0.073828125
16 0.07534722222222222 0.0841796875 0.10208333333333333 0.057421875
395 0.0 0.106640625 0.0 0.0
6 0.5 0.1080078125 1.0 0.002734375
16 0.0 0.390625 0.0 0.5625
397 0.5 0.390625 1.0 0.5625
16 1.0 0.390625 0.0 0.5625
398 0.5 0.6912109375 1.0 0.038671875
399 0.5 0.7572265625 0.9513888888888888 0.093359375
399 0.6545138888888888 0.820703125 0.18680555555555556 0.03359375
399 0.8739583333333333 0.820703125 0.2520833333333333 0.03359375
16 0.5 0.820703125 1.0 0.03359375
399 0.5 0.8609375 0.9513888888888888 0.046875
19 0.18263888888888888 0.9162109375 0.31666666666666665 0.036328125
43 0.6583333333333333 0.9162109375 0.6347222222222222 0.036328125
400 0.5121527777777778 0.923046875 0.9756944444444444 0.02265625
41 0.22256944444444443 0.9509765625 0.42569444444444443 0.033203125
41 0.6677083333333333 0.9509765625 0.42569444444444443 0.033203125
41 0.95 0.9509765625 0.1 0.033203125
106 0.5 0.9509765625 1.0 0.033203125
401 0.5 0.521875 1.0 0.825
19 0.5 0.5203125 0.11666666666666667 0.065625
8 0.0 0.934375 0.0 0.0
16 0.3888888888888889 0.07109375 0.7777777777777778 0.0109375
113 0.3888888888888889 0.48359375 0.7777777777777778 0.9015625
402 0.024305555555555556 0.046484375 0.0 0.0
399 0.27847222222222223 0.084375 0.25555555555555554 0.07578125
8 0.3888888888888889 0.084375 0.7291666666666666 0.07578125
400 0.13159722222222223 0.16015625 0.21458333333333332 0.02109375
395 0.07118055555555555 0.1931640625 0.09375 0.025390625
16 0.3888888888888889 0.177734375 0.7291666666666666 0.05625
16 0.3888888888888889 0.164453125 0.7777777777777778 0.26328125
403 0.13368055555555555 0.2578125 0.21875 0.04921875
395 0.278125 0.257421875 0.04513888888888889 0.03359375
395 0.43506944444444445 0.257421875 0.24375 0.03359375
16 0.3888888888888889 0.2578125 0.7777777777777778 0.0765625
16 0.06493055555555556 0.3326171875 0.08125 0.045703125
402 0.024305555555555556 0.309765625 0.0 0.0
400 0.4357638888888889 0.3326171875 0.6354166666666666 0.033984375
8 0.3888888888888889 0.3326171875 0.7777777777777778 0.073046875
16 0.06493055555555556 0.4056640625 0.08125 0.045703125
402 0.024305555555555556 0.3828125 0.0 0.0
400 0.4357638888888889 0.4056640625 0.6354166666666666 0.033984375
8 0.3888888888888889 0.4056640625 0.7777777777777778 0.073046875
16 0.06493055555555556 0.4787109375 0.08125 0.045703125
402 0.024305555555555556 0.455859375 0.0 0.0
400 0.4357638888888889 0.4787109375 0.6354166666666666 0.033984375
8 0.3888888888888889 0.4791015625 0.7777777777777778 0.073828125
402 0.024305555555555556 0.5296875 0.0 0.0
400 0.3951388888888889 0.5466796875 0.7166666666666667 0.033984375
402 0.024305555555555556 0.591015625 0.0 0.0
400 0.3951388888888889 0.6080078125 0.7166666666666667 0.033984375
402 0.024305555555555556 0.65234375 0.0 0.0
400 0.3951388888888889 0.6693359375 0.7166666666666667 0.033984375
402 0.024305555555555556 0.713671875 0.0 0.0
400 0.3951388888888889 0.7306640625 0.7166666666666667 0.033984375
402 0.024305555555555556 0.775 0.0 0.0
400 0.3951388888888889 0.7919921875 0.7166666666666667 0.033984375
10 0.3888888888888889 0.615234375 0.7777777777777778 0.63828125
5 0.5 0.5 1.0 1.0
4 0.5 0.9671875 1.0 0.065625
4 0.5 0.01640625 1.0 0.0328125
