405 0.0 0.0984375 0.0 0.0
88 0.5 0.442578125 0.9847222222222223 0.6796875
6 0.5 0.4375 0.6597222222222222 0.48671875
6 0.10902777777777778 0.127734375 0.19305555555555556 0.04453125
106 0.5 0.8234375 0.9847222222222223 0.08203125
16 0.10034722222222223 0.8234375 0.18541666666666667 0.08203125
6 0.9402777777777778 0.81015625 0.10972222222222222 0.06171875
16 0.09027777777777778 0.8890625 0.16527777777777777 0.08203125
16 0.25555555555555554 0.8890625 0.16527777777777777 0.08203125
16 0.42083333333333334 0.8890625 0.16527777777777777 0.08203125
16 0.5861111111111111 0.8890625 0.16527777777777777 0.08203125
16 0.7513888888888889 0.8890625 0.16527777777777777 0.08203125
106 0.5 0.8890625 0.9847222222222223 0.08203125
16 0.0 0.7765625 0.0 0.0
16 0.5 0.85546875 1.0 0.1578125
6 0.28125 0.1462890625 0.0 0.068359375
406 0.28125 0.1462890625 0.5625 0.095703125
16 0.5625 0.1462890625 0.0 0.068359375
6 0.671875 0.14609375 0.21875 0.04375
6 0.890625 0.14609375 0.21875 0.04375
16 0.5 0.1462890625 1.0 0.095703125
16 0.2857638888888889 0.8234375 0.18541666666666667 0.08203125
16 0.47118055555555555 0.8234375 0.18541666666666667 0.08203125
16 0.6565972222222223 0.8234375 0.18541666666666667 0.08203125
16 0.8420138888888888 0.8234375 0.18541666666666667 0.08203125
407 0.5 0.0984375 1.0 0.0
7 0.17152777777777778 0.1537109375 0.15138888888888888 0.091015625
16 0.17152777777777778 0.1537109375 0.3277777777777778 0.091015625
7 0.49930555555555556 0.1537109375 0.15138888888888888 0.091015625
16 0.49930555555555556 0.1537109375 0.3277777777777778 0.091015625
7 0.8270833333333333 0.1537109375 0.14305555555555555 0.091015625
16 0.8270833333333333 0.1537109375 0.3277777777777778 0.091015625
7 0.17152777777777778 0.2447265625 0.15138888888888888 0.091015625
16 0.17152777777777778 0.2447265625 0.3277777777777778 0.091015625
7 0.49930555555555556 0.2447265625 0.15138888888888888 0.091015625
16 0.49930555555555556 0.2447265625 0.3277777777777778 0.091015625
7 0.8270833333333333 0.2447265625 0.15138888888888888 0.091015625
16 0.8270833333333333 0.2447265625 0.3277777777777778 0.091015625
7 0.17152777777777778 0.3357421875 0.15138888888888888 0.091015625
16 0.17152777777777778 0.3357421875 0.3277777777777778 0.091015625
7 0.49930555555555556 0.3357421875 0.15138888888888888 0.091015625
16 0.49930555555555556 0.3357421875 0.3277777777777778 0.091015625
7 0.8270833333333333 0.3357421875 0.15138888888888888 0.091015625
16 0.8270833333333333 0.3357421875 0.3277777777777778 0.091015625
7 0.17152777777777778 0.4267578125 0.15138888888888888 0.091015625
16 0.17152777777777778 0.4267578125 0.3277777777777778 0.091015625
7 0.49930555555555556 0.4267578125 0.15138888888888888 0.091015625
16 0.49930555555555556 0.4267578125 0.3277777777777778 0.091015625
7 0.8270833333333333 0.4267578125 0.15138888888888888 0.091015625
16 0.8270833333333333 0.4267578125 0.3277777777777778 0.091015625
7 0.17152777777777778 0.5177734375 0.15138888888888888 0.091015625
16 0.17152777777777778 0.5177734375 0.3277777777777778 0.091015625
7 0.49930555555555556 0.5177734375 0.15138888888888888 0.091015625
16 0.49930555555555556 0.5177734375 0.3277777777777778 0.091015625
7 0.8270833333333333 0.5177734375 0.14305555555555555 0.091015625
16 0.8270833333333333 0.5177734375 0.3277777777777778 0.091015625
7 0.17152777777777778 0.6087890625 0.15138888888888888 0.091015625
16 0.17152777777777778 0.6087890625 0.3277777777777778 0.091015625
7 0.49930555555555556 0.6087890625 0.15138888888888888 0.091015625
16 0.49930555555555556 0.6087890625 0.3277777777777778 0.091015625
7 0.8270833333333333 0.6087890625 0.14305555555555555 0.091015625
16 0.8270833333333333 0.6087890625 0.3277777777777778 0.091015625
7 0.17152777777777778 0.6998046875 0.15138888888888888 0.091015625
16 0.17152777777777778 0.6998046875 0.3277777777777778 0.091015625
7 0.49930555555555556 0.6998046875 0.14305555555555555 0.091015625
16 0.49930555555555556 0.6998046875 0.3277777777777778 0.091015625
7 0.8270833333333333 0.6998046875 0.15138888888888888 0.091015625
16 0.8270833333333333 0.6998046875 0.3277777777777778 0.091015625
7 0.17152777777777778 0.7638671875 0.15138888888888888 0.037109375
16 0.17152777777777778 0.7638671875 0.3277777777777778 0.037109375
7 0.49930555555555556 0.7638671875 0.14305555555555555 0.037109375
16 0.49930555555555556 0.7638671875 0.3277777777777778 0.037109375
7 0.8270833333333333 0.7638671875 0.15138888888888888 0.037109375
16 0.8270833333333333 0.7638671875 0.3277777777777778 0.037109375
6 0.9923611111111111 0.108203125 0.0 0.0
16 0.9923611111111111 0.1537109375 0.0 0.091015625
16 0.9923611111111111 0.2447265625 0.0 0.091015625
16 0.9923611111111111 0.3357421875 0.0 0.091015625
16 0.9923611111111111 0.4267578125 0.0 0.091015625
16 0.9923611111111111 0.5177734375 0.0 0.091015625
16 0.9923611111111111 0.6087890625 0.0 0.091015625
16 0.9923611111111111 0.6998046875 0.0 0.091015625
16 0.9923611111111111 0.7638671875 0.0 0.037109375
8 0.9923611111111111 0.4453125 0.0 0.67421875
408 0.5 0.48359375 0.9847222222222223 0.76171875
8 0.5 0.51640625 1.0 0.8359375
54 0.0 0.0328125 0.0 0.0
143 0.6597222222222222 0.065625 0.1361111111111111 0.065625
143 0.7958333333333333 0.065625 0.1361111111111111 0.065625
143 0.9319444444444445 0.065625 0.1361111111111111 0.065625
55 0.7958333333333333 0.065625 0.4083333333333333 0.065625
56 0.5 0.065625 1.0 0.065625
53 0.5 0.4671875 1.0 0.934375
