8 0.0 0.0328125 0.0 0.0
16 0.07465277777777778 0.0654296875 0.14930555555555555 0.051953125
4 0.15555555555555556 0.065625 0.002777777777777778 0.06015625
16 0.5930555555555556 0.065625 0.8138888888888889 0.065625
16 0.99375 0.065625 0.0125 0.065625
409 0.5 0.065625 1.0 0.065625
16 0.0 0.0984375 0.0 0.0
410 0.5 0.51640625 1.0 0.8359375
19 0.5 0.51640625 0.11666666666666667 0.065625
7 0.5 0.4708984375 0.7569444444444444 0.068359375
114 0.5 0.5642578125 0.8541666666666666 0.063671875
7 0.175 0.13203125 0.3013888888888889 0.03984375
7 0.8993055555555556 0.13203125 0.1527777777777778 0.03984375
8 0.5 0.13203125 1.0 0.0671875
114 0.3659722222222222 0.825 0.24305555555555555 0.13671875
114 0.6333333333333333 0.825 0.24305555555555555 0.13671875
16 0.4996527777777778 0.825 0.5104166666666666 0.13671875
114 0.08506944444444445 0.8865234375 0.12152777777777778 0.068359375
50 0.5 0.838671875 1.0 0.1640625
334 0.5 0.930078125 1.0 0.00859375
5 0.5 0.4671875 1.0 0.934375
