38 0.10277777777777777 0.1703125 0.0 0.0
43 0.5 0.198046875 0.6777777777777778 0.05546875
43 0.35381944444444446 0.2568359375 0.3854166666666667 0.062109375
16 0.5 0.24140625 0.7944444444444444 0.1421875
411 0.8972222222222223 0.5162109375 0.0 0.407421875
412 0.5 0.5162109375 0.7944444444444444 0.407421875
411 0.10277777777777777 0.5162109375 0.0 0.407421875
44 0.2013888888888889 0.358984375 0.11666666666666667 0.065625
44 0.7986111111111112 0.358984375 0.11666666666666667 0.065625
413 0.10277777777777777 0.3125 0.0 0.0
16 0.5 0.4833984375 0.7944444444444444 0.626171875
71 0.10277777777777777 0.719921875 0.0 0.0
414 0.41944444444444445 0.791015625 0.575 0.0
71 0.7875 0.758203125 0.16111111111111112 0.065625
47 0.5 0.758203125 0.7944444444444444 0.0765625
5 0.5 0.4833984375 0.8722222222222222 0.669921875
