0 0.0 0.0 0.0 0.0
8 0.08229166666666667 0.0767578125 0.13958333333333334 0.073828125
8 0.37395833333333334 0.0767578125 0.41875 0.068359375
4 0.5875 0.0767578125 0.002777777777777778 0.087890625
6 0.6590277777777778 0.0767578125 0.14027777777777778 0.087890625
16 0.3645833333333333 0.0767578125 0.7291666666666666 0.087890625
114 0.3645833333333333 0.15234375 0.7291666666666666 0.06328125
114 0.3645833333333333 0.215625 0.7291666666666666 0.06328125
8 0.3645833333333333 0.27890625 0.7291666666666666 0.06328125
7 0.0 0.247265625 0.0 0.0
114 0.3645833333333333 0.3421875 0.7291666666666666 0.06328125
114 0.3645833333333333 0.40546875 0.7291666666666666 0.06328125
114 0.3645833333333333 0.46875 0.7291666666666666 0.06328125
8 0.3645833333333333 0.53203125 0.7291666666666666 0.06328125
7 0.6579861111111112 0.533203125 0.09375 0.03828125
8 0.3645833333333333 0.5953125 0.7291666666666666 0.06328125
7 0.0 0.563671875 0.0 0.0
8 0.3645833333333333 0.65859375 0.7291666666666666 0.06328125
7 0.0 0.626953125 0.0 0.0
114 0.3645833333333333 0.721875 0.7291666666666666 0.06328125
114 0.3645833333333333 0.78515625 0.7291666666666666 0.06328125
114 0.3645833333333333 0.851171875 0.7291666666666666 0.0546875
16 0.3645833333333333 0.48359375 0.7291666666666666 0.9015625
5 0.5 0.4671875 1.0 0.934375
4 0.7211805555555556 0.48359375 0.014583333333333334 0.9015625
16 0.803125 0.0654296875 0.14930555555555555 0.051953125
6 0.7284722222222222 0.0328125 0.0 0.0
4 0.8840277777777777 0.065625 0.002777777777777778 0.06015625
16 0.9572916666666667 0.065625 0.08541666666666667 0.065625
409 0.8642361111111111 0.065625 0.27152777777777776 0.065625
16 0.7284722222222222 0.0984375 0.0 0.0
8 0.8642361111111111 0.173828125 0.27152777777777776 0.15078125
6 0.9600694444444444 0.2287109375 0.024305555555555556 0.013671875
8 0.8642361111111111 0.48359375 0.27152777777777776 0.9015625
