0 0.0 0.0 0.0 0.0
7 0.5 0.036328125 1.0 0.00703125
375 0.30625 0.4505859375 0.15555555555555556 0.022265625
376 0.30625 0.45078125 0.15555555555555556 0.24609375
7 0.4027777777777778 0.45078125 0.008333333333333333 0.02578125
375 0.49930555555555556 0.4505859375 0.15555555555555556 0.022265625
376 0.49930555555555556 0.45078125 0.15555555555555556 0.24609375
16 0.4027777777777778 0.45078125 0.3875 0.28984375
375 0.69375 0.4505859375 0.15555555555555556 0.022265625
376 0.69375 0.45078125 0.15555555555555556 0.24609375
16 0.5 0.45078125 0.6208333333333333 0.28984375
224 0.5 0.63515625 0.21388888888888888 0.065625
8 0.5 0.48359375 0.6444444444444445 0.36875
114 0.25972222222222224 0.887890625 0.4708333333333333 0.065625
114 0.7402777777777778 0.887890625 0.4708333333333333 0.065625
16 0.5 0.887890625 0.9513888888888888 0.065625
8 0.5 0.48359375 1.0 0.9015625
4 0.5 0.9671875 1.0 0.065625
5 0.5 0.5 1.0 1.0
