17 0.0 0.0 0.0 0.0
118 0.5 0.0328125 1.0 0.0
118 0.5 0.0724609375 1.0 0.079296875
415 0.05659722222222222 0.0697265625 0.06319444444444444 0.035546875
416 0.5 0.0724609375 0.18888888888888888 0.044921875
415 0.9434027777777778 0.0697265625 0.06319444444444444 0.035546875
41 0.5 0.2302734375 0.975 0.214453125
416 0.5 0.308203125 0.9625 0.04921875
41 0.5 0.4447265625 0.975 0.214453125
416 0.5 0.52265625 0.9625 0.04921875
41 0.5 0.6591796875 0.975 0.214453125
416 0.5 0.737109375 0.9625 0.04921875
106 0.5 0.4890625 1.0 0.75390625
417 0.0 0.866015625 0.0 0.0
16 0.5 0.9001953125 1.0 0.068359375
16 0.5 0.48359375 1.0 0.9015625
416 0.25 0.9185546875 0.05277777777777778 0.012890625
16 0.25 0.9001953125 0.5 0.068359375
418 0.7496527777777777 0.8900390625 0.05347222222222222 0.030078125
416 0.7496527777777777 0.9185546875 0.11458333333333333 0.012890625
16 0.75 0.9001953125 0.5 0.068359375
5 0.5 0.5 1.0 1.0
4 0.5 0.9671875 1.0 0.065625
