17 0.0 0.0328125 0.0 0.0
71 0.853125 0.07109375 0.2548611111111111 0.065625
7 0.22118055555555555 0.0708984375 0.15069444444444444 0.036328125
52 0.06805555555555555 0.07109375 0.1361111111111111 0.0765625
45 1.0 0.07109375 0.0 0.0765625
80 0.5 0.07109375 1.0 0.0765625
43 0.26979166666666665 0.1423828125 0.4618055555555556 0.022265625
38 0.03888888888888889 0.164453125 0.0 0.0
43 0.10069444444444445 0.1845703125 0.059722222222222225 0.040234375
16 0.15555555555555556 0.1845703125 0.23333333333333334 0.040234375
43 0.3371527777777778 0.18359375 0.12986111111111112 0.02734375
43 0.4638888888888889 0.18359375 0.08472222222222223 0.02734375
16 0.6069444444444444 0.18359375 0.6694444444444444 0.02734375
16 0.5097222222222222 0.16796875 0.9416666666666667 0.0734375
16 0.5 0.262890625 0.9222222222222223 0.02578125
43 0.15555555555555556 0.299609375 0.23333333333333334 0.02578125
43 0.31319444444444444 0.262890625 0.08194444444444444 0.02578125
43 0.39166666666666666 0.299609375 0.2388888888888889 0.02578125
43 0.03888888888888889 0.28671875 0.0 0.0
16 0.5 0.336328125 0.9222222222222223 0.02578125
43 0.15555555555555556 0.336328125 0.23333333333333334 0.02578125
43 0.6166666666666667 0.336328125 0.6888888888888889 0.02578125
38 0.0 0.109375 0.0 0.0
43 0.3597222222222222 0.3712890625 0.6416666666666667 0.022265625
16 0.5 0.37265625 1.0 0.025
16 0.5 0.25 1.0 0.28125
71 0.4996527777777778 0.45625 0.5715277777777777 0.065625
16 0.5 0.4671875 0.8833333333333333 0.0875
43 0.058333333333333334 0.4234375 0.0 0.0
16 0.5 0.4671875 1.0 0.153125
16 0.5 0.3265625 1.0 0.434375
34 0.5 0.48359375 1.0 0.9015625
5 0.5 0.5 1.0 1.0
4 0.5 0.9671875 1.0 0.065625
4 0.5 0.01640625 1.0 0.0328125
