16 0.2864583333333333 0.0888671875 0.5729166666666666 0.068359375
16 0.2767361111111111 0.1380859375 0.5534722222222223 0.030078125
6 0.2767361111111111 0.2140625 0.5534722222222223 0.0015625
6 0.2767361111111111 0.27578125 0.5534722222222223 0.0015625
7 0.2864583333333333 0.306640625 0.5729166666666666 0.06015625
16 0.2767361111111111 0.3517578125 0.5534722222222223 0.030078125
6 0.2767361111111111 0.427734375 0.5534722222222223 0.0015625
6 0.2767361111111111 0.489453125 0.5534722222222223 0.0015625
6 0.2767361111111111 0.551171875 0.5534722222222223 0.0015625
6 0.2767361111111111 0.612890625 0.5534722222222223 0.0015625
7 0.2864583333333333 0.64375 0.5729166666666666 0.06015625
16 0.2767361111111111 0.6888671875 0.5534722222222223 0.030078125
7 0.2864583333333333 0.733984375 0.5729166666666666 0.06015625
16 0.2767361111111111 0.7791015625 0.5534722222222223 0.030078125
6 0.2767361111111111 0.855078125 0.5534722222222223 0.0015625
6 0.2767361111111111 0.916796875 0.5534722222222223 0.0015625
7 0.2864583333333333 0.9259765625 0.5729166666666666 0.016796875
206 0.2864583333333333 0.48359375 0.5729166666666666 0.9015625
419 0.5 0.51640625 1.0 0.8359375
16 0.0 0.0984375 0.0 0.0
6 0.10590277777777778 0.1619140625 0.18263888888888888 0.102734375
7 0.6059027777777778 0.11953125 0.7881944444444444 0.02578125
7 0.35138888888888886 0.163671875 0.07777777777777778 0.02578125
7 0.35104166666666664 0.1876953125 0.14375 0.022265625
16 0.35138888888888886 0.1748046875 0.2791666666666667 0.068359375
6 0.49236111111111114 0.1748046875 0.002777777777777778 0.068359375
7 0.5979166666666667 0.1876953125 0.08333333333333333 0.022265625
16 0.5982638888888889 0.1748046875 0.20902777777777778 0.068359375
6 0.7041666666666667 0.1748046875 0.002777777777777778 0.068359375
7 0.8451388888888889 0.163671875 0.019444444444444445 0.02578125
7 0.8451388888888889 0.1876953125 0.18333333333333332 0.022265625
16 0.8454861111111112 0.1748046875 0.2798611111111111 0.068359375
16 0.5986111111111111 0.1619140625 0.8027777777777778 0.110546875
16 0.5 0.1619140625 1.0 0.110546875
7 0.0875 0.262109375 0.09722222222222222 0.0296875
16 0.5 0.262109375 0.9222222222222223 0.0296875
7 0.5 0.4123046875 0.9222222222222223 0.270703125
16 0.07743055555555556 0.5806640625 0.07708333333333334 0.051953125
16 0.18333333333333332 0.5806640625 0.10555555555555556 0.051953125
16 0.2881944444444444 0.5806640625 0.075 0.051953125
7 0.2881944444444444 0.5955078125 0.075 0.022265625
16 0.18958333333333333 0.5806640625 0.3013888888888889 0.051953125
16 0.7555555555555555 0.58046875 0.13194444444444445 0.04921875
6 0.7777777777777778 0.58046875 0.0875 0.04921875
16 0.8951388888888889 0.58046875 0.13194444444444445 0.04921875
6 0.9173611111111111 0.58046875 0.0875 0.04921875
16 0.8253472222222222 0.58046875 0.27152777777777776 0.04921875
8 0.5 0.5806640625 0.9222222222222223 0.051953125
16 0.5 0.4337890625 1.0 0.416796875
16 0.12430555555555556 0.6751953125 0.24861111111111112 0.066015625
16 0.37430555555555556 0.6751953125 0.24861111111111112 0.066015625
16 0.6246527777777777 0.6751953125 0.24930555555555556 0.066015625
16 0.8753472222222223 0.6751953125 0.24930555555555556 0.066015625
107 0.5 0.6751953125 1.0 0.066015625
420 0.5 0.78984375 1.0 0.16328125
6 0.019444444444444445 0.741015625 0.0 0.0
16 0.5076388888888889 0.897265625 0.9069444444444444 0.0515625
6 0.019444444444444445 0.844140625 0.0 0.0
6 0.04652777777777778 0.91484375 0.015277777777777777 0.08671875
7 0.47118055555555555 0.8984375 0.8340277777777778 0.05390625
7 0.9246527777777778 0.897265625 0.07291666666666667 0.0515625
7 0.5076388888888889 0.921875 0.9069444444444444 0.10078125
8 0.5 0.891796875 0.9611111111111111 0.040625
16 0.5 0.741015625 0.9611111111111111 0.0
7 0.5 0.775 0.9222222222222223 0.04609375
16 0.5 0.75859375 1.0 0.10078125
7 0.9423611111111111 0.834765625 0.0375 0.0296875
16 0.5 0.840234375 1.0 0.0625
420 0.0 0.708203125 0.0 0.0
16 0.5 0.7568359375 1.0 0.229296875
16 0.5 0.4849609375 1.0 0.773046875
56 0.5 0.065625 1.0 0.065625
421 0.5 0.934375 0.0 0.0
54 0.03715277777777778 0.065625 0.07430555555555556 0.065625
6 0.4690972222222222 0.0654296875 0.37430555555555556 0.041015625
8 0.4690972222222222 0.065625 0.7895833333333333 0.065625
143 0.9319444444444445 0.065625 0.1361111111111111 0.065625
57 0.0 0.0328125 0.0 0.0
