0 0.0 0.0 0.0 0.0
6 0.06805555555555555 0.07109375 0.11666666666666667 0.065625
6 0.9298611111111111 0.0708984375 0.10138888888888889 0.069140625
8 0.5 0.07109375 1.0 0.0765625
50 0.0 0.109375 0.0 0.0
16 0.5 0.259765625 1.0 0.30078125
8 0.5 0.41015625 1.0 0.0
16 0.5 0.485546875 1.0 0.15078125
8 0.5 0.5609375 1.0 0.0
16 0.5 0.667578125 1.0 0.21328125
8 0.5 0.81171875 1.0 0.075
8 0.5 0.8861328125 1.0 0.040234375
103 0.5 0.4876953125 1.0 0.756640625
194 0.5 0.109375 0.09722222222222222 0.0
195 0.5 0.9001953125 0.7777777777777778 0.068359375
16 0.5 0.4671875 1.0 0.934375
4 0.5 0.9671875 1.0 0.065625
4 0.5 0.01640625 1.0 0.0328125
5 0.5 0.5 1.0 1.0
