0 0.0 0.0 0.0 0.0
422 0.06805555555555555 0.330078125 0.0 0.0
422 0.13055555555555556 0.3560546875 0.1 0.051953125
423 0.13680555555555557 0.35625 0.0 0.0
424 0.30277777777777776 0.36875 0.19583333333333333 0.02578125
424 0.4565972222222222 0.36875 0.11180555555555556 0.02578125
422 0.2916666666666667 0.3560546875 0.44722222222222224 0.051953125
425 0.5 0.3560546875 0.8638888888888889 0.051953125
16 0.5 0.429296875 0.9125 0.06640625
426 0.04375 0.39609375 0.0 0.0
427 0.5 0.429296875 0.8472222222222222 0.0296875
428 0.08125 0.465234375 0.0 0.0
429 0.1638888888888889 0.514453125 0.10694444444444444 0.06015625
430 0.5680555555555555 0.50078125 0.6527777777777778 0.0453125
430 0.28229166666666666 0.5384765625 0.08125 0.024609375
431 0.5 0.514453125 0.8472222222222222 0.10390625
432 0.5 0.4904296875 0.9125 0.188671875
433 0.5 0.61796875 0.9125 0.065625
424 0.04375 0.58515625 0.0 0.0
423 0.12013888888888889 0.61796875 0.0875 0.03984375
423 0.24097222222222223 0.61796875 0.08055555555555556 0.03984375
423 0.35208333333333336 0.61796875 0.06805555555555555 0.03984375
4 0.6107638888888889 0.61796875 0.37569444444444444 0.065625
424 0.8611111111111112 0.61796875 0.125 0.065625
434 0.5 0.48359375 0.9513888888888888 0.35625
16 0.5 0.4671875 1.0 0.934375
4 0.5 0.9671875 1.0 0.065625
4 0.5 0.01640625 1.0 0.0328125
5 0.5 0.5 1.0 1.0
