16 0.044444444444444446 0.0328125 0.0 0.0
6 0.10277777777777777 0.04375 0.0 0.0
48 0.5 0.0873046875 0.7944444444444444 0.040234375
7 0.5 0.1599609375 0.8722222222222222 0.051953125
16 0.5 0.0833984375 0.9111111111111111 0.101171875
8 0.5 0.1751953125 0.8722222222222222 0.082421875
6 0.8875 0.175 0.04861111111111111 0.08203125
8 0.5 0.2583984375 0.8722222222222222 0.082421875
6 0.8875 0.258203125 0.04861111111111111 0.08203125
8 0.5 0.3416015625 0.8722222222222222 0.082421875
6 0.8875 0.34140625 0.04861111111111111 0.08203125
8 0.5 0.4248046875 0.8722222222222222 0.082421875
6 0.8875 0.424609375 0.04861111111111111 0.08203125
8 0.5 0.5080078125 0.8722222222222222 0.082421875
6 0.8875 0.5078125 0.04861111111111111 0.08203125
8 0.5 0.5912109375 0.8722222222222222 0.082421875
6 0.8875 0.591015625 0.04861111111111111 0.08203125
8 0.5 0.6744140625 0.8722222222222222 0.082421875
6 0.8875 0.67421875 0.04861111111111111 0.08203125
8 0.5 0.7576171875 0.8722222222222222 0.082421875
6 0.8875 0.757421875 0.04861111111111111 0.08203125
8 0.5 0.8408203125 0.8722222222222222 0.082421875
6 0.8875 0.840625 0.04861111111111111 0.08203125
8 0.5 0.903125 0.8722222222222222 0.040625
6 0.8875 0.903125 0.04861111111111111 0.040625
49 0.5 0.5287109375 0.8722222222222222 0.789453125
5 0.5 0.48359375 0.95 0.9015625
