17 0.0 0.0 0.0 0.0
18 0.5 0.123046875 1.0 0.24609375
43 0.03888888888888889 0.0708984375 0.0 0.036328125
4 0.4027777777777778 0.07109375 0.7277777777777777 0.0765625
22 0.8347222222222223 0.07109375 0.1361111111111111 0.065625
173 0.9513888888888888 0.07109375 0.09722222222222222 0.065625
80 0.5 0.07109375 1.0 0.0765625
43 0.5753472222222222 0.2916015625 0.7993055555555556 0.033203125
43 0.5753472222222222 0.3359375 0.7993055555555556 0.05546875
38 0.10034722222222223 0.3146484375 0.12152777777777778 0.068359375
8 0.5 0.3119140625 0.975 0.117578125
71 0.5 0.4166015625 0.95 0.077734375
41 0.5 0.3578125 0.975 0.209375
43 0.5753472222222222 0.546484375 0.7993055555555556 0.0296875
38 0.10034722222222223 0.5380859375 0.12152777777777778 0.068359375
8 0.5 0.53203125 0.975 0.1109375
71 0.5 0.6333984375 0.95 0.077734375
41 0.5 0.5779296875 0.975 0.202734375
19 0.5 0.795703125 0.975 0.065625
435 0.5 0.7958984375 0.975 0.205078125
43 0.5753472222222222 0.9509765625 0.7993055555555556 0.033203125
38 0.10034722222222223 0.937109375 0.12152777777777778 0.00546875
436 0.5 0.9001953125 1.0 0.068359375
31 0.5 0.590234375 1.0 0.68828125
32 0.9194444444444444 0.24609375 0.1361111111111111 0.0765625
6 0.06736111111111111 0.9 0.10972222222222222 0.06171875
7 0.33611111111111114 0.8830078125 0.42777777777777776 0.033984375
7 0.6493055555555556 0.9 0.1986111111111111 0.040625
437 0.15625 0.9138671875 0.09027777777777778 0.041015625
6 0.27569444444444446 0.9138671875 0.041666666666666664 0.027734375
6 0.3173611111111111 0.9138671875 0.041666666666666664 0.027734375
438 0.23402777777777778 0.9138671875 0.20833333333333334 0.027734375
439 0.3888888888888889 0.9001953125 0.7777777777777778 0.068359375
8 0.5 0.9001953125 0.7777777777777778 0.068359375
5 0.5 0.5 1.0 1.0
4 0.5 0.9671875 1.0 0.065625
4 0.5 0.01640625 1.0 0.0328125
