16 0.5 0.51640625 1.0 0.8359375
50 0.5 0.934375 1.0 0.0
8 0.0 0.0984375 0.0 0.0
16 0.058333333333333334 0.1421875 0.0 0.0875
7 0.16493055555555555 0.1291015625 0.21319444444444444 0.033203125
7 0.3836805555555556 0.15859375 0.6506944444444445 0.02578125
8 0.4392361111111111 0.1419921875 0.7618055555555555 0.075390625
16 0.8784722222222222 0.1421875 0.11666666666666667 0.0875
16 0.5 0.1421875 0.9222222222222223 0.0875
6 0.058333333333333334 0.18671875 0.0 0.0
16 0.058333333333333334 0.23046875 0.0 0.0875
7 0.16458333333333333 0.2173828125 0.2125 0.033203125
7 0.3177083333333333 0.246875 0.51875 0.02578125
8 0.4392361111111111 0.2302734375 0.7618055555555555 0.075390625
16 0.8784722222222222 0.23046875 0.11666666666666667 0.0875
16 0.5 0.23046875 0.9222222222222223 0.0875
6 0.058333333333333334 0.275 0.0 0.0
16 0.058333333333333334 0.31875 0.0 0.0875
7 0.171875 0.3185546875 0.22708333333333333 0.033203125
8 0.4392361111111111 0.3185546875 0.7618055555555555 0.049609375
16 0.8784722222222222 0.31875 0.11666666666666667 0.0875
16 0.5 0.31875 0.9222222222222223 0.0875
6 0.058333333333333334 0.36328125 0.0 0.0
16 0.058333333333333334 0.40703125 0.0 0.0875
7 0.24895833333333334 0.4068359375 0.38125 0.033203125
8 0.4392361111111111 0.4068359375 0.7618055555555555 0.049609375
16 0.8784722222222222 0.40703125 0.11666666666666667 0.0875
16 0.5 0.40703125 0.9222222222222223 0.0875
6 0.058333333333333334 0.4515625 0.0 0.0
16 0.058333333333333334 0.4953125 0.0 0.0875
7 0.31319444444444444 0.4822265625 0.5097222222222222 0.033203125
7 0.215625 0.51171875 0.3145833333333333 0.02578125
8 0.4392361111111111 0.4951171875 0.7618055555555555 0.075390625
16 0.8784722222222222 0.4953125 0.11666666666666667 0.0875
16 0.5 0.4953125 0.9222222222222223 0.0875
16 0.03888888888888889 0.53984375 0.0 0.0
16 0.058333333333333334 0.58359375 0.0 0.0875
7 0.24444444444444444 0.5833984375 0.37222222222222223 0.033203125
8 0.49756944444444445 0.5833984375 0.8784722222222222 0.049609375
16 0.03888888888888889 0.628125 0.0 0.0
16 0.058333333333333334 0.671875 0.0 0.0875
7 0.2951388888888889 0.6716796875 0.4736111111111111 0.033203125
8 0.49756944444444445 0.6716796875 0.8784722222222222 0.049609375
7 0.5 0.73828125 0.9222222222222223 0.04375
6 0.058333333333333334 0.7609375 0.0 0.0
16 0.058333333333333334 0.8046875 0.0 0.0875
7 0.2864583333333333 0.8044921875 0.45625 0.033203125
8 0.4392361111111111 0.8044921875 0.7618055555555555 0.049609375
16 0.8784722222222222 0.8046875 0.11666666666666667 0.0875
16 0.5 0.8046875 0.9222222222222223 0.0875
6 0.058333333333333334 0.84921875 0.0 0.0
16 0.058333333333333334 0.891796875 0.0 0.08515625
7 0.271875 0.8927734375 0.4270833333333333 0.033203125
8 0.4392361111111111 0.8927734375 0.7618055555555555 0.049609375
16 0.8784722222222222 0.891796875 0.11666666666666667 0.08515625
16 0.5 0.891796875 0.9222222222222223 0.08515625
57 0.0 0.0328125 0.0 0.0
54 0.06875 0.065625 0.09722222222222222 0.065625
16 0.2065972222222222 0.0654296875 0.17847222222222223 0.033203125
7 0.11736111111111111 0.048828125 0.0 0.0
16 0.1579861111111111 0.065625 0.27569444444444446 0.065625
55 1.0 0.065625 0.0 0.065625
56 0.5 0.065625 1.0 0.065625
56 0.0 0.0 0.0 0.0
53 0.5 0.4671875 1.0 0.934375
4 0.5 0.01640625 1.0 0.0328125
