120 0.0 0.0328125 0.0 0.0
441 0.46111111111111114 0.07109375 0.8444444444444444 0.0765625
52 0.9416666666666667 0.07109375 0.11666666666666667 0.0765625
80 0.5 0.07109375 1.0 0.0765625
442 0.5 0.1474609375 0.9513888888888888 0.062109375
4 0.49930555555555556 0.179296875 0.31666666666666665 0.0015625
4 0.8159722222222222 0.179296875 0.31666666666666665 0.0015625
8 0.18263888888888888 0.3052734375 0.31666666666666665 0.253515625
443 0.18263888888888888 0.38515625 0.31666666666666665 0.065625
4 0.18263888888888888 0.179296875 0.31666666666666665 0.0015625
4 0.18263888888888888 0.4328125 0.31666666666666665 0.0015625
8 0.49930555555555556 0.3052734375 0.31666666666666665 0.253515625
443 0.49930555555555556 0.38515625 0.31666666666666665 0.065625
4 0.49930555555555556 0.4328125 0.31666666666666665 0.0015625
8 0.8159722222222222 0.3052734375 0.31666666666666665 0.253515625
443 0.8159722222222222 0.38515625 0.31666666666666665 0.065625
4 0.8159722222222222 0.4328125 0.31666666666666665 0.0015625
8 0.18263888888888888 0.5587890625 0.31666666666666665 0.253515625
443 0.18263888888888888 0.638671875 0.31666666666666665 0.065625
4 0.18263888888888888 0.686328125 0.31666666666666665 0.0015625
8 0.49930555555555556 0.5587890625 0.31666666666666665 0.253515625
443 0.49930555555555556 0.638671875 0.31666666666666665 0.065625
4 0.49930555555555556 0.686328125 0.31666666666666665 0.0015625
8 0.8159722222222222 0.5587890625 0.31666666666666665 0.253515625
443 0.8159722222222222 0.638671875 0.31666666666666665 0.065625
4 0.8159722222222222 0.686328125 0.31666666666666665 0.0015625
8 0.18263888888888888 0.7716796875 0.31666666666666665 0.172265625
443 0.18263888888888888 0.85859375 0.31666666666666665 0.0015625
8 0.49930555555555556 0.7716796875 0.31666666666666665 0.172265625
443 0.49930555555555556 0.85859375 0.31666666666666665 0.0015625
8 0.8159722222222222 0.7716796875 0.31666666666666665 0.172265625
443 0.8159722222222222 0.85859375 0.31666666666666665 0.0015625
444 0.5 0.48359375 1.0 0.7484375
445 0.5 0.8578125 1.0 0.0
6 0.09583333333333334 0.89609375 0.19166666666666668 0.04921875
6 0.2878472222222222 0.89609375 0.19236111111111112 0.04921875
6 0.4996527777777778 0.89609375 0.19236111111111112 0.0625
6 0.7114583333333333 0.89609375 0.19236111111111112 0.04921875
6 0.9038194444444444 0.89609375 0.19236111111111112 0.04921875
446 0.5 0.48359375 1.0 0.9015625
447 0.0 0.7375 0.0 0.0
447 0.5 0.7703125 1.0 0.065625
4 0.5729166666666666 0.80390625 0.8541666666666666 0.0015625
6 0.07083333333333333 0.903125 0.06805555555555555 0.03828125
447 0.5524305555555555 0.90234375 0.8951388888888889 0.0640625
4 0.5 0.9671875 1.0 0.065625
447 0.0 0.86875 0.0 0.0
447 0.5729166666666666 0.9359375 0.8541666666666666 0.003125
447 0.5 0.2158203125 0.7083333333333334 0.041015625
447 0.5 0.2568359375 0.7083333333333334 0.041015625
6 0.3229166666666667 0.351171875 0.11666666666666667 0.065625
447 0.3229166666666667 0.4345703125 0.3541666666666667 0.101171875
6 0.6770833333333334 0.351171875 0.11666666666666667 0.065625
447 0.6770833333333334 0.4345703125 0.3541666666666667 0.101171875
447 0.14583333333333334 0.318359375 0.0 0.0
16 0.5 0.4017578125 0.7083333333333334 0.166796875
447 0.5 0.5365234375 0.7083333333333334 0.075390625
8 0.5 0.384765625 1.0 0.37890625
50 0.5 0.3849609375 1.0 0.551171875
7 0.5003472222222223 0.07109375 0.1701388888888889 0.0375
52 0.06805555555555555 0.07109375 0.1361111111111111 0.0765625
4 0.5 0.01640625 1.0 0.0328125
5 0.5 0.5 1.0 1.0
