5 0.5 0.48359375 1.0 0.9015625
8 0.0 0.565234375 0.0 0.0
8 0.12291666666666666 0.6369140625 0.17222222222222222 0.116015625
7 0.12291666666666666 0.6828125 0.12777777777777777 0.02421875
52 0.3111111111111111 0.62265625 0.12638888888888888 0.07109375
6 0.20902777777777778 0.57890625 0.0 0.0
7 0.3111111111111111 0.6828125 0.1597222222222222 0.02421875
8 0.3111111111111111 0.6369140625 0.20416666666666666 0.116015625
8 0.4986111111111111 0.6369140625 0.17083333333333334 0.116015625
6 0.4131944444444444 0.57890625 0.0 0.0
7 0.4986111111111111 0.6828125 0.10833333333333334 0.02421875
8 0.6670138888888889 0.63671875 0.16597222222222222 0.11328125
6 0.5840277777777778 0.580078125 0.0 0.0
7 0.6666666666666666 0.68125 0.10833333333333334 0.02421875
8 0.8361111111111111 0.6369140625 0.17222222222222222 0.116015625
6 0.75 0.57890625 0.0 0.0
7 0.8361111111111111 0.6828125 0.12777777777777777 0.02421875
8 0.9611111111111111 0.63671875 0.07777777777777778 0.11328125
6 0.9222222222222223 0.580078125 0.0 0.0
7 0.9722222222222222 0.68125 0.05555555555555555 0.02421875
213 0.5 0.6376953125 1.0 0.144921875
6 0.5 0.717578125 1.0 0.00078125
8 0.12291666666666666 0.7896484375 0.17222222222222222 0.116015625
6 0.03680555555555556 0.731640625 0.0 0.0
7 0.12291666666666666 0.835546875 0.12777777777777777 0.02421875
8 0.29444444444444445 0.7896484375 0.17083333333333334 0.116015625
6 0.20902777777777778 0.731640625 0.0 0.0
7 0.29444444444444445 0.835546875 0.03611111111111111 0.02421875
8 0.4652777777777778 0.7896484375 0.17083333333333334 0.116015625
6 0.3798611111111111 0.731640625 0.0 0.0
7 0.4652777777777778 0.835546875 0.03194444444444444 0.02421875
8 0.6361111111111111 0.7896484375 0.17083333333333334 0.116015625
6 0.5506944444444445 0.731640625 0.0 0.0
7 0.6361111111111111 0.835546875 0.06388888888888888 0.02421875
8 0.8069444444444445 0.7896484375 0.17083333333333334 0.116015625
6 0.7215277777777778 0.731640625 0.0 0.0
7 0.8069444444444445 0.835546875 0.06388888888888888 0.02421875
213 0.46458333333333335 0.7904296875 0.9291666666666667 0.144921875
6 0.5 0.870703125 1.0 0.0015625
16 0.5 0.7498046875 1.0 0.369140625
0 0.0 0.0328125 0.0 0.0
