8 0.0 0.0328125 0.0 0.0
448 0.06805555555555555 0.07109375 0.1361111111111111 0.0765625
449 0.24027777777777778 0.0708984375 0.13055555555555556 0.036328125
450 1.0 0.07109375 0.0 0.0765625
118 0.5 0.07109375 1.0 0.0765625
451 0.0 0.1072265625 0.0 0.004296875
449 0.17256944444444444 0.141796875 0.2673611111111111 0.0296875
8 0.5 0.16796875 0.9222222222222223 0.1171875
16 0.5 0.16796875 1.0 0.1171875
449 0.5 0.25 1.0 0.04765625
451 0.0 0.2734375 0.0 0.0
449 0.2170138888888889 0.31015625 0.35625 0.0296875
449 0.4371527777777778 0.337890625 0.7965277777777777 0.02578125
8 0.5 0.323046875 0.9222222222222223 0.09921875
451 0.0 0.372265625 0.0 0.0
449 0.18090277777777777 0.408984375 0.28402777777777777 0.0296875
449 0.44479166666666664 0.43671875 0.8118055555555556 0.02578125
8 0.5 0.421875 0.9222222222222223 0.09921875
451 0.0 0.47109375 0.0 0.0
449 0.30520833333333336 0.5078125 0.5326388888888889 0.0296875
8 0.5 0.5318359375 0.9222222222222223 0.121484375
16 0.5 0.5318359375 1.0 0.121484375
451 0.0 0.5921875 0.0 0.0
449 0.23055555555555557 0.62890625 0.38333333333333336 0.0296875
449 0.453125 0.656640625 0.8284722222222223 0.02578125
8 0.5 0.641796875 0.9222222222222223 0.09921875
451 0.0 0.691015625 0.0 0.0
449 0.284375 0.727734375 0.4909722222222222 0.0296875
8 0.5 0.7517578125 0.9222222222222223 0.121484375
16 0.5 0.7517578125 1.0 0.121484375
451 0.0 0.812109375 0.0 0.0
449 0.11909722222222222 0.848828125 0.16041666666666668 0.0296875
449 0.3503472222222222 0.8765625 0.6229166666666667 0.02578125
8 0.5 0.86171875 0.9222222222222223 0.09921875
451 0.0 0.9109375 0.0 0.0
449 0.221875 0.93359375 0.3659722222222222 0.0015625
449 0.37743055555555555 0.9484375 0.6770833333333334 0.028125
8 0.5 0.92265625 0.9222222222222223 0.0234375
290 0.5 0.521875 1.0 0.825
5 0.5 0.5 1.0 1.0
4 0.5 0.9671875 1.0 0.065625
4 0.5 0.01640625 1.0 0.0328125
