61 0.0 0.0328125 0.0 0.0
7 0.08854166666666667 0.1421875 0.17708333333333334 0.065625
7 0.2673611111111111 0.1421875 0.18055555555555555 0.065625
372 0.5 0.1421875 1.0 0.065625
16 0.24930555555555556 0.5546875 0.4986111111111111 0.759375
4 0.5 0.5546875 0.002777777777777778 0.759375
43 0.7503472222222223 0.2021484375 0.08125 0.033203125
8 0.7506944444444444 0.20234375 0.4986111111111111 0.0546875
172 0.7506944444444444 0.2638671875 0.4986111111111111 0.068359375
172 0.7506944444444444 0.3337890625 0.4986111111111111 0.068359375
172 0.7506944444444444 0.4037109375 0.4986111111111111 0.068359375
172 0.7506944444444444 0.4736328125 0.4986111111111111 0.068359375
172 0.7506944444444444 0.5435546875 0.4986111111111111 0.068359375
172 0.7506944444444444 0.6134765625 0.4986111111111111 0.068359375
71 0.5013888888888889 0.2296875 0.0 0.0
8 0.7506944444444444 0.438671875 0.4986111111111111 0.41796875
16 0.7506944444444444 0.5546875 0.4986111111111111 0.759375
62 0.5 0.521875 1.0 0.825
6 0.9666666666666667 0.2021484375 0.0375 0.035546875
43 0.8697916666666666 0.2021484375 0.1076388888888889 0.033203125
43 0.1684027777777778 0.2021484375 0.2881944444444444 0.033203125
8 0.5 0.20234375 1.0 0.0546875
43 0.5 0.27421875 1.0 0.08359375
43 0.39652777777777776 0.284765625 0.7638888888888888 0.02578125
43 0.39652777777777776 0.310546875 0.7638888888888888 0.02578125
16 0.8954861111111111 0.2640625 0.20902777777777778 0.04921875
43 0.8881944444444444 0.239453125 0.0 0.0
8 0.8954861111111111 0.301171875 0.20902777777777778 0.025
43 0.39652777777777776 0.384375 0.7638888888888888 0.02578125
43 0.39652777777777776 0.41015625 0.7638888888888888 0.02578125
16 0.8954861111111111 0.363671875 0.20902777777777778 0.04921875
43 0.8881944444444444 0.3390625 0.0 0.0
8 0.8954861111111111 0.40078125 0.20902777777777778 0.025
8 0.5 0.381640625 1.0 0.09921875
43 0.39652777777777776 0.483984375 0.7638888888888888 0.02578125
43 0.39652777777777776 0.509765625 0.7638888888888888 0.02578125
16 0.8954861111111111 0.46328125 0.20902777777777778 0.04921875
43 0.8881944444444444 0.438671875 0.0 0.0
8 0.8954861111111111 0.500390625 0.20902777777777778 0.025
8 0.5 0.48125 1.0 0.09921875
43 0.39652777777777776 0.58359375 0.7638888888888888 0.02578125
43 0.39652777777777776 0.609375 0.7638888888888888 0.02578125
16 0.8954861111111111 0.562890625 0.20902777777777778 0.04921875
43 0.8881944444444444 0.53828125 0.0 0.0
8 0.8954861111111111 0.6 0.20902777777777778 0.025
8 0.5 0.580859375 1.0 0.09921875
43 0.39652777777777776 0.683203125 0.7638888888888888 0.02578125
43 0.39652777777777776 0.708984375 0.7638888888888888 0.02578125
16 0.8954861111111111 0.6625 0.20902777777777778 0.04921875
43 0.8881944444444444 0.637890625 0.0 0.0
8 0.8954861111111111 0.699609375 0.20902777777777778 0.025
8 0.5 0.68046875 1.0 0.09921875
43 0.39652777777777776 0.7828125 0.7638888888888888 0.02578125
43 0.39652777777777776 0.80859375 0.7638888888888888 0.02578125
16 0.8954861111111111 0.762109375 0.20902777777777778 0.04921875
43 0.8881944444444444 0.7375 0.0 0.0
8 0.8954861111111111 0.79921875 0.20902777777777778 0.025
8 0.5 0.780078125 1.0 0.09921875
43 0.39652777777777776 0.882421875 0.7638888888888888 0.02578125
43 0.39652777777777776 0.9369140625 0.7638888888888888 0.005078125
16 0.8954861111111111 0.86171875 0.20902777777777778 0.04921875
43 0.8881944444444444 0.837109375 0.0 0.0
8 0.8954861111111111 0.898828125 0.20902777777777778 0.025
8 0.5 0.8796875 1.0 0.09921875
43 0.39652777777777776 0.9646484375 0.7638888888888888 0.060546875
43 0.8881944444444444 0.935546875 0.0 0.00234375
43 0.9368055555555556 0.935546875 0.09722222222222222 0.00234375
8 0.8954861111111111 0.96015625 0.20902777777777778 0.0515625
8 0.5 0.93203125 1.0 0.0046875
19 0.5 0.612109375 0.11666666666666667 0.065625
43 0.0 0.232421875 0.0 0.0
205 0.23680555555555555 0.2091796875 0.4736111111111111 0.068359375
8 1.0 0.5546875 0.0 0.759375
16 1.0 0.175 0.0 0.0
52 0.06805555555555555 0.07109375 0.1361111111111111 0.0765625
6 0.28125 0.07109375 0.2902777777777778 0.025
45 1.0 0.07109375 0.0 0.0765625
74 0.5 0.07109375 1.0 0.0765625
77 0.5 0.48359375 1.0 0.9015625
4 0.5 0.01640625 1.0 0.0328125
5 0.5 0.5 1.0 1.0
