36 0.0 0.0328125 0.0 0.0
452 0.3333333333333333 0.1412109375 0.6180555555555556 0.036328125
8 0.5 0.2087890625 0.9513888888888888 0.068359375
452 0.44895833333333335 0.2087890625 0.8493055555555555 0.033203125
453 0.9368055555555556 0.2087890625 0.07777777777777778 0.033203125
452 0.44895833333333335 0.2791015625 0.8493055555555555 0.033203125
453 0.9368055555555556 0.2791015625 0.07777777777777778 0.033203125
8 0.5 0.2791015625 0.9513888888888888 0.068359375
452 0.44895833333333335 0.3494140625 0.8493055555555555 0.033203125
453 0.9368055555555556 0.3494140625 0.07777777777777778 0.033203125
8 0.5 0.3494140625 0.9513888888888888 0.068359375
16 0.5 0.460546875 1.0 0.571875
454 0.18819444444444444 0.8205078125 0.35138888888888886 0.063671875
16 0.5 0.80625 1.0 0.11953125
455 0.5 0.4876953125 1.0 0.756640625
8 0.0 0.1736328125 0.0 0.128515625
8 0.0 0.2716796875 0.0 0.062109375
8 0.0 0.3365234375 0.0 0.062109375
8 0.0 0.4013671875 0.0 0.062109375
10 0.0 0.4876953125 0.0 0.756640625
112 0.5 0.9001953125 1.0 0.068359375
42 0.5 0.48359375 1.0 0.9015625
7 0.2545138888888889 0.0708984375 0.21736111111111112 0.036328125
52 0.06805555555555555 0.07109375 0.1361111111111111 0.0765625
45 0.9513888888888888 0.07109375 0.09722222222222222 0.0765625
46 0.5 0.07109375 1.0 0.0765625
5 0.5 0.5 1.0 1.0
4 0.5 0.9671875 1.0 0.065625
4 0.5 0.01640625 1.0 0.0328125
