0 0.13541666666666666 0.237890625 0.0 0.0
7 0.5 0.260546875 0.7291666666666666 0.0453125
6 0.2423611111111111 0.328125 0.11666666666666667 0.065625
7 0.4510416666666667 0.31015625 0.29097222222222224 0.0296875
16 0.5583333333333333 0.3451171875 0.5152777777777777 0.099609375
456 0.5 0.3556640625 0.6319444444444444 0.123046875
6 0.5 0.3978515625 0.6319444444444444 0.002734375
6 0.2423611111111111 0.45078125 0.11666666666666667 0.065625
7 0.375 0.4328125 0.1388888888888889 0.0296875
16 0.5583333333333333 0.4677734375 0.5152777777777777 0.099609375
456 0.5 0.4783203125 0.6319444444444444 0.123046875
6 0.5 0.5205078125 0.6319444444444444 0.002734375
6 0.2423611111111111 0.5734375 0.11666666666666667 0.065625
7 0.3434027777777778 0.55546875 0.07569444444444444 0.0296875
16 0.5583333333333333 0.579296875 0.5152777777777777 0.07734375
456 0.5 0.6009765625 0.6319444444444444 0.123046875
6 0.5 0.6431640625 0.6319444444444444 0.002734375
10 0.5 0.4732421875 0.7291666666666666 0.380078125
114 0.4996527777777778 0.682421875 0.3284722222222222 0.03828125
16 0.5 0.69609375 0.7291666666666666 0.065625
5 0.5 0.4833984375 0.7291666666666666 0.491015625
