17 0.0 0.0 0.0 0.0
38 0.175 0.054296875 0.0 0.0
458 0.5875 0.0708984375 0.8152777777777778 0.033203125
44 0.06805555555555555 0.07109375 0.1361111111111111 0.0765625
45 1.0 0.07109375 0.0 0.0765625
118 0.5 0.07109375 1.0 0.0765625
19 0.5 0.48671875 0.1361111111111111 0.0765625
106 0.5 0.4869140625 1.0 0.755078125
38 0.08229166666666667 0.1484375 0.10208333333333333 0.03828125
459 0.5631944444444444 0.1611328125 0.8319444444444445 0.022265625
16 0.5 0.1484375 0.9583333333333334 0.0546875
38 0.08229166666666667 0.21171875 0.10208333333333333 0.03828125
459 0.5631944444444444 0.2244140625 0.8319444444444445 0.022265625
16 0.5 0.21171875 0.9583333333333334 0.0546875
38 0.08229166666666667 0.275 0.10208333333333333 0.03828125
459 0.5631944444444444 0.2876953125 0.8319444444444445 0.022265625
16 0.5 0.275 0.9583333333333334 0.0546875
38 0.08229166666666667 0.33828125 0.10208333333333333 0.03828125
459 0.5631944444444444 0.3509765625 0.8319444444444445 0.022265625
16 0.5 0.33828125 0.9583333333333334 0.0546875
38 0.08229166666666667 0.4015625 0.10208333333333333 0.03828125
459 0.5631944444444444 0.4142578125 0.8319444444444445 0.022265625
16 0.5 0.4015625 0.9583333333333334 0.0546875
38 0.08229166666666667 0.46484375 0.10208333333333333 0.03828125
459 0.5631944444444444 0.4775390625 0.8319444444444445 0.022265625
16 0.5 0.46484375 0.9583333333333334 0.0546875
38 0.08229166666666667 0.528125 0.10208333333333333 0.03828125
459 0.5631944444444444 0.5408203125 0.8319444444444445 0.022265625
16 0.5 0.528125 0.9583333333333334 0.0546875
38 0.08229166666666667 0.59140625 0.10208333333333333 0.03828125
459 0.5631944444444444 0.6041015625 0.8319444444444445 0.022265625
16 0.5 0.59140625 0.9583333333333334 0.0546875
38 0.08229166666666667 0.6546875 0.10208333333333333 0.03828125
459 0.5631944444444444 0.6673828125 0.8319444444444445 0.022265625
16 0.5 0.6546875 0.9583333333333334 0.0546875
38 0.08229166666666667 0.71796875 0.10208333333333333 0.03828125
459 0.5631944444444444 0.7306640625 0.8319444444444445 0.022265625
16 0.5 0.71796875 0.9583333333333334 0.0546875
38 0.08229166666666667 0.78125 0.10208333333333333 0.03828125
459 0.5631944444444444 0.7939453125 0.8319444444444445 0.022265625
16 0.5 0.78125 0.9583333333333334 0.0546875
38 0.08229166666666667 0.84453125 0.10208333333333333 0.03828125
459 0.5631944444444444 0.8552734375 0.8319444444444445 0.018359375
16 0.5 0.8408203125 0.9583333333333334 0.047265625
106 0.0 0.109375 0.0 0.0
117 0.5 0.9001953125 0.7777777777777778 0.068359375
16 0.5 0.8994140625 1.0 0.069921875
5 0.5 0.5 1.0 1.0
16 0.3402777777777778 0.03828125 0.6805555555555556 0.0109375
113 0.3402777777777778 0.4671875 0.6805555555555556 0.934375
38 0.3402777777777778 0.126953125 0.6805555555555556 0.25390625
460 0.3402777777777778 0.19140625 0.45 0.03515625
459 0.33993055555555557 0.2228515625 0.25763888888888886 0.022265625
461 0.3402777777777778 0.9015625 0.6805555555555556 0.065625
461 0.3402777777777778 0.28671875 0.6805555555555556 0.065625
461 0.3402777777777778 0.35234375 0.6805555555555556 0.065625
461 0.3402777777777778 0.41796875 0.6805555555555556 0.065625
461 0.3402777777777778 0.48359375 0.6805555555555556 0.065625
461 0.3402777777777778 0.54921875 0.6805555555555556 0.065625
461 0.0 0.25390625 0.0 0.0
16 0.3402777777777778 0.41796875 0.6805555555555556 0.328125
146 0.3402777777777778 0.560546875 0.6805555555555556 0.61328125
4 0.5 0.9671875 1.0 0.065625
