462 0.0 0.0328125 0.0 0.0
463 0.0 0.101171875 0.0 0.0
8 0.5 0.0669921875 1.0 0.068359375
44 0.04652777777777778 0.066796875 0.09305555555555556 0.05625
464 0.14652777777777778 0.0669921875 0.10694444444444444 0.068359375
8 0.4878472222222222 0.066796875 0.9756944444444444 0.0609375
465 0.4996527777777778 0.47578125 0.9993055555555556 0.5625
38 0.4996527777777778 0.47578125 0.11319444444444444 0.06640625
464 0.0 0.19453125 0.0 0.0
8 0.5 0.8056640625 1.0 0.048046875
4 0.5 0.19453125 1.0 0.0
38 0.06493055555555556 0.8056640625 0.034027777777777775 0.048046875
464 0.23125 0.8056640625 0.2986111111111111 0.046484375
464 0.0 0.781640625 0.0 0.0
466 0.5 0.84296875 1.0 0.0265625
38 0.058680555555555555 0.869140625 0.11736111111111111 0.02578125
464 0.16215277777777778 0.8716796875 0.08958333333333333 0.030859375
38 0.271875 0.8720703125 0.12986111111111112 0.031640625
464 0.37222222222222223 0.8716796875 0.07083333333333333 0.030859375
38 0.9243055555555556 0.8763671875 0.15138888888888888 0.040234375
467 0.5 0.525390625 1.0 0.66171875
468 0.5 0.44453125 1.0 0.8234375
194 0.5 0.0328125 0.09722222222222222 0.0
194 0.5 0.132421875 0.0 0.0
469 0.10798611111111112 0.8953125 0.19652777777777777 0.0671875
469 0.30486111111111114 0.8953125 0.19722222222222222 0.0671875
172 0.49930555555555556 0.8953125 0.19166666666666668 0.0671875
469 0.69375 0.8953125 0.19722222222222222 0.0671875
469 0.8909722222222223 0.8953125 0.19722222222222222 0.0671875
16 0.5 0.8953125 1.0 0.078125
463 0.3625 0.873828125 0.7055555555555556 0.02421875
463 0.7152777777777778 0.86171875 0.0 0.0
8 0.8527777777777777 0.86171875 0.275 0.0
463 0.2 0.8953125 0.4 0.078125
38 0.5 0.8953125 0.05138888888888889 0.078125
463 0.8 0.8953125 0.4 0.078125
4 0.004861111111111111 0.85625 0.009722222222222222 0.0
463 0.1920138888888889 0.85625 0.3840277777777778 0.0
19 0.5 0.858984375 0.13055555555555556 0.00546875
470 0.4878472222222222 0.066796875 0.17152777777777778 0.0609375
38 0.6197916666666666 0.0666015625 0.09236111111111112 0.035546875
44 0.9409722222222222 0.066015625 0.11805555555555555 0.06640625
43 0.3267361111111111 0.086328125 0.5076388888888889 0.046875
43 0.3267361111111111 0.133203125 0.5076388888888889 0.046875
43 0.3267361111111111 0.180078125 0.5076388888888889 0.046875
43 0.3267361111111111 0.226953125 0.5076388888888889 0.046875
43 0.3267361111111111 0.2853515625 0.5076388888888889 0.069921875
43 0.3267361111111111 0.3431640625 0.5076388888888889 0.045703125
43 0.3267361111111111 0.3888671875 0.5076388888888889 0.045703125
43 0.3267361111111111 0.4345703125 0.5076388888888889 0.045703125
43 0.3267361111111111 0.4802734375 0.5076388888888889 0.045703125
43 0.3267361111111111 0.5259765625 0.5076388888888889 0.045703125
43 0.3267361111111111 0.5716796875 0.5076388888888889 0.045703125
43 0.3267361111111111 0.6173828125 0.5076388888888889 0.045703125
43 0.3267361111111111 0.6630859375 0.5076388888888889 0.045703125
43 0.3267361111111111 0.7087890625 0.5076388888888889 0.045703125
43 0.3267361111111111 0.7544921875 0.5076388888888889 0.045703125
43 0.3267361111111111 0.8001953125 0.5076388888888889 0.045703125
43 0.3267361111111111 0.8458984375 0.5076388888888889 0.045703125
43 0.3267361111111111 0.9244140625 0.5076388888888889 0.019921875
43 0.3267361111111111 0.947265625 0.5076388888888889 0.02578125
16 0.2902777777777778 0.48359375 0.5805555555555556 0.9015625
5 0.5 0.5 1.0 1.0
4 0.5 0.9671875 1.0 0.065625
4 0.5 0.01640625 1.0 0.0328125
