0 0.0 0.0 0.0 0.0
50 0.5 0.0171875 1.0 0.034375
6 0.521875 0.212109375 0.95625 0.30625
7 0.5 0.402734375 1.0 0.02578125
7 0.057291666666666664 0.44296875 0.11458333333333333 0.02578125
51 0.5048611111111111 0.44296875 0.7805555555555556 0.0546875
7 0.9475694444444445 0.44296875 0.10486111111111111 0.02578125
16 0.5 0.44296875 1.0 0.0546875
7 0.5 0.483203125 1.0 0.02578125
7 0.057291666666666664 0.5234375 0.11458333333333333 0.02578125
51 0.5048611111111111 0.5234375 0.7805555555555556 0.0546875
7 0.9475694444444445 0.5234375 0.10486111111111111 0.02578125
16 0.5 0.5234375 1.0 0.0546875
7 0.5 0.563671875 1.0 0.02578125
7 0.057291666666666664 0.60390625 0.11458333333333333 0.02578125
51 0.5048611111111111 0.60390625 0.7805555555555556 0.0546875
7 0.9475694444444445 0.60390625 0.10486111111111111 0.02578125
16 0.5 0.60390625 1.0 0.0546875
7 0.5 0.644140625 1.0 0.02578125
7 0.057291666666666664 0.684375 0.11458333333333333 0.02578125
51 0.5048611111111111 0.684375 0.7805555555555556 0.0546875
7 0.9475694444444445 0.684375 0.10486111111111111 0.02578125
16 0.5 0.684375 1.0 0.0546875
16 0.5 0.7583984375 1.0 0.041796875
7 0.057291666666666664 0.76484375 0.11458333333333333 0.02578125
51 0.5048611111111111 0.7583984375 0.7805555555555556 0.041796875
7 0.9475694444444445 0.76484375 0.10486111111111111 0.02578125
16 0.5 0.5845703125 1.0 0.389453125
114 0.16666666666666666 0.8294921875 0.3333333333333333 0.073046875
224 0.5 0.8294921875 0.3333333333333333 0.073046875
114 0.8333333333333334 0.8294921875 0.3333333333333333 0.073046875
16 0.5 0.8294921875 1.0 0.073046875
112 0.5 0.9001953125 0.7777777777777778 0.068359375
89 0.5 0.9001953125 1.0 0.068359375
5 0.5 0.4671875 1.0 0.934375
