43 0.7520833333333333 0.07109375 0.39861111111111114 0.0296875
43 0.5527777777777778 0.05625 0.0 0.0
38 0.5138888888888888 0.03828125 0.0 0.0
475 0.7520833333333333 0.07109375 0.47638888888888886 0.065625
43 0.7520833333333333 0.13671875 0.39861111111111114 0.0296875
43 0.5527777777777778 0.121875 0.0 0.0
38 0.5138888888888888 0.10390625 0.0 0.0
475 0.7520833333333333 0.13671875 0.47638888888888886 0.065625
43 0.7520833333333333 0.20234375 0.39861111111111114 0.0296875
43 0.5527777777777778 0.1875 0.0 0.0
38 0.5138888888888888 0.16953125 0.0 0.0
475 0.7520833333333333 0.20234375 0.47638888888888886 0.065625
43 0.7520833333333333 0.26796875 0.39861111111111114 0.0296875
43 0.5527777777777778 0.253125 0.0 0.0
38 0.5138888888888888 0.23515625 0.0 0.0
475 0.7520833333333333 0.26796875 0.47638888888888886 0.065625
43 0.7520833333333333 0.33359375 0.39861111111111114 0.0296875
43 0.5527777777777778 0.31875 0.0 0.0
38 0.5138888888888888 0.30078125 0.0 0.0
475 0.7520833333333333 0.33359375 0.47638888888888886 0.065625
43 0.7520833333333333 0.39921875 0.39861111111111114 0.0296875
43 0.5527777777777778 0.384375 0.0 0.0
38 0.5138888888888888 0.36640625 0.0 0.0
475 0.7520833333333333 0.39921875 0.47638888888888886 0.065625
43 0.7131944444444445 0.46484375 0.32083333333333336 0.0296875
43 0.5527777777777778 0.45 0.0 0.0
38 0.9222222222222223 0.46484375 0.058333333333333334 0.0328125
475 0.7520833333333333 0.46484375 0.47638888888888886 0.065625
43 0.7520833333333333 0.53046875 0.39861111111111114 0.0296875
43 0.5527777777777778 0.515625 0.0 0.0
38 0.5138888888888888 0.49765625 0.0 0.0
475 0.7520833333333333 0.53046875 0.47638888888888886 0.065625
476 0.7520833333333333 0.30078125 0.47638888888888886 0.525
