17 0.0 0.0328125 0.0 0.0
477 0.0 0.9009765625 0.0 0.066796875
8 0.0 0.48359375 0.0 0.9015625
4 1.0 0.0728515625 0.0 0.063671875
8 1.0 0.48359375 0.0 0.9015625
38 0.9239583333333333 0.3380859375 0.11319444444444444 0.063671875
4 0.5 0.16953125 1.0 0.2734375
4 0.5 0.6521484375 1.0 0.564453125
4 0.43368055555555557 0.3380859375 0.8673611111111111 0.063671875
38 0.8486111111111111 0.222265625 0.2152777777777778 0.10546875
38 0.06944444444444445 0.48359375 0.06111111111111111 0.17109375
38 0.9305555555555556 0.48359375 0.06111111111111111 0.17109375
478 0.4996527777777778 0.3646484375 0.6395833333333333 0.051171875
478 0.5 0.4638671875 0.6888888888888889 0.147265625
34 0.5 0.48359375 1.0 0.9015625
334 0.5 0.3119140625 1.0 0.011328125
4 0.5 0.9671875 1.0 0.065625
5 0.5 0.5 1.0 1.0
