17 0.0 0.0 0.0 0.0
38 0.5 0.76328125 1.0 0.3421875
38 0.5 0.10390625 0.5444444444444444 0.0765625
43 0.5 0.209765625 0.8833333333333333 0.09375
43 0.5 0.2876953125 0.8833333333333333 0.045703125
158 0.001388888888888889 0.3611328125 0.002777777777777778 0.101171875
38 0.5 0.5498046875 0.5347222222222222 0.276171875
158 0.001388888888888889 0.7384765625 0.002777777777777778 0.101171875
71 0.5 0.821875 0.6361111111111111 0.065625
43 0.5 0.886328125 1.0 0.04140625
5 0.5 0.5 1.0 1.0
479 0.5 0.442578125 0.1361111111111111 0.0765625
43 0.5 0.5107421875 0.0 0.037890625
16 0.5 0.4669921875 0.3111111111111111 0.125390625
4 0.5 0.9671875 1.0 0.065625
