36 0.0 0.0328125 0.0 0.0
38 0.0 0.109375 0.0 0.0
480 0.09131944444444444 0.13828125 0.10902777777777778 0.0359375
480 0.11736111111111111 0.171484375 0.16111111111111112 0.03046875
38 0.9503472222222222 0.1533203125 0.025694444444444443 0.023828125
8 0.5 0.153515625 1.0 0.08828125
4 0.5 0.1984375 1.0 0.0015625
480 0.06284722222222222 0.228125 0.052083333333333336 0.0359375
480 0.1763888888888889 0.261328125 0.2791666666666667 0.03046875
38 0.9503472222222222 0.2431640625 0.025694444444444443 0.023828125
8 0.5 0.243359375 1.0 0.08828125
4 0.5 0.28828125 1.0 0.0015625
480 0.1996527777777778 0.31796875 0.32569444444444445 0.0359375
480 0.13854166666666667 0.351171875 0.20347222222222222 0.03046875
8 0.5 0.333203125 1.0 0.08828125
38 0.9677083333333333 0.365625 0.06458333333333334 0.0234375
4 0.5 0.378125 1.0 0.0015625
480 0.16180555555555556 0.4078125 0.25 0.0359375
480 0.11493055555555555 0.441015625 0.15625 0.03046875
8 0.5 0.423046875 1.0 0.08828125
38 0.9677083333333333 0.45546875 0.06458333333333334 0.0234375
4 0.5 0.46796875 1.0 0.0015625
480 0.31006944444444445 0.521484375 0.5465277777777777 0.0359375
481 0.6506944444444445 0.521484375 0.10972222222222222 0.06953125
480 0.7795138888888888 0.5212890625 0.09930555555555555 0.065234375
481 0.9083333333333333 0.521484375 0.10972222222222222 0.06953125
16 0.7795138888888888 0.521484375 0.36736111111111114 0.08359375
8 0.5 0.521484375 1.0 0.10546875
480 0.4736111111111111 0.615234375 0.4041666666666667 0.0359375
38 0.7138888888888889 0.6150390625 0.027777777777777776 0.008984375
16 0.5 0.615234375 1.0 0.08203125
16 0.5 0.3828125 1.0 0.546875
4 0.5 0.65703125 1.0 0.0015625
481 0.5 0.7265625 0.9263888888888889 0.06875
481 0.0 0.6578125 0.0 0.0
480 0.5 0.794921875 0.9263888888888889 0.05390625
16 0.5 0.753515625 1.0 0.19140625
16 0.5 0.479296875 1.0 0.73984375
42 0.5 0.48359375 1.0 0.9015625
6 0.012152777777777778 0.0708984375 0.024305555555555556 0.023828125
6 0.11076388888888888 0.07109375 0.15347222222222223 0.03984375
480 0.3482638888888889 0.07109375 0.2826388888888889 0.0375
16 0.24479166666666666 0.07109375 0.4895833333333333 0.0765625
45 1.0 0.0328125 0.0 0.0
46 0.5 0.07109375 1.0 0.0765625
5 0.5 0.5 1.0 1.0
4 0.5 0.9671875 1.0 0.065625
4 0.5 0.01640625 1.0 0.0328125
