38 0.06388888888888888 0.1359375 0.0 0.0
48 0.5 0.1787109375 0.7555555555555555 0.036328125
16 0.5 0.16640625 0.8722222222222222 0.0609375
483 0.5 0.2515625 0.8722222222222222 0.0875
483 0.5 0.3390625 0.8722222222222222 0.0875
483 0.5 0.4265625 0.8722222222222222 0.0875
483 0.5 0.5140625 0.8722222222222222 0.0875
483 0.5 0.6015625 0.8722222222222222 0.0875
483 0.5 0.6890625 0.8722222222222222 0.0875
483 0.5 0.7765625 0.8722222222222222 0.0875
49 0.5 0.5140625 0.8722222222222222 0.634375
5 0.5 0.48359375 0.95 0.7390625
