0 0.0 0.0 0.0 0.0
16 0.5 0.3337890625 1.0 0.667578125
6 0.5 0.65390625 1.0 0.02734375
6 0.5 0.22265625 1.0 0.4453125
6 0.12986111111111112 0.54140625 0.25972222222222224 0.1921875
6 0.6298611111111111 0.493359375 0.7402777777777778 0.09609375
6 0.6298611111111111 0.589453125 0.7402777777777778 0.09609375
16 0.6298611111111111 0.54140625 0.7402777777777778 0.1921875
16 0.5 0.54140625 1.0 0.1921875
112 0.5 0.7044921875 0.7777777777777778 0.068359375
89 0.5 0.7044921875 1.0 0.068359375
12 0.5 0.746875 1.0 0.0109375
12 0.5 0.843359375 1.0 0.18203125
16 0.5 0.8009765625 1.0 0.266796875
5 0.5 0.4671875 1.0 0.934375
