17 0.0 0.0 0.0 0.0
7 0.2701388888888889 0.0708984375 0.24861111111111112 0.036328125
52 0.06805555555555555 0.07109375 0.1361111111111111 0.0765625
322 0.8833333333333333 0.03828125 0.0 0.0
38 0.9416666666666667 0.07109375 0.11666666666666667 0.065625
80 0.5 0.07109375 1.0 0.0765625
43 0.3451388888888889 0.1712890625 0.5930555555555556 0.040234375
43 0.14618055555555556 0.211328125 0.1951388888888889 0.02578125
118 0.5 0.1353515625 1.0 0.205078125
43 0.109375 0.2857421875 0.12152777777777778 0.068359375
43 0.5850694444444444 0.2708984375 0.7326388888888888 0.033203125
43 0.32048611111111114 0.30234375 0.20347222222222222 0.0296875
16 0.5 0.2857421875 0.9027777777777778 0.095703125
43 0.109375 0.3830078125 0.12152777777777778 0.068359375
43 0.5850694444444444 0.3681640625 0.7326388888888888 0.033203125
43 0.32048611111111114 0.399609375 0.20347222222222222 0.0296875
16 0.5 0.3830078125 0.9027777777777778 0.095703125
43 0.109375 0.4802734375 0.12152777777777778 0.068359375
43 0.5850694444444444 0.4654296875 0.7326388888888888 0.033203125
43 0.32048611111111114 0.496875 0.20347222222222222 0.0296875
16 0.5 0.4802734375 0.9027777777777778 0.095703125
43 0.109375 0.5775390625 0.12152777777777778 0.068359375
43 0.5850694444444444 0.5626953125 0.7326388888888888 0.033203125
43 0.32048611111111114 0.594140625 0.20347222222222222 0.0296875
16 0.5 0.5775390625 0.9027777777777778 0.095703125
43 0.109375 0.6748046875 0.12152777777777778 0.068359375
43 0.5850694444444444 0.6599609375 0.7326388888888888 0.033203125
43 0.32048611111111114 0.69140625 0.20347222222222222 0.0296875
16 0.5 0.6748046875 0.9027777777777778 0.095703125
43 0.109375 0.7720703125 0.12152777777777778 0.068359375
43 0.5850694444444444 0.7572265625 0.7326388888888888 0.033203125
43 0.32048611111111114 0.788671875 0.20347222222222222 0.0296875
16 0.5 0.7720703125 0.9027777777777778 0.095703125
43 0.109375 0.8470703125 0.12152777777777778 0.023828125
43 0.5850694444444444 0.8484375 0.7326388888888888 0.02109375
43 0.32048611111111114 0.8650390625 0.20347222222222222 0.012109375
16 0.5 0.840234375 0.9027777777777778 0.0375
10 0.5 0.5484375 0.9027777777777778 0.62109375
484 0.5 0.9001953125 0.7777777777777778 0.068359375
16 0.5 0.5861328125 1.0 0.696484375
32 0.8930555555555556 0.87421875 0.1361111111111111 0.0765625
5 0.5 0.5 1.0 1.0
16 0.0 0.1251953125 0.0 0.250390625
82 0.0 0.283203125 0.0 0.065625
82 0.0 0.348828125 0.0 0.065625
82 0.0 0.414453125 0.0 0.065625
82 0.0 0.480078125 0.0 0.065625
82 0.0 0.545703125 0.0 0.065625
43 0.0 0.623828125 0.0 0.065625
82 0.0 0.689453125 0.0 0.065625
82 0.0 0.755078125 0.0 0.065625
113 0.0 0.4671875 0.0 0.934375
4 0.5 0.9671875 1.0 0.065625
