36 0.0 0.0328125 0.0 0.0
117 0.5 0.1435546875 1.0 0.068359375
485 0.5 0.466796875 0.9263888888888889 0.5640625
486 0.2652777777777778 0.7935546875 0.45694444444444443 0.075390625
486 0.7347222222222223 0.7935546875 0.45694444444444443 0.075390625
16 0.5 0.7935546875 0.9263888888888889 0.075390625
486 0.03680555555555556 0.83828125 0.0 0.0
486 0.5 0.8759765625 0.9263888888888889 0.075390625
42 0.5 0.48359375 1.0 0.9015625
487 0.30243055555555554 0.0708984375 0.3326388888888889 0.033203125
52 0.06805555555555555 0.07109375 0.1361111111111111 0.0765625
22 0.9319444444444445 0.07109375 0.1361111111111111 0.065625
46 0.5 0.07109375 1.0 0.0765625
5 0.5 0.5 1.0 1.0
4 0.5 0.9671875 1.0 0.065625
4 0.5 0.01640625 1.0 0.0328125
