17 0.0 0.0 0.0 0.0
5 0.5 0.5 1.0 1.0
43 0.5 0.60078125 1.0 0.2203125
488 0.14583333333333334 0.7109375 0.0 0.0
38 0.3590277777777778 0.75078125 0.09722222222222222 0.04765625
43 0.5364583333333334 0.75078125 0.25763888888888886 0.02578125
16 0.5 0.75078125 0.7083333333333334 0.065625
38 0.3590277777777778 0.83046875 0.04861111111111111 0.02734375
43 0.5361111111111111 0.83046875 0.2569444444444444 0.02578125
16 0.5 0.83046875 0.7083333333333334 0.065625
16 0.5 0.790625 0.7083333333333334 0.159375
38 0.34270833333333334 0.8939453125 0.024305555555555556 0.013671875
43 0.5215277777777778 0.894140625 0.29444444444444445 0.02578125
16 0.5 0.894140625 1.0 0.02578125
16 0.5 0.698828125 1.0 0.41640625
4 0.5 0.9671875 1.0 0.065625
