53 0.5 0.4671875 1.0 0.934375
489 0.4996527777777778 0.4669921875 0.19930555555555557 0.112109375
490 0.5 0.01640625 1.0 0.0328125
7 0.5 0.1798828125 0.8736111111111111 0.075390625
491 0.30486111111111114 0.2501953125 0.19444444444444445 0.037890625
491 0.4930555555555556 0.2501953125 0.18194444444444444 0.037890625
491 0.6881944444444444 0.2501953125 0.20833333333333334 0.037890625
492 0.5 0.2501953125 0.8736111111111111 0.037890625
7 0.5 0.3158203125 0.5194444444444445 0.066015625
16 0.5 0.2318359375 0.9222222222222223 0.288671875
493 0.4996527777777778 0.0916015625 0.16041666666666668 0.090234375
50 0.5 0.211328125 1.0 0.35703125
7 0.21944444444444444 0.4046875 0.3611111111111111 0.0296875
8 0.5 0.4564453125 0.9513888888888888 0.068359375
494 0.08368055555555555 0.45625 0.04097222222222222 0.021875
7 0.30520833333333336 0.45625 0.3770833333333333 0.02578125
16 0.5 0.440234375 1.0 0.10078125
495 0.1361111111111111 0.58359375 0.20416666666666666 0.1640625
493 0.07291666666666667 0.52890625 0.09722222222222222 0.0546875
496 0.621875 0.5625 0.7076388888888889 0.025
497 0.42743055555555554 0.5625 0.31875 0.025
7 0.621875 0.6044921875 0.7076388888888889 0.048046875
491 0.40347222222222223 0.6474609375 0.29583333333333334 0.037890625
491 0.659375 0.6474609375 0.21597222222222223 0.037890625
491 0.8645833333333334 0.6474609375 0.19444444444444445 0.037890625
492 0.615625 0.6474609375 0.7201388888888889 0.037890625
16 0.6277777777777778 0.583984375 0.7444444444444445 0.16484375
16 0.5 0.584375 1.0 0.1875
4 0.5145833333333333 0.677734375 0.9708333333333333 0.00078125
495 0.1361111111111111 0.77109375 0.20416666666666666 0.1640625
493 0.07291666666666667 0.71640625 0.09722222222222222 0.0546875
496 0.621875 0.75 0.7076388888888889 0.025
497 0.42743055555555554 0.75 0.31875 0.025
7 0.47465277777777776 0.780859375 0.4131944444444444 0.02578125
491 0.36354166666666665 0.8126953125 0.21597222222222223 0.037890625
491 0.6204861111111111 0.8126953125 0.29791666666666666 0.037890625
491 0.36041666666666666 0.8505859375 0.20972222222222223 0.037890625
492 0.615625 0.831640625 0.7201388888888889 0.07578125
16 0.6277777777777778 0.779296875 0.7444444444444445 0.18046875
16 0.5 0.7796875 1.0 0.203125
16 0.5 0.9078125 1.0 0.053125
495 0.1361111111111111 0.91328125 0.20416666666666666 0.0421875
496 0.621875 0.9427734375 0.7076388888888889 0.016796875
497 0.42743055555555554 0.9427734375 0.31875 0.016796875
7 0.5600694444444444 0.9580078125 0.5840277777777778 0.047265625
498 0.5 0.497265625 0.14583333333333334 0.08203125
54 0.0 0.0328125 0.0 0.0
50 0.05590277777777778 0.065625 0.11180555555555556 0.065625
7 0.5 0.0654296875 0.03888888888888889 0.036328125
56 0.5 0.065625 1.0 0.065625
55 1.0 0.065625 0.0 0.065625
4 0.5 0.9671875 1.0 0.065625
