16 0.0 0.0328125 0.0 0.0
6 0.5 0.0642578125 0.19444444444444445 0.037109375
8 0.5 0.065625 1.0 0.065625
16 0.4878472222222222 0.1529296875 0.8784722222222222 0.058984375
6 0.9392361111111112 0.1529296875 0.024305555555555556 0.020703125
16 0.5 0.1546875 1.0 0.1125
16 0.5 0.209375 1.0 0.003125
16 0.4878472222222222 0.2650390625 0.8784722222222222 0.058984375
6 0.9392361111111112 0.2650390625 0.024305555555555556 0.020703125
16 0.5 0.266796875 1.0 0.1125
16 0.5 0.321484375 1.0 0.003125
16 0.4878472222222222 0.3771484375 0.8784722222222222 0.058984375
6 0.9392361111111112 0.3771484375 0.024305555555555556 0.020703125
16 0.5 0.37890625 1.0 0.1125
16 0.5 0.43359375 1.0 0.003125
10 0.5 0.4732421875 1.0 0.749609375
16 0.125 0.8912109375 0.25 0.086328125
16 0.375 0.8912109375 0.25 0.086328125
16 0.625 0.8912109375 0.25 0.086328125
16 0.875 0.8912109375 0.25 0.086328125
16 0.5 0.8912109375 1.0 0.086328125
499 0.0 0.934375 0.0 0.0
16 0.5 0.934375 1.0 0.0
5 0.5 0.4671875 1.0 0.934375
