0 0.0 0.0 0.0 0.0
52 0.9319444444444445 0.07109375 0.1361111111111111 0.0765625
52 0.06805555555555555 0.07109375 0.1361111111111111 0.0765625
52 0.32916666666666666 0.07109375 0.1361111111111111 0.0765625
7 0.5 0.07109375 0.28194444444444444 0.0765625
52 0.6708333333333333 0.07109375 0.1361111111111111 0.0765625
16 0.5 0.07109375 0.4777777777777778 0.0765625
8 0.5 0.07109375 1.0 0.0765625
7 0.16666666666666666 0.1439453125 0.3333333333333333 0.068359375
7 0.5 0.1439453125 0.3333333333333333 0.068359375
16 0.8010416666666667 0.1427734375 0.39791666666666664 0.093359375
372 0.5 0.1439453125 1.0 0.068359375
4 0.10381944444444445 0.20078125 0.007638888888888889 0.00703125
4 0.10381944444444445 0.28984375 0.007638888888888889 0.0234375
6 0.10451388888888889 0.241015625 0.12152777777777778 0.08203125
7 0.18958333333333333 0.202734375 0.0 0.0
16 0.31180555555555556 0.2451171875 0.24444444444444444 0.036328125
16 0.24895833333333334 0.2796875 0.11875 0.02421875
7 0.3715277777777778 0.2494140625 0.125 0.022265625
7 0.27361111111111114 0.2796875 0.06944444444444445 0.02421875
500 0.5690972222222223 0.276953125 0.7590277777777777 0.0296875
16 0.5875 0.2521484375 0.7958333333333333 0.098828125
8 0.5 0.2494140625 0.9708333333333333 0.104296875
8 0.0 0.178125 0.0 0.0
88 0.5 0.5220703125 1.0 0.687890625
114 0.890625 0.8044921875 0.1701388888888889 0.095703125
16 0.21319444444444444 0.800390625 0.40694444444444444 0.0625
16 1.0 0.5220703125 0.0 0.687890625
8 0.5 0.48359375 1.0 0.9015625
50 0.7065972222222222 0.6375 0.19791666666666666 0.04609375
114 0.890625 0.6376953125 0.13125 0.073828125
16 0.7819444444444444 0.6376953125 0.3486111111111111 0.073828125
50 0.7041666666666667 0.716796875 0.20277777777777778 0.04609375
114 0.890625 0.7169921875 0.13125 0.073828125
16 0.7795138888888888 0.7169921875 0.35347222222222224 0.073828125
50 0.7336805555555556 0.804296875 0.14375 0.04609375
16 0.81875 0.8044921875 0.3138888888888889 0.095703125
117 0.5 0.9001953125 0.7777777777777778 0.068359375
5 0.5 0.5 1.0 1.0
4 0.5 0.9671875 1.0 0.065625
4 0.5 0.01640625 1.0 0.0328125
