501 0.0 0.0328125 0.0 0.0
502 0.5 0.48359375 1.0 0.9015625
6 0.08541666666666667 0.9123046875 0.14583333333333334 0.030078125
222 0.9756944444444444 0.112109375 0.0 0.0
8 0.9756944444444444 0.51640625 0.0 0.80859375
223 0.07291666666666667 0.139453125 0.09722222222222222 0.0546875
503 0.934375 0.1298828125 0.11180555555555556 0.062890625
19 0.8784722222222222 0.0984375 0.0 0.0
504 0.934375 0.1982421875 0.11180555555555556 0.062890625
505 0.8395833333333333 0.9001953125 0.24305555555555555 0.068359375
506 0.5 0.934375 1.0 0.0
71 0.4996527777777778 0.9029296875 0.2798611111111111 0.041015625
507 0.06076388888888889 0.06015625 0.12152777777777778 0.0546875
507 0.9503472222222222 0.0599609375 0.06041666666666667 0.033984375
508 0.5 0.065625 1.0 0.065625
6 0.5 0.065625 0.09722222222222222 0.065625
38 0.03229166666666667 0.934375 0.025694444444444443 0.0
38 0.9659722222222222 0.934375 0.04861111111111111 0.0
43 0.4934027777777778 0.934375 0.8770833333333333 0.0
507 0.0 0.04921875 0.0 0.0
8 0.0 0.0765625 0.0 0.0875
43 0.0 0.138671875 0.0 0.03671875
43 0.0 0.18359375 0.0 0.053125
43 0.0 0.2470703125 0.0 0.075390625
8 0.0 0.3216796875 0.0 0.075390625
43 0.0 0.393359375 0.0 0.06953125
43 0.0 0.462109375 0.0 0.06953125
43 0.0 0.530859375 0.0 0.06953125
43 0.0 0.599609375 0.0 0.06953125
50 0.0 0.67578125 0.0 0.08203125
16 0.0 0.3748046875 0.0 0.683984375
509 0.0 0.48359375 0.0 0.9015625
4 0.5 0.9671875 1.0 0.065625
4 0.5 0.01640625 1.0 0.0328125
5 0.5 0.5 1.0 1.0
