6 0.022222222222222223 0.019921875 0.044444444444444446 0.025
16 0.1111111111111111 0.022265625 0.2222222222222222 0.0296875
7 0.1111111111111111 0.0427734375 0.08888888888888889 0.007421875
7 0.1111111111111111 0.0814453125 0.2222222222222222 0.038671875
7 0.1111111111111111 0.1494140625 0.2222222222222222 0.032421875
7 0.1111111111111111 0.196484375 0.2222222222222222 0.021875
16 0.1111111111111111 0.2513671875 0.2222222222222222 0.087890625
114 0.05555555555555555 0.2513671875 0.1111111111111111 0.087890625
114 0.16666666666666666 0.2513671875 0.1111111111111111 0.087890625
5 0.1111111111111111 0.1037109375 0.2222222222222222 0.207421875
