117 0.5 0.1435546875 0.7777777777777778 0.068359375
89 0.5 0.1435546875 1.0 0.068359375
8 0.5 0.5197265625 1.0 0.683984375
7 0.40694444444444444 0.102734375 0.7555555555555555 0.15
7 0.8194444444444444 0.179296875 0.06944444444444445 0.003125
6 0.9125 0.1068359375 0.11666666666666667 0.141796875
16 0.5 0.1533203125 1.0 0.048828125
7 0.5 0.1451171875 0.9416666666666667 0.065234375
7 0.40694444444444444 0.18203125 0.7555555555555555 0.00859375
6 0.9125 0.1861328125 0.11666666666666667 0.016796875
16 0.5 0.1943359375 1.0 0.033203125
7 0.40694444444444444 0.2517578125 0.7555555555555555 0.033203125
7 0.8194444444444444 0.2517578125 0.06944444444444445 0.022265625
6 0.9125 0.251953125 0.11666666666666667 0.04921875
16 0.5 0.251953125 1.0 0.08203125
7 0.40694444444444444 0.3337890625 0.7555555555555555 0.033203125
7 0.8194444444444444 0.3337890625 0.06944444444444445 0.022265625
6 0.9125 0.333984375 0.11666666666666667 0.04921875
16 0.5 0.333984375 1.0 0.08203125
7 0.40694444444444444 0.4158203125 0.7555555555555555 0.033203125
7 0.8194444444444444 0.4158203125 0.06944444444444445 0.022265625
6 0.9125 0.416015625 0.11666666666666667 0.04921875
16 0.5 0.416015625 1.0 0.08203125
7 0.39861111111111114 0.4978515625 0.7388888888888889 0.033203125
7 0.8111111111111111 0.4978515625 0.08611111111111111 0.022265625
6 0.9125 0.498046875 0.11666666666666667 0.04921875
16 0.5 0.498046875 1.0 0.08203125
7 0.39861111111111114 0.5798828125 0.7388888888888889 0.033203125
7 0.8111111111111111 0.5798828125 0.08611111111111111 0.022265625
6 0.9125 0.580078125 0.11666666666666667 0.04921875
16 0.5 0.580078125 1.0 0.08203125
16 0.5 0.659375 1.0 0.0765625
7 0.39861111111111114 0.7384765625 0.7388888888888889 0.033203125
7 0.8111111111111111 0.7384765625 0.08611111111111111 0.022265625
6 0.9125 0.738671875 0.11666666666666667 0.04921875
16 0.5 0.738671875 1.0 0.08203125
7 0.40694444444444444 0.8205078125 0.7555555555555555 0.033203125
7 0.8194444444444444 0.8205078125 0.06944444444444445 0.022265625
6 0.9125 0.820703125 0.11666666666666667 0.04921875
16 0.5 0.826171875 1.0 0.07109375
7 0.39861111111111114 0.873828125 0.7388888888888889 0.02421875
7 0.8111111111111111 0.8765625 0.08611111111111111 0.0296875
6 0.9125 0.869921875 0.11666666666666667 0.01640625
8 0.5 0.898046875 1.0 0.07265625
59 0.12083333333333333 0.898046875 0.18333333333333332 0.04375
7 0.5586805555555555 0.899609375 0.08125 0.02578125
177 0.6645833333333333 0.898046875 0.10138888888888889 0.06171875
7 0.7583333333333333 0.899609375 0.05694444444444444 0.02578125
177 0.8520833333333333 0.898046875 0.10138888888888889 0.06171875
7 0.9440972222222223 0.899609375 0.05347222222222222 0.02578125
16 0.7444444444444445 0.898046875 0.4527777777777778 0.06171875
16 0.5 0.521875 1.0 0.825
50 0.5 0.4671875 1.0 0.715625
52 0.06805555555555555 0.07109375 0.1361111111111111 0.0765625
7 0.2 0.0708984375 0.10833333333333334 0.036328125
55 1.0 0.07109375 0.0 0.0765625
56 0.5 0.07109375 1.0 0.0765625
57 0.0 0.0328125 0.0 0.0
53 0.5 0.4671875 1.0 0.934375
4 0.5 0.9671875 1.0 0.065625
4 0.5 0.01640625 1.0 0.0328125
