17 0.0 0.0328125 0.0 0.0
38 0.06805555555555555 0.07109375 0.0875 0.04921875
38 0.20416666666666666 0.07109375 0.0875 0.04921875
38 0.7201388888888889 0.07109375 0.058333333333333334 0.0328125
43 0.8017361111111111 0.07109375 0.06597222222222222 0.0296875
16 0.7677083333333333 0.07109375 0.17291666666666666 0.04921875
38 0.9319444444444445 0.07109375 0.058333333333333334 0.0328125
16 0.6166666666666667 0.07109375 0.6888888888888889 0.04921875
16 0.5 0.07109375 1.0 0.0765625
510 0.5 0.24609375 1.0 0.2734375
38 0.0 0.109375 0.0 0.0
43 0.5 0.4751953125 0.9222222222222223 0.141015625
43 0.40729166666666666 0.56953125 0.04791666666666667 0.02578125
102 0.5381944444444444 0.567578125 0.19444444444444445 0.021875
43 0.5 0.60625 0.9222222222222223 0.02578125
43 0.1920138888888889 0.659375 0.15347222222222223 0.02578125
38 0.12083333333333333 0.688671875 0.058333333333333334 0.0328125
43 0.22604166666666667 0.688671875 0.1326388888888889 0.0296875
16 0.19236111111111112 0.67578125 0.30694444444444446 0.06953125
16 0.34618055555555555 0.67578125 0.0006944444444444445 0.06953125
43 0.4996527777777778 0.659375 0.17569444444444443 0.02578125
38 0.4284722222222222 0.688671875 0.058333333333333334 0.0328125
43 0.5336805555555556 0.688671875 0.1326388888888889 0.0296875
16 0.5 0.67578125 0.30694444444444446 0.06953125
16 0.6538194444444444 0.67578125 0.0006944444444444445 0.06953125
43 0.8076388888888889 0.659375 0.13055555555555556 0.02578125
38 0.7798611111111111 0.688671875 0.058333333333333334 0.0328125
16 0.8076388888888889 0.67578125 0.30694444444444446 0.06953125
16 0.5 0.67578125 0.9222222222222223 0.06953125
16 0.5 0.5576171875 1.0 0.349609375
16 0.5 0.740625 1.0 0.01640625
510 0.5 0.803515625 0.11666666666666667 0.065625
43 0.5 0.8529296875 0.9222222222222223 0.033203125
43 0.5 0.907421875 0.9222222222222223 0.05390625
16 0.5 0.8416015625 1.0 0.185546875
34 0.5 0.48359375 1.0 0.9015625
5 0.5 0.5 1.0 1.0
4 0.5 0.9671875 1.0 0.065625
