17 0.0 0.0328125 0.0 0.0
7 0.33055555555555555 0.07109375 0.3111111111111111 0.0328125
45 0.9902777777777778 0.07109375 0.0 0.0765625
52 0.07777777777777778 0.07109375 0.1361111111111111 0.0765625
511 0.5 0.07109375 1.0 0.0765625
512 0.5 0.4876953125 1.0 0.756640625
513 0.5 0.36953125 0.2916666666666667 0.1640625
510 0.0 0.109375 0.0 0.0
514 0.5 0.50078125 0.5111111111111111 0.0328125
514 0.5 0.5587890625 0.8055555555555556 0.050390625
515 0.5 0.655078125 0.4083333333333333 0.065625
194 0.5 0.0958984375 0.0 0.026953125
19 0.5 0.4875 0.18472222222222223 0.10390625
117 0.5 0.9001953125 0.7777777777777778 0.068359375
195 0.5 0.9001953125 1.0 0.068359375
139 0.5 0.48359375 1.0 0.9015625
516 0.0 0.0986328125 0.0 0.131640625
50 0.0 0.1703125 0.0 0.0125
517 0.0 0.208984375 0.0 0.065625
517 0.0 0.27421875 0.0 0.065625
517 0.0 0.339453125 0.0 0.065625
517 0.0 0.4046875 0.0 0.065625
517 0.0 0.469921875 0.0 0.065625
517 0.0 0.53515625 0.0 0.065625
50 0.0 0.579296875 0.0 0.0234375
517 0.0 0.6234375 0.0 0.065625
517 0.0 0.688671875 0.0 0.065625
517 0.0 0.75390625 0.0 0.065625
517 0.0 0.8166015625 0.0 0.060546875
50 0.0 0.43984375 0.0 0.8140625
517 0.0 0.890625 0.0 0.065625
518 0.0 0.48359375 0.0 0.9015625
4 0.5 0.9671875 1.0 0.065625
4 0.5 0.01640625 1.0 0.0328125
5 0.5 0.5 1.0 1.0
