519 0.0 0.0 0.0 0.0
520 0.5 0.4671875 1.0 0.934375
6 0.08541666666666667 0.9123046875 0.14583333333333334 0.030078125
521 0.9756944444444444 0.013671875 0.0 0.0
8 0.9756944444444444 0.4671875 0.0 0.90703125
519 0.058333333333333334 0.07109375 0.11666666666666667 0.0765625
522 0.5 0.0546875 1.0 0.109375
519 0.5388888888888889 0.07109375 0.7666666666666667 0.0765625
38 0.11666666666666667 0.0328125 0.0 0.0
519 0.9611111111111111 0.07109375 0.07777777777777778 0.0765625
16 0.5 0.07109375 1.0 0.0765625
38 0.07118055555555555 0.131640625 0.027083333333333334 0.04453125
523 0.12222222222222222 0.1533203125 0.0 0.087890625
519 0.4829861111111111 0.1662109375 0.7215277777777778 0.113671875
519 0.84375 0.1533203125 0.0 0.087890625
524 0.5510416666666667 0.1533203125 0.8576388888888888 0.087890625
519 0.9118055555555555 0.1533203125 0.1361111111111111 0.087890625
524 0.0 0.109375 0.0 0.0
519 0.19583333333333333 0.0625 0.0 0.09375
50 0.5 0.521875 1.0 0.825
519 0.044444444444444446 0.8984375 0.0 0.021875
519 0.0125 0.862890625 0.0 0.0
519 0.5121527777777778 0.8982421875 0.9354166666666667 0.048828125
523 0.049305555555555554 0.943359375 0.058333333333333334 0.01796875
519 0.35868055555555556 0.9330078125 0.5604166666666667 0.002734375
519 0.07847222222222222 0.931640625 0.0 0.0
519 0.6729166666666667 0.946484375 0.029166666666666667 0.02421875
525 0.3684027777777778 0.9330078125 0.7118055555555556 0.002734375
519 0.7777777777777778 0.9447265625 0.041666666666666664 0.020703125
519 0.9326388888888889 0.9349609375 0.10972222222222222 0.001171875
16 0.8538194444444445 0.9330078125 0.2673611111111111 0.002734375
16 0.5 0.934375 1.0 0.0
38 0.5 0.4669921875 0.029166666666666667 0.019140625
50 0.9875 0.934375 0.0 0.0
526 0.0 0.4671875 0.0 0.934375
38 0.4996527777777778 0.4369140625 0.07291666666666667 0.041015625
519 0.0 0.428515625 0.0 0.08203125
523 0.29305555555555557 0.40390625 0.0 0.0
519 0.45625 0.428515625 0.26805555555555555 0.04921875
527 0.6534722222222222 0.428515625 0.05 0.028125
38 0.5 0.4328125 0.42777777777777776 0.04921875
16 0.5 0.4328125 1.0 0.04921875
50 0.975 0.428515625 0.05 0.0578125
519 0.05 0.408203125 0.0 0.0
4 0.5 0.224609375 1.0 0.0328125
519 0.4996527777777778 0.2837890625 0.15069444444444444 0.085546875
519 0.5 0.4041015625 0.7708333333333334 0.078515625
519 0.5 0.493359375 0.825 0.06015625
519 0.4829861111111111 0.69140625 0.8826388888888889 0.05
519 0.5 0.6765625 0.825 0.0328125
16 0.5 0.4669921875 1.0 0.517578125
16 0.0 0.3328125 0.0 0.109375
519 0.0 0.510546875 0.0 0.08203125
519 0.0 0.592578125 0.0 0.08203125
519 0.0 0.674609375 0.0 0.08203125
519 0.0 0.756640625 0.0 0.08203125
519 0.0 0.838671875 0.0 0.08203125
16 0.0 0.5583984375 0.0 0.642578125
4 0.5 0.9671875 1.0 0.065625
