7 0.5 0.2310546875 0.9263888888888889 0.092578125
7 0.5 0.3427734375 0.9263888888888889 0.048046875
7 0.5 0.4544921875 0.9263888888888889 0.092578125
7 0.5 0.5662109375 0.9263888888888889 0.048046875
7 0.2111111111111111 0.6556640625 0.3486111111111111 0.048046875
16 0.5 0.4322265625 1.0 0.536328125
88 0.5 0.54921875 1.0 0.7703125
16 1.0 0.5115234375 0.0 0.694921875
6 0.06875 0.065625 0.07777777777777778 0.04375
54 0.058680555555555555 0.065625 0.11736111111111111 0.065625
16 0.18541666666666667 0.0654296875 0.1361111111111111 0.033203125
7 0.11736111111111111 0.048828125 0.0 0.0
55 1.0 0.065625 0.0 0.065625
56 0.5 0.0984375 1.0 0.13125
57 0.0 0.0328125 0.0 0.0
7 0.12638888888888888 0.1310546875 0.05694444444444444 0.022265625
528 0.1267361111111111 0.13125 0.2534722222222222 0.065625
7 0.3815972222222222 0.1310546875 0.05763888888888889 0.022265625
528 0.3815972222222222 0.13125 0.2534722222222222 0.065625
7 0.6364583333333333 0.1310546875 0.09375 0.022265625
528 0.6364583333333333 0.13125 0.2534722222222222 0.065625
7 0.8909722222222223 0.1310546875 0.1527777777777778 0.022265625
528 0.8822916666666667 0.13125 0.23541666666666666 0.065625
407 0.5 0.13125 1.0 0.065625
53 0.5 0.4671875 1.0 0.934375
