0 0.0 0.0 0.0 0.0
5 0.5 0.4671875 1.0 0.934375
6 0.15243055555555557 0.041796875 0.30486111111111114 0.08359375
6 0.45694444444444443 0.041796875 0.30416666666666664 0.08359375
7 0.8642361111111111 0.0556640625 0.2465277777777778 0.027734375
16 0.8045138888888889 0.041796875 0.3909722222222222 0.06953125
16 0.5 0.041796875 1.0 0.08359375
529 0.5 0.08359375 1.0 0.0
6 0.09236111111111112 0.1486328125 0.18472222222222223 0.102734375
6 0.9076388888888889 0.1486328125 0.18472222222222223 0.102734375
50 0.5 0.1486328125 1.0 0.102734375
7 0.5 0.9025390625 1.0 0.063671875
