61 0.0 0.0328125 0.0 0.0
179 0.5 0.521875 1.0 0.825
6 0.4996527777777778 0.172265625 0.5104166666666666 0.08203125
530 0.5 0.244140625 0.9222222222222223 0.06171875
530 0.5 0.305859375 0.9222222222222223 0.06171875
531 0.5 0.38515625 0.5347222222222222 0.053125
531 0.5 0.457421875 0.5347222222222222 0.053125
531 0.5 0.565234375 0.5347222222222222 0.053125
50 0.0 0.109375 0.0 0.0
7 0.32222222222222224 0.0708984375 0.24583333333333332 0.036328125
52 0.036458333333333336 0.07109375 0.07291666666666667 0.0765625
6 0.13125 0.07109375 0.11666666666666667 0.065625
45 1.0 0.07109375 0.0 0.0765625
74 0.5 0.07109375 1.0 0.0765625
5 0.5 0.4671875 1.0 0.934375
