17 0.0 0.0 0.0 0.0
43 0.5 0.0708984375 0.13055555555555556 0.036328125
44 0.06805555555555555 0.07109375 0.1361111111111111 0.0765625
45 1.0 0.07109375 0.0 0.0765625
118 0.5 0.07109375 1.0 0.0765625
38 0.4996527777777778 0.21875 0.2673611111111111 0.13671875
43 0.5 0.3208984375 0.9611111111111111 0.067578125
43 0.5 0.3923828125 0.9611111111111111 0.075390625
43 0.5 0.474609375 0.9611111111111111 0.0890625
43 0.5 0.5791015625 0.9611111111111111 0.119921875
31 0.5 0.521875 1.0 0.825
5 0.5 0.5 1.0 1.0
4 0.5 0.9671875 1.0 0.065625
4 0.5 0.01640625 1.0 0.0328125
