0 0.0 0.0 0.0 0.0
7 0.5 0.063671875 1.0 0.06171875
6 0.5 0.108203125 1.0 0.02734375
177 0.5 0.1455078125 0.975 0.047265625
6 0.0125 0.21015625 0.0 0.0
8 0.5 0.2103515625 1.0 0.068359375
6 0.0125 0.27890625 0.0 0.0
8 0.5 0.2791015625 1.0 0.068359375
6 0.0125 0.34765625 0.0 0.0
8 0.5 0.3478515625 1.0 0.068359375
6 0.0125 0.41640625 0.0 0.0
8 0.5 0.4166015625 1.0 0.068359375
6 0.0125 0.48515625 0.0 0.0
8 0.5 0.4853515625 1.0 0.068359375
6 0.0125 0.55390625 0.0 0.0
8 0.5 0.5541015625 1.0 0.068359375
6 0.0125 0.62265625 0.0 0.0
8 0.5 0.6228515625 1.0 0.068359375
6 0.0125 0.69140625 0.0 0.0
8 0.5 0.6916015625 1.0 0.068359375
6 0.0125 0.76015625 0.0 0.0
8 0.5 0.7603515625 1.0 0.068359375
6 0.0125 0.82890625 0.0 0.0
8 0.5 0.8291015625 1.0 0.068359375
6 0.0125 0.8818359375 0.0 0.031640625
117 0.5 0.9001953125 1.0 0.068359375
10 0.5 0.52109375 1.0 0.68984375
8 0.5 0.48359375 1.0 0.9015625
5 0.5 0.4671875 1.0 0.934375
