6 0.13506944444444444 0.8955078125 0.08402777777777778 0.034765625
6 0.24479166666666666 0.8955078125 0.13541666666666666 0.043359375
6 0.36736111111111114 0.8955078125 0.10972222222222222 0.043359375
8 0.25625 0.896484375 0.4875 0.06171875
6 0.6225694444444444 0.8955078125 0.08402777777777778 0.034765625
6 0.7322916666666667 0.8955078125 0.13541666666666666 0.043359375
6 0.8548611111111111 0.8955078125 0.10972222222222222 0.043359375
8 0.74375 0.896484375 0.4875 0.06171875
16 0.5 0.896484375 1.0 0.07578125
8 0.0 0.85859375 0.0 0.0
16 0.5 0.8578125 1.0 0.0015625
6 0.06631944444444444 0.1357421875 0.10347222222222222 0.058203125
7 0.3173611111111111 0.13359375 0.3736111111111111 0.05390625
6 0.06631944444444444 0.1939453125 0.10347222222222222 0.058203125
8 0.06631944444444444 0.239453125 0.10347222222222222 0.0328125
8 0.33958333333333335 0.200390625 0.41805555555555557 0.065625
19 0.33958333333333335 0.200390625 0.11666666666666667 0.065625
114 0.014583333333333334 0.106640625 0.0 0.0
8 0.5 0.18125 1.0 0.165625
10 0.5 0.475 1.0 0.753125
206 0.5 0.51640625 1.0 0.8359375
57 0.0 0.0328125 0.0 0.0
54 0.06875 0.065625 0.09722222222222222 0.065625
16 0.2965277777777778 0.0654296875 0.3388888888888889 0.033203125
16 0.3111111111111111 0.065625 0.3875 0.065625
91 0.9319444444444445 0.065625 0.1361111111111111 0.065625
56 0.5 0.065625 1.0 0.065625
56 0.0 0.0 0.0 0.0
53 0.5 0.4671875 1.0 0.934375
