17 0.0 0.0328125 0.0 0.0
43 0.3451388888888889 0.0708984375 0.3402777777777778 0.036328125
44 0.06805555555555555 0.07109375 0.1361111111111111 0.0765625
22 0.9319444444444445 0.07109375 0.1361111111111111 0.065625
80 0.5 0.07109375 1.0 0.0765625
7 0.08194444444444444 0.13203125 0.1638888888888889 0.02578125
7 0.5 0.13203125 0.16944444444444445 0.02578125
7 0.9635416666666666 0.13203125 0.07291666666666667 0.02578125
532 0.5 0.13125 1.0 0.04375
43 0.4083333333333333 0.187890625 0.7388888888888889 0.02578125
43 0.5 0.2392578125 0.9222222222222223 0.027734375
533 0.5 0.283984375 0.9222222222222223 0.06171875
43 0.5 0.3533203125 0.9222222222222223 0.027734375
533 0.5 0.398046875 0.9222222222222223 0.06171875
145 0.159375 0.4890625 0.24097222222222223 0.04375
8 0.5 0.34296875 1.0 0.3796875
88 0.5 0.4876953125 1.0 0.756640625
8 0.0 0.273046875 0.0 0.23984375
146 0.0 0.5095703125 0.0 0.712890625
8 1.0 0.34140625 0.0 0.3765625
146 1.0 0.5095703125 0.0 0.712890625
43 0.0 0.866015625 0.0 0.0
484 0.5 0.9001953125 1.0 0.068359375
139 0.5 0.48359375 1.0 0.9015625
4 0.5 0.9671875 1.0 0.065625
4 0.5 0.01640625 1.0 0.0328125
5 0.5 0.5 1.0 1.0
