0 0.0 0.0328125 0.0 0.0
6 0.06805555555555555 0.6046875 0.058333333333333334 0.0328125
7 0.5875 0.6046875 0.825 0.0875
16 0.0 0.5609375 0.0 0.0
16 0.5 0.6046875 1.0 0.0875
114 0.6618055555555555 0.6921875 0.2388888888888889 0.065625
114 0.8760416666666667 0.6921875 0.18958333333333333 0.065625
16 0.5 0.6921875 1.0 0.0875
7 0.5 0.77578125 1.0 0.0765625
16 0.5 0.64921875 1.0 0.1765625
6 0.0875 0.85234375 0.058333333333333334 0.0328125
16 0.3298611111111111 0.8521484375 0.4263888888888889 0.033203125
16 0.5 0.85234375 1.0 0.0765625
6 0.0875 0.96171875 0.058333333333333334 0.0546875
16 0.3125 0.9232421875 0.39166666666666666 0.022265625
16 0.5 0.95078125 1.0 0.0328125
16 0.26666666666666666 0.9615234375 0.3 0.054296875
7 0.11666666666666667 0.9615234375 0.0 0.054296875
10 0.5 0.8359375 1.0 0.196875
5 0.5 0.48359375 1.0 0.9015625
