17 0.0 0.0328125 0.0 0.0
34 0.5 0.48359375 1.0 0.9015625
43 0.5 0.071875 1.0 0.078125
38 0.5 0.14140625 1.0 0.065625
43 0.5 0.2341796875 0.5180555555555556 0.037890625
8 0.5 0.2341796875 1.0 0.065234375
38 0.09722222222222222 0.299609375 0.09722222222222222 0.0546875
534 0.5 0.299609375 0.9222222222222223 0.065625
38 0.9076388888888889 0.299609375 0.0875 0.04921875
43 0.5 0.3923828125 0.5 0.037890625
8 0.5 0.3923828125 1.0 0.065234375
38 0.09722222222222222 0.4578125 0.09722222222222222 0.0546875
534 0.5 0.4578125 0.9222222222222223 0.065625
38 0.9076388888888889 0.4578125 0.0875 0.04921875
16 0.5 0.4115234375 1.0 0.158203125
43 0.5 0.641796875 0.07777777777777778 0.30234375
16 0.5 0.48359375 1.0 0.61875
534 0.8736111111111111 0.863671875 0.175 0.0984375
534 0.29444444444444445 0.863671875 0.5111111111111111 0.1140625
38 0.5013888888888889 0.833984375 0.07777777777777778 0.04375
8 0.5 0.863671875 1.0 0.14140625
44 0.06805555555555555 0.07109375 0.1361111111111111 0.0765625
173 0.9513888888888888 0.07109375 0.09722222222222222 0.065625
4 0.5 0.9671875 1.0 0.065625
4 0.5 0.01640625 1.0 0.0328125
5 0.5 0.5 1.0 1.0
