7 0.4996527777777778 0.51640625 0.26458333333333334 0.0296875
6 0.5 0.23515625 1.0 0.2734375
7 0.5 0.437890625 0.9513888888888888 0.0296875
16 0.5 0.4212890625 1.0 0.098828125
6 0.5 0.471484375 0.9513888888888888 0.0015625
7 0.5 0.535546875 0.9513888888888888 0.0296875
7 0.5 0.5806640625 0.9513888888888888 0.033203125
7 0.5 0.72265625 0.9513888888888888 0.24765625
89 0.5 0.9001953125 1.0 0.068359375
16 0.5 0.7033203125 1.0 0.462109375
206 0.5 0.51640625 1.0 0.8359375
117 0.5 0.9001953125 0.7777777777777778 0.068359375
57 0.0 0.0328125 0.0 0.0
54 0.06875 0.065625 0.09722222222222222 0.065625
16 0.31354166666666666 0.0654296875 0.3923611111111111 0.033203125
7 0.11736111111111111 0.048828125 0.0 0.0
16 0.26493055555555556 0.065625 0.4895833333333333 0.065625
143 0.7958333333333333 0.065625 0.1361111111111111 0.065625
91 0.9319444444444445 0.065625 0.1361111111111111 0.065625
56 0.5 0.065625 1.0 0.065625
56 0.0 0.0 0.0 0.0
53 0.5 0.4671875 1.0 0.934375
