17 0.0 0.0328125 0.0 0.0
38 0.0 0.4833984375 0.0 0.205078125
535 0.0 0.2068359375 0.0 0.348046875
535 0.0 0.7259765625 0.0 0.280078125
8 0.0 0.48359375 0.0 0.9015625
38 0.5 0.4833984375 1.0 0.205078125
535 0.5 0.2068359375 1.0 0.348046875
535 0.5 0.7259765625 1.0 0.280078125
34 0.5 0.48359375 1.0 0.9015625
8 1.0 0.246875 0.0 0.428125
8 1.0 0.69765625 0.0 0.4734375
8 1.0 0.48359375 0.0 0.9015625
38 0.37118055555555557 0.8796875 0.04375 0.02734375
38 0.48368055555555556 0.8796875 0.04375 0.02734375
38 0.5961805555555556 0.8796875 0.04375 0.02734375
38 0.6524305555555555 0.8796875 0.04375 0.02734375
16 0.4996527777777778 0.9001953125 0.4131944444444444 0.068359375
4 0.5 0.9671875 1.0 0.065625
4 0.5 0.01640625 1.0 0.0328125
5 0.5 0.5 1.0 1.0
