536 0.0 0.0328125 0.0 0.0
537 0.5 0.48359375 1.0 0.9015625
118 0.5 0.0328125 1.0 0.0
538 0.06805555555555555 0.07109375 0.1361111111111111 0.0765625
536 0.5 0.1384765625 0.9222222222222223 0.036328125
536 0.5 0.3703125 1.0 0.065625
536 0.5 0.4359375 1.0 0.065625
536 0.5 0.5015625 1.0 0.065625
536 0.5 0.5671875 1.0 0.065625
536 0.5 0.6328125 1.0 0.065625
539 0.5 0.5015625 1.0 0.328125
4 0.5 0.46953125 0.1361111111111111 0.0015625
536 0.609375 0.4890625 0.08263888888888889 0.0296875
8 0.5 0.5017578125 1.0 0.646484375
540 0.5 0.209765625 0.4777777777777778 0.0625
536 0.5 0.7921875 0.0 0.065625
541 0.5 0.8796875 0.9222222222222223 0.065625
542 0.8930555555555556 0.86328125 0.1361111111111111 0.0765625
113 0.0 0.48359375 0.0 0.9015625
16 0.0 0.123046875 0.0 0.18046875
543 0.0 0.2140625 0.0 0.0015625
543 0.0 0.34375 0.0 0.0015625
50 0.0 0.27890625 0.0 0.13125
50 0.0 0.44296875 0.0 0.065625
50 0.0 0.50859375 0.0 0.065625
50 0.0 0.57421875 0.0 0.065625
50 0.0 0.63984375 0.0 0.065625
50 0.0 0.70546875 0.0 0.065625
