536 0.0 0.0328125 0.0 0.0
537 0.5 0.48359375 1.0 0.9015625
536 0.23506944444444444 0.07109375 0.12013888888888889 0.0765625
418 0.32430555555555557 0.07109375 0.058333333333333334 0.0765625
536 0.9076388888888889 0.07109375 0.18472222222222223 0.0765625
538 0.06805555555555555 0.07109375 0.1361111111111111 0.0765625
45 1.0 0.07109375 0.0 0.0765625
118 0.5 0.07109375 1.0 0.0765625
544 0.10451388888888889 0.21171875 0.13125 0.1171875
545 0.5 0.49453125 1.0 0.7484375
546 0.5 0.13671875 0.9222222222222223 0.0328125
547 0.5 0.1953125 1.0 0.15
548 0.10416666666666667 0.22265625 0.0 0.0
548 0.23541666666666666 0.22265625 0.0 0.0
544 0.23576388888888888 0.21171875 0.13125 0.1171875
548 0.36666666666666664 0.22265625 0.0 0.0
544 0.36701388888888886 0.21171875 0.13125 0.1171875
548 0.4979166666666667 0.22265625 0.0 0.0
544 0.4982638888888889 0.21171875 0.13125 0.1171875
548 0.6291666666666667 0.22265625 0.0 0.0
544 0.6295138888888889 0.21171875 0.13125 0.1171875
548 0.7604166666666666 0.22265625 0.0 0.0
544 0.7607638888888889 0.21171875 0.13125 0.1171875
548 0.8916666666666667 0.22265625 0.0 0.0
544 0.8920138888888889 0.21171875 0.13125 0.1171875
16 0.0 0.1953125 0.0 0.15
16 1.0 0.1953125 0.0 0.15
4 0.5 0.50390625 1.0 0.4671875
549 0.45625 0.3658203125 0.5097222222222222 0.022265625
549 0.4392361111111111 0.397265625 0.54375 0.0296875
549 0.39791666666666664 0.5029296875 0.6263888888888889 0.224609375
549 0.8045138888888889 0.44375 0.18680555555555556 0.04375
549 0.08472222222222223 0.2703125 0.0 0.0
536 0.4392361111111111 0.61796875 0.54375 0.0703125
550 0.5 0.50390625 0.8305555555555556 0.4671875
106 0.28888888888888886 0.7921875 0.11666666666666667 0.065625
536 0.28888888888888886 0.8359375 0.04722222222222222 0.021875
106 0.425 0.7921875 0.11666666666666667 0.065625
536 0.42465277777777777 0.8359375 0.07569444444444444 0.021875
106 0.5680555555555555 0.7921875 0.11666666666666667 0.065625
536 0.5680555555555555 0.8359375 0.13055555555555556 0.021875
16 0.7111111111111111 0.803125 0.11666666666666667 0.0875
536 0.7111111111111111 0.8359375 0.0625 0.021875
106 0.5 0.803125 0.6166666666666667 0.13125
551 0.5 0.56953125 1.0 0.5984375
16 0.0 0.56953125 0.0 0.5984375
16 1.0 0.56953125 0.0 0.5984375
549 0.0 0.109375 0.0 0.0
536 0.8444444444444444 0.8359375 0.0 0.0
418 0.3541666666666667 0.9015625 0.058333333333333334 0.0328125
536 0.5388888888888889 0.9015625 0.2722222222222222 0.02578125
16 0.5 0.9015625 1.0 0.065625
542 0.8930555555555556 0.86328125 0.1361111111111111 0.0765625
16 0.3402777777777778 0.03828125 0.6805555555555556 0.0109375
113 0.3402777777777778 0.48359375 0.6805555555555556 0.9015625
552 0.11666666666666667 0.0984375 0.15555555555555556 0.0875
536 0.03888888888888889 0.1640625 0.0 0.0
536 0.3402777777777778 0.176953125 0.6027777777777777 0.02578125
536 0.6173611111111111 0.176953125 0.04861111111111111 0.02578125
16 0.3402777777777778 0.122265625 0.6805555555555556 0.17890625
543 0.3402777777777778 0.2125 0.6805555555555556 0.0015625
536 0.3402777777777778 0.235546875 0.6027777777777777 0.02578125
418 0.06805555555555555 0.31015625 0.058333333333333334 0.0328125
536 0.37430555555555556 0.31015625 0.39861111111111114 0.02578125
536 0.0 0.27734375 0.0 0.0
543 0.3402777777777778 0.3421875 0.6805555555555556 0.0015625
50 0.3402777777777778 0.27734375 0.6805555555555556 0.13125
418 0.06805555555555555 0.37578125 0.058333333333333334 0.0328125
536 0.37430555555555556 0.37578125 0.39861111111111114 0.02578125
536 0.0 0.34296875 0.0 0.0
418 0.06805555555555555 0.44140625 0.058333333333333334 0.0328125
536 0.37430555555555556 0.44140625 0.39861111111111114 0.02578125
536 0.0 0.40859375 0.0 0.0
50 0.3402777777777778 0.44140625 0.6805555555555556 0.065625
418 0.06805555555555555 0.50703125 0.058333333333333334 0.0328125
536 0.37430555555555556 0.50703125 0.39861111111111114 0.02578125
536 0.0 0.47421875 0.0 0.0
50 0.3402777777777778 0.50703125 0.6805555555555556 0.065625
418 0.06805555555555555 0.57265625 0.058333333333333334 0.0328125
536 0.37430555555555556 0.57265625 0.39861111111111114 0.02578125
536 0.0 0.53984375 0.0 0.0
50 0.3402777777777778 0.57265625 0.6805555555555556 0.065625
418 0.06805555555555555 0.63828125 0.058333333333333334 0.0328125
536 0.37430555555555556 0.63828125 0.39861111111111114 0.02578125
536 0.0 0.60546875 0.0 0.0
50 0.3402777777777778 0.63828125 0.6805555555555556 0.065625
418 0.06805555555555555 0.70390625 0.058333333333333334 0.0328125
536 0.37430555555555556 0.70390625 0.39861111111111114 0.02578125
536 0.0 0.67109375 0.0 0.0
50 0.3402777777777778 0.70390625 0.6805555555555556 0.065625
