61 0.0 0.0328125 0.0 0.0
43 0.23958333333333334 0.064453125 0.40555555555555556 0.08984375
43 0.10659722222222222 0.09140625 0.13958333333333334 0.0359375
553 0.5 0.1642578125 0.9263888888888889 0.068359375
43 0.39375 0.16171875 0.7138888888888889 0.02578125
43 0.1329861111111111 0.2119140625 0.19236111111111112 0.033203125
144 0.5 0.2626953125 0.9263888888888889 0.068359375
483 0.5 0.333203125 0.9263888888888889 0.065625
43 0.2048611111111111 0.3892578125 0.33611111111111114 0.033203125
483 0.5 0.45546875 0.9263888888888889 0.065625
43 0.21666666666666667 0.5271484375 0.3597222222222222 0.033203125
43 0.5 0.562109375 0.9263888888888889 0.0296875
43 0.19305555555555556 0.6337890625 0.3125 0.033203125
144 0.5 0.6845703125 0.9263888888888889 0.068359375
145 0.20243055555555556 0.761328125 0.33125 0.04375
43 0.5048611111111111 0.7611328125 0.25833333333333336 0.033203125
71 0.5 0.7490234375 0.9263888888888889 0.068359375
71 0.5 0.8587890625 0.9263888888888889 0.068359375
77 0.5 0.48359375 1.0 0.9015625
43 0.3246527777777778 0.2287109375 0.5756944444444444 0.033203125
43 0.0875 0.2826171875 0.10138888888888889 0.033203125
43 0.10520833333333333 0.4048828125 0.13680555555555557 0.033203125
43 0.21284722222222222 0.556640625 0.20625 0.02578125
43 0.03680555555555556 0.510546875 0.0 0.0
43 0.5 0.6283203125 0.9263888888888889 0.090234375
553 0.0 0.109375 0.0 0.0
7 0.3350694444444444 0.0708984375 0.3784722222222222 0.036328125
52 0.06805555555555555 0.07109375 0.1361111111111111 0.0765625
45 1.0 0.07109375 0.0 0.0765625
74 0.5 0.07109375 1.0 0.0765625
5 0.5 0.5 1.0 1.0
4 0.5 0.9671875 1.0 0.065625
4 0.5 0.01640625 1.0 0.0328125
