17 0.0 0.0328125 0.0 0.0
128 0.2420138888888889 0.07109375 0.19236111111111112 0.0765625
44 0.14583333333333334 0.0328125 0.0 0.0
127 0.37604166666666666 0.07109375 0.07569444444444444 0.0765625
43 0.39340277777777777 0.07109375 0.11041666666666666 0.02578125
127 0.4635416666666667 0.07109375 0.25069444444444444 0.0765625
43 0.478125 0.07109375 0.2798611111111111 0.02578125
127 0.6295138888888889 0.07109375 0.5826388888888889 0.0765625
43 0.6440972222222222 0.07109375 0.6118055555555556 0.02578125
44 0.9222222222222223 0.07109375 0.058333333333333334 0.0765625
8 0.5534722222222223 0.07109375 0.8152777777777778 0.0765625
7 0.1361111111111111 0.0708984375 0.0 0.036328125
45 1.0 0.07109375 0.0 0.0765625
52 0.06805555555555555 0.07109375 0.1361111111111111 0.0765625
80 0.5 0.07109375 1.0 0.0765625
43 0.428125 0.1322265625 0.7534722222222222 0.018359375
38 0.8767361111111112 0.1322265625 0.14375 0.045703125
128 0.5 0.1421875 1.0 0.065625
554 0.0 0.109375 0.0 0.0
555 0.5 0.302734375 1.0 0.2953125
44 0.0 0.155078125 0.0 0.0
50 0.5 0.3478515625 1.0 0.205078125
43 0.5 0.4130859375 0.9319444444444445 0.018359375
16 0.5 0.402734375 1.0 0.0953125
555 0.5 0.598046875 1.0 0.2953125
82 0.0 0.47578125 0.0 0.065625
50 0.5 0.6431640625 1.0 0.205078125
43 0.5 0.7083984375 0.9319444444444445 0.018359375
16 0.5 0.698046875 1.0 0.0953125
555 0.5 0.7984375 1.0 0.10546875
44 0.0 0.745703125 0.0 0.0
16 0.5 0.851171875 1.0 0.0
43 0.5 0.9228515625 0.9319444444444445 0.143359375
103 0.5 0.503125 1.0 0.69609375
194 0.5 0.155078125 0.09722222222222222 0.0
16 0.5 0.8927734375 1.0 0.083203125
38 0.16666666666666666 0.878515625 0.058333333333333334 0.0328125
16 0.16701388888888888 0.8927734375 0.3326388888888889 0.083203125
38 0.49930555555555556 0.878515625 0.058333333333333334 0.0328125
16 0.4996527777777778 0.8927734375 0.3326388888888889 0.083203125
38 0.8319444444444445 0.87578125 0.058333333333333334 0.0328125
43 0.8319444444444445 0.905078125 0.13472222222222222 0.02578125
16 0.8322916666666667 0.89140625 0.3326388888888889 0.08046875
34 0.5 0.48359375 1.0 0.9015625
19 0.5 0.319921875 0.11666666666666667 0.065625
16 0.0 0.139453125 0.0 0.21328125
82 0.0 0.27890625 0.0 0.065625
82 0.0 0.34453125 0.0 0.065625
82 0.0 0.41015625 0.0 0.065625
82 0.0 0.54140625 0.0 0.065625
113 0.0 0.48359375 0.0 0.9015625
5 0.5 0.5 1.0 1.0
4 0.5 0.9671875 1.0 0.065625
4 0.5 0.01640625 1.0 0.0328125
