16 0.0 0.0328125 0.0 0.0
7 0.24930555555555556 0.0568359375 0.08333333333333333 0.022265625
16 0.24965277777777778 0.0568359375 0.49930555555555556 0.048046875
6 0.5006944444444444 0.0328125 0.0 0.0
7 0.75 0.0568359375 0.125 0.022265625
16 0.7503472222222223 0.0568359375 0.49930555555555556 0.048046875
107 0.5 0.0568359375 1.0 0.048046875
16 1.0 0.1150390625 0.0 0.068359375
559 1.0 0.48359375 0.0 0.80546875
6 0.06458333333333334 0.1150390625 0.10972222222222222 0.068359375
16 0.5 0.1150390625 0.7611111111111111 0.057421875
6 0.9354166666666667 0.1150390625 0.10972222222222222 0.068359375
16 0.5 0.1150390625 1.0 0.068359375
559 0.5 0.48359375 1.0 0.80546875
16 0.5 0.9103515625 1.0 0.048046875
52 0.08333333333333333 0.9103515625 0.16666666666666666 0.048046875
52 0.25 0.9103515625 0.16666666666666666 0.048046875
52 0.4166666666666667 0.9103515625 0.16666666666666666 0.048046875
52 0.5833333333333334 0.9103515625 0.16666666666666666 0.048046875
52 0.75 0.9103515625 0.16666666666666666 0.048046875
52 0.9166666666666666 0.9103515625 0.16666666666666666 0.048046875
5 0.5 0.4671875 1.0 0.934375
52 0.5 0.78515625 0.175 0.0875
52 0.8163194444444445 0.8103515625 0.1798611111111111 0.090234375
