17 0.0 0.0 0.0 0.0
44 0.06805555555555555 0.07109375 0.1361111111111111 0.0765625
22 0.9416666666666667 0.07109375 0.11666666666666667 0.065625
43 0.309375 0.0708984375 0.26875 0.036328125
80 0.5 0.07109375 1.0 0.0765625
38 0.5 0.521875 1.0 0.825
43 0.17847222222222223 0.1623046875 0.2388888888888889 0.068359375
43 0.6045138888888889 0.1623046875 0.5159722222222223 0.068359375
38 0.9263888888888889 0.1630859375 0.030555555555555555 0.015234375
144 0.5003472222222223 0.1486328125 0.9770833333333333 0.068359375
44 0.0 0.109375 0.0 0.0
144 0.43680555555555556 0.1435546875 0.8736111111111111 0.068359375
4 0.5 0.178515625 1.0 0.0015625
44 0.9368055555555556 0.1435546875 0.12638888888888888 0.068359375
19 0.5 0.355078125 0.11666666666666667 0.065625
43 0.5 0.5568359375 0.9513888888888888 0.075390625
71 0.0 0.9529296875 0.0 0.037109375
50 0.5 0.934375 1.0 0.0
8 0.0 0.1259765625 0.0 0.186328125
16 0.0 0.18359375 0.0 0.07109375
16 0.0 0.2720703125 0.0 0.105859375
16 0.0 0.3794921875 0.0 0.105859375
16 0.0 0.4869140625 0.0 0.105859375
16 0.0 0.5943359375 0.0 0.105859375
16 0.0 0.7017578125 0.0 0.105859375
16 0.0 0.8091796875 0.0 0.105859375
10 0.0 0.540625 0.0 0.64296875
71 0.0 0.889453125 0.0 0.0546875
8 0.0 0.48359375 0.0 0.9015625
5 0.5 0.5 1.0 1.0
4 0.5 0.01640625 1.0 0.0328125
