0 0.0 0.0 0.0 0.0
8 0.05486111111111111 0.041015625 0.10972222222222222 0.08203125
6 0.04861111111111111 0.1474609375 0.09722222222222222 0.048046875
560 0.10347222222222222 0.092578125 0.20694444444444443 0.0015625
16 0.10347222222222222 0.1474609375 0.20694444444444443 0.226953125
16 0.04861111111111111 0.1474609375 0.09722222222222222 0.254296875
6 0.04861111111111111 0.4794921875 0.09722222222222222 0.048046875
560 0.10347222222222222 0.346875 0.20694444444444443 0.0015625
16 0.10347222222222222 0.4796875 0.20694444444444443 0.3828125
16 0.04861111111111111 0.4796875 0.09722222222222222 0.41015625
6 0.04861111111111111 0.7990234375 0.09722222222222222 0.048046875
560 0.10347222222222222 0.75703125 0.20694444444444443 0.0015625
16 0.10347222222222222 0.79921875 0.20694444444444443 0.2015625
16 0.04861111111111111 0.79921875 0.09722222222222222 0.22890625
560 0.10347222222222222 0.9205078125 0.20694444444444443 0.013671875
8 0.0 0.4671875 0.0 0.934375
561 0.0 0.8865234375 0.0 0.013671875
7 0.5 0.041015625 0.2222222222222222 0.08203125
8 0.9815972222222222 0.041015625 0.03680555555555556 0.08203125
8 0.5 0.041015625 1.0 0.08203125
8 0.5 0.1298828125 1.0 0.095703125
8 0.5 0.2271484375 1.0 0.095703125
8 0.5 0.3244140625 1.0 0.095703125
8 0.5 0.4216796875 1.0 0.095703125
8 0.5 0.5189453125 1.0 0.095703125
8 0.5 0.6162109375 1.0 0.095703125
8 0.5 0.508203125 1.0 0.85234375
19 0.5 0.508203125 0.11666666666666667 0.065625
5 0.5 0.4671875 1.0 0.934375
