17 0.0 0.0328125 0.0 0.0
7 0.2222222222222222 0.0708984375 0.1527777777777778 0.036328125
52 0.06805555555555555 0.07109375 0.1361111111111111 0.0765625
22 0.8444444444444444 0.07109375 0.11666666666666667 0.065625
173 0.9513888888888888 0.07109375 0.09722222222222222 0.065625
80 0.5 0.07109375 1.0 0.0765625
38 1.0 0.521875 0.0 0.825
38 0.0 0.521875 0.0 0.825
34 0.5 0.48359375 1.0 0.9015625
19 0.5 0.521875 0.11666666666666667 0.065625
484 0.0 0.934375 0.0 0.0
8 0.5 0.934375 1.0 0.0
5 0.5 0.5 1.0 1.0
4 0.5 0.01640625 1.0 0.0328125
