17 0.0 0.0328125 0.0 0.0
324 0.5 0.48359375 1.0 0.9015625
195 0.5 0.0669921875 0.7777777777777778 0.068359375
50 0.5 0.0669921875 1.0 0.068359375
325 0.5 0.9048828125 1.0 0.058984375
4 0.5 0.876171875 1.0 0.0015625
38 0.034027777777777775 0.9056640625 0.06805555555555555 0.057421875
38 0.9659722222222222 0.9056640625 0.06805555555555555 0.057421875
220 0.12048611111111111 0.9056640625 0.05625 0.031640625
43 0.2222222222222222 0.9056640625 0.11805555555555555 0.027734375
43 0.378125 0.9056640625 0.09513888888888888 0.027734375
43 0.540625 0.9056640625 0.12986111111111112 0.027734375
43 0.7024305555555556 0.9056640625 0.08541666666666667 0.027734375
43 0.8548611111111111 0.9056640625 0.10972222222222222 0.027734375
326 0.5 0.9056640625 0.8638888888888889 0.057421875
43 0.06111111111111111 0.8189453125 0.09166666666666666 0.029296875
43 0.23020833333333332 0.815625 0.17847222222222223 0.02265625
43 0.3548611111111111 0.815625 0.07083333333333333 0.02265625
341 0.2607638888888889 0.827734375 0.2590277777777778 0.0921875
43 0.23020833333333332 0.8609375 0.17847222222222223 0.02265625
43 0.3548611111111111 0.8609375 0.07083333333333333 0.02265625
342 0.265625 0.8609375 0.24930555555555556 0.02265625
38 0.09722222222222222 0.86015625 0.04861111111111111 0.02734375
8 0.19652777777777777 0.827734375 0.39305555555555555 0.0953125
6 0.4215277777777778 0.827734375 0.002777777777777778 0.0953125
38 0.5131944444444444 0.82890625 0.06805555555555555 0.03671875
16 0.5135416666666667 0.827734375 0.18125 0.0953125
38 0.5135416666666667 0.85859375 0.0006944444444444445 0.0140625
43 0.5555555555555556 0.85859375 0.07777777777777778 0.02265625
6 0.6045138888888889 0.827734375 0.0006944444444444445 0.0796875
38 0.6951388888888889 0.82890625 0.06805555555555555 0.03671875
16 0.6954861111111111 0.827734375 0.18125 0.0953125
38 0.6954861111111111 0.85859375 0.0006944444444444445 0.0140625
43 0.7375 0.85859375 0.07777777777777778 0.02265625
6 0.7864583333333334 0.827734375 0.0006944444444444445 0.0796875
38 0.8770833333333333 0.82890625 0.06805555555555555 0.03671875
16 0.8774305555555556 0.827734375 0.18125 0.0953125
38 0.8774305555555556 0.85859375 0.0006944444444444445 0.0140625
43 0.9194444444444444 0.85859375 0.07777777777777778 0.02265625
16 0.984375 0.827734375 0.03125 0.0953125
43 0.9892361111111111 0.85859375 0.021527777777777778 0.02265625
16 0.6979166666666666 0.827734375 0.6041666666666666 0.0953125
213 0.5 0.827734375 1.0 0.0953125
38 0.5 0.465234375 1.0 0.6296875
6 0.08541666666666667 0.6591796875 0.14583333333333334 0.030078125
558 0.0 0.150390625 0.0 0.0
38 1.0 0.15078125 0.0 0.0
8 0.9756944444444444 0.4158203125 0.0 0.503515625
223 0.07291666666666667 0.19140625 0.09722222222222222 0.0546875
16 0.5 0.705859375 1.0 0.04921875
44 0.05486111111111111 0.7560546875 0.10972222222222222 0.048046875
38 0.3128472222222222 0.7560546875 0.003472222222222222 0.026171875
224 0.3857638888888889 0.7560546875 0.10347222222222222 0.041015625
16 0.2833333333333333 0.7560546875 0.3472222222222222 0.048046875
224 0.4996527777777778 0.7560546875 0.08541666666666667 0.048046875
225 0.0 0.73203125 0.0 0.0
43 0.7163194444444444 0.755859375 0.34791666666666665 0.02265625
44 0.9451388888888889 0.7560546875 0.10972222222222222 0.048046875
224 0.035416666666666666 0.705859375 0.07083333333333333 0.04921875
38 0.5354166666666667 0.705859375 0.9291666666666667 0.04921875
8 0.5 0.512890625 1.0 0.725
38 0.12152777777777778 0.1251953125 0.24305555555555555 0.048046875
43 0.5725694444444445 0.1251953125 0.20347222222222222 0.048046875
327 0.5725694444444445 0.1251953125 0.6590277777777778 0.048046875
220 0.9701388888888889 0.11796875 0.04861111111111111 0.02734375
43 0.9020833333333333 0.101171875 0.0 0.0
16 0.5 0.12578125 1.0 0.04921875
43 1.0 0.101171875 0.0 0.0
38 1.0 0.205859375 0.0 0.0
38 1.0 0.2609375 0.0 0.0
38 1.0 0.316015625 0.0 0.0
38 1.0 0.37109375 0.0 0.0
38 1.0 0.426171875 0.0 0.0
38 1.0 0.48125 0.0 0.0
38 1.0 0.536328125 0.0 0.0
16 1.0 0.5640625 0.0 0.05546875
16 1.0 0.5177734375 0.0 0.833203125
4 0.5 0.01640625 1.0 0.0328125
5 0.5 0.5 1.0 1.0
