17 0.0 0.0328125 0.0 0.0
44 0.06805555555555555 0.07109375 0.1361111111111111 0.0765625
45 1.0 0.07109375 0.0 0.0765625
43 0.39305555555555555 0.0708984375 0.4361111111111111 0.036328125
80 0.5 0.07109375 1.0 0.0765625
43 0.20416666666666666 0.13515625 0.4083333333333333 0.0515625
43 0.36493055555555554 0.184765625 0.7298611111111111 0.04765625
43 0.4996527777777778 0.2263671875 0.9993055555555556 0.076953125
4 0.5194444444444445 0.301171875 0.9611111111111111 0.0015625
43 0.07465277777777778 0.338671875 0.14930555555555555 0.0296875
43 0.28680555555555554 0.338671875 0.275 0.0296875
4 0.5194444444444445 0.376171875 0.9611111111111111 0.0015625
43 0.06770833333333333 0.413671875 0.13541666666666666 0.0296875
43 0.2635416666666667 0.413671875 0.22847222222222222 0.0296875
561 0.5 0.376171875 1.0 0.1484375
4 0.5194444444444445 0.451171875 0.9611111111111111 0.0015625
43 0.203125 0.488671875 0.3284722222222222 0.0296875
43 0.21458333333333332 0.529296875 0.35138888888888886 0.0515625
43 0.5 0.5900390625 0.9222222222222223 0.069921875
16 0.5 0.5494140625 1.0 0.194921875
4 0.5 0.64765625 1.0 0.0015625
43 0.5 0.6921875 1.0 0.0875
4 0.5 0.73671875 1.0 0.0015625
38 0.0 0.109375 0.0 0.0
16 0.5 0.4234375 1.0 0.628125
34 0.5 0.48359375 1.0 0.9015625
43 0.4996527777777778 0.1478515625 0.9993055555555556 0.076953125
43 0.4996527777777778 0.3048828125 0.9993055555555556 0.076953125
43 0.4996527777777778 0.3796875 0.9993055555555556 0.06953125
43 0.4996527777777778 0.45078125 0.9993055555555556 0.06953125
43 0.3927083333333333 0.5283203125 0.1798611111111111 0.022265625
43 0.5034722222222222 0.52734375 0.041666666666666664 0.02578125
43 0.6104166666666667 0.5283203125 0.17222222222222222 0.022265625
43 0.4996527777777778 0.5513671875 0.35347222222222224 0.022265625
16 0.4996527777777778 0.7107421875 0.9993055555555556 0.447265625
5 0.5 0.5 1.0 1.0
4 0.5 0.9671875 1.0 0.065625
4 0.5 0.01640625 1.0 0.0328125
