50 0.06388888888888888 0.0546875 0.0 0.0
48 0.5 0.0974609375 0.7555555555555555 0.036328125
16 0.5 0.08515625 0.8722222222222222 0.0609375
567 0.5 0.159375 0.8722222222222222 0.065625
567 0.5 0.2265625 0.8722222222222222 0.065625
567 0.5 0.29375 0.8722222222222222 0.065625
567 0.5 0.3609375 0.8722222222222222 0.065625
567 0.5 0.428125 0.8722222222222222 0.065625
567 0.5 0.4953125 0.8722222222222222 0.065625
567 0.5 0.5625 0.8722222222222222 0.065625
567 0.5 0.6296875 0.8722222222222222 0.065625
567 0.5 0.696875 0.8722222222222222 0.065625
567 0.5 0.7640625 0.8722222222222222 0.065625
567 0.5 0.8171875 0.8722222222222222 0.0375
49 0.5 0.47578125 0.8722222222222222 0.7203125
415 0.06388888888888888 0.8359375 0.0 0.0
414 0.4222222222222222 0.90703125 0.6583333333333333 0.0
415 0.8291666666666667 0.87421875 0.15555555555555556 0.065625
47 0.5 0.87421875 0.8722222222222222 0.0765625
16 0.5 0.48359375 0.8722222222222222 0.8578125
5 0.5 0.48359375 0.95 0.9015625
