17 0.0 0.0 0.0 0.0
38 0.03888888888888889 0.03828125 0.0 0.0
243 0.1545138888888889 0.07109375 0.23125 0.065625
38 0.2701388888888889 0.03828125 0.0 0.0
243 0.3954861111111111 0.07109375 0.25069444444444444 0.065625
26 0.2798611111111111 0.07109375 0.48194444444444445 0.065625
4 0.5305555555555556 0.07109375 0.019444444444444445 0.0109375
22 0.8444444444444444 0.07109375 0.11666666666666667 0.065625
568 0.9513888888888888 0.07109375 0.09722222222222222 0.065625
80 0.5 0.07109375 1.0 0.0765625
569 0.5 0.4876953125 0.2722222222222222 0.208203125
16 0.5 0.4876953125 1.0 0.756640625
19 0.5 0.4875 0.11666666666666667 0.065625
38 0.16631944444444444 0.2029296875 0.3326388888888889 0.187109375
38 0.04375 0.27265625 0.03888888888888889 0.021875
569 0.18368055555555557 0.27265625 0.21180555555555555 0.02578125
38 0.3333333333333333 0.296875 0.0 0.0
16 0.16631944444444444 0.27265625 0.3326388888888889 0.04765625
44 0.0 0.109375 0.0 0.0
38 0.4996527777777778 0.2029296875 0.3326388888888889 0.187109375
569 0.5170138888888889 0.27265625 0.21180555555555555 0.02578125
38 0.6666666666666666 0.296875 0.0 0.0
16 0.4996527777777778 0.27265625 0.3326388888888889 0.04765625
38 0.3333333333333333 0.109375 0.0 0.0
38 0.8329861111111111 0.2029296875 0.3326388888888889 0.187109375
569 0.8503472222222223 0.27265625 0.21180555555555555 0.02578125
569 0.9777777777777777 0.27265625 0.02361111111111111 0.02109375
16 0.8329861111111111 0.27265625 0.3326388888888889 0.04765625
38 0.6666666666666666 0.109375 0.0 0.0
38 0.16631944444444444 0.3904296875 0.3326388888888889 0.187109375
38 0.04375 0.46015625 0.03888888888888889 0.021875
569 0.18368055555555557 0.46015625 0.21180555555555555 0.02578125
38 0.3333333333333333 0.484375 0.0 0.0
16 0.16631944444444444 0.46015625 0.3326388888888889 0.04765625
38 0.0 0.296875 0.0 0.0
38 0.4996527777777778 0.3904296875 0.3326388888888889 0.187109375
569 0.5170138888888889 0.46015625 0.21180555555555555 0.02578125
38 0.6666666666666666 0.484375 0.0 0.0
16 0.4996527777777778 0.46015625 0.3326388888888889 0.04765625
38 0.8329861111111111 0.3904296875 0.3326388888888889 0.187109375
569 0.8503472222222223 0.46015625 0.21180555555555555 0.02578125
569 0.9777777777777777 0.46015625 0.02361111111111111 0.02109375
16 0.8329861111111111 0.46015625 0.3326388888888889 0.04765625
38 0.16631944444444444 0.5779296875 0.3326388888888889 0.187109375
38 0.04375 0.64765625 0.03888888888888889 0.021875
569 0.18368055555555557 0.64765625 0.21180555555555555 0.02578125
38 0.3333333333333333 0.671875 0.0 0.0
16 0.16631944444444444 0.64765625 0.3326388888888889 0.04765625
38 0.0 0.484375 0.0 0.0
38 0.4996527777777778 0.5779296875 0.3326388888888889 0.187109375
569 0.5170138888888889 0.64765625 0.21180555555555555 0.02578125
38 0.6666666666666666 0.671875 0.0 0.0
16 0.4996527777777778 0.64765625 0.3326388888888889 0.04765625
38 0.8329861111111111 0.5779296875 0.3326388888888889 0.187109375
569 0.8503472222222223 0.64765625 0.21180555555555555 0.02578125
569 0.9777777777777777 0.64765625 0.02361111111111111 0.02109375
16 0.8329861111111111 0.64765625 0.3326388888888889 0.04765625
38 0.16631944444444444 0.7654296875 0.3326388888888889 0.187109375
38 0.04375 0.83515625 0.03888888888888889 0.021875
569 0.18368055555555557 0.83515625 0.21180555555555555 0.02578125
38 0.3333333333333333 0.859375 0.0 0.0
38 0.16631944444444444 0.8626953125 0.3326388888888889 0.006640625
38 0.0 0.671875 0.0 0.0
38 0.4996527777777778 0.7654296875 0.3326388888888889 0.187109375
569 0.5170138888888889 0.83515625 0.21180555555555555 0.02578125
38 0.6666666666666666 0.859375 0.0 0.0
38 0.4996527777777778 0.8626953125 0.3326388888888889 0.006640625
38 0.8329861111111111 0.7654296875 0.3326388888888889 0.187109375
569 0.8503472222222223 0.83515625 0.21180555555555555 0.02578125
569 0.9777777777777777 0.83515625 0.02361111111111111 0.02109375
38 0.8329861111111111 0.8626953125 0.3326388888888889 0.006640625
16 0.16631944444444444 0.932421875 0.3326388888888889 0.1328125
38 0.0 0.859375 0.0 0.0
16 0.4996527777777778 0.932421875 0.3326388888888889 0.1328125
16 0.8329861111111111 0.932421875 0.3326388888888889 0.1328125
4 0.5 0.112109375 1.0 0.00546875
117 0.5 0.9001953125 1.0 0.068359375
5 0.5 0.5 1.0 1.0
4 0.5 0.01640625 1.0 0.0328125
4 0.5 0.9671875 1.0 0.065625
71 0.8607638888888889 0.88515625 0.22013888888888888 0.065625
