0 0.0 0.0 0.0 0.0
19 0.5 0.482421875 0.11666666666666667 0.065625
16 0.5 0.4484375 1.0 0.83125
569 0.5 0.4482421875 0.21388888888888888 0.109765625
44 0.06805555555555555 0.07109375 0.1361111111111111 0.0765625
38 0.21388888888888888 0.07109375 0.07777777777777778 0.04375
38 0.5 0.109765625 0.0 0.0
38 0.75 0.109765625 0.0 0.0
570 0.12465277777777778 0.1798828125 0.24930555555555556 0.140234375
570 0.3746527777777778 0.1798828125 0.24930555555555556 0.140234375
570 0.6246527777777777 0.1798828125 0.24930555555555556 0.140234375
38 0.6243055555555556 0.1796875 0.07777777777777778 0.04375
570 0.8746527777777777 0.1798828125 0.24930555555555556 0.140234375
570 0.12465277777777778 0.3205078125 0.24930555555555556 0.140234375
38 0.0 0.250390625 0.0 0.0
570 0.3746527777777778 0.3205078125 0.24930555555555556 0.140234375
38 0.25 0.250390625 0.0 0.0
570 0.6246527777777777 0.3205078125 0.24930555555555556 0.140234375
38 0.5 0.250390625 0.0 0.0
570 0.8746527777777777 0.3205078125 0.24930555555555556 0.140234375
38 0.75 0.250390625 0.0 0.0
570 0.12465277777777778 0.4611328125 0.24930555555555556 0.140234375
38 0.0 0.391015625 0.0 0.0
44 0.9416666666666667 0.82890625 0.11666666666666667 0.065625
43 0.44166666666666665 0.8291015625 0.8833333333333333 0.069921875
569 0.30972222222222223 0.0708984375 0.11388888888888889 0.027734375
22 0.9416666666666667 0.07109375 0.11666666666666667 0.065625
36 0.5 0.07109375 1.0 0.0765625
4 0.5 0.112109375 1.0 0.00546875
117 0.5 0.9001953125 1.0 0.068359375
5 0.5 0.5 1.0 1.0
4 0.5 0.01640625 1.0 0.0328125
4 0.5 0.9671875 1.0 0.065625
71 0.8607638888888889 0.88515625 0.22013888888888888 0.065625
