36 0.0 0.0328125 0.0 0.0
43 0.5 0.1462890625 1.0 0.073828125
43 0.5 0.2201171875 1.0 0.073828125
43 0.5 0.2939453125 1.0 0.073828125
43 0.5 0.3677734375 1.0 0.073828125
43 0.5 0.4416015625 1.0 0.073828125
571 0.5 0.2939453125 1.0 0.369140625
43 0.0 0.109375 0.0 0.0
572 0.5 0.521875 0.11666666666666667 0.065625
42 0.5 0.48359375 1.0 0.9015625
43 0.5 0.5154296875 1.0 0.073828125
43 0.5 0.5892578125 1.0 0.073828125
43 0.5 0.6630859375 1.0 0.073828125
43 0.5 0.7369140625 1.0 0.073828125
43 0.5 0.8107421875 1.0 0.073828125
43 0.5 0.8845703125 1.0 0.073828125
43 0.5 0.9279296875 1.0 0.012890625
43 0.25277777777777777 0.0708984375 0.15555555555555556 0.036328125
44 0.06805555555555555 0.07109375 0.1361111111111111 0.0765625
22 0.9416666666666667 0.07109375 0.11666666666666667 0.065625
46 0.5 0.07109375 1.0 0.0765625
5 0.5 0.5 1.0 1.0
4 0.5 0.9671875 1.0 0.065625
4 0.5 0.01640625 1.0 0.0328125
