0 0.0 0.0 0.0 0.0
50 0.5 0.05 1.0 0.034375
16 0.2125 0.111328125 0.13194444444444445 0.07421875
16 0.5 0.111328125 0.7069444444444445 0.07421875
16 0.5 0.111328125 1.0 0.07421875
7 0.5 0.1876953125 1.0 0.078515625
7 0.5 0.2662109375 1.0 0.078515625
7 0.5 0.322265625 1.0 0.03359375
6 0.0 0.33984375 0.0 0.0
7 0.2267361111111111 0.3705078125 0.3798611111111111 0.040234375
7 0.31527777777777777 0.403515625 0.5569444444444445 0.02578125
8 0.47256944444444443 0.3833984375 0.8715277777777778 0.066015625
16 0.9493055555555555 0.38359375 0.05277777777777778 0.028125
16 0.5 0.38359375 1.0 0.0875
7 0.5 0.444921875 1.0 0.03359375
6 0.0 0.4625 0.0 0.0
7 0.28020833333333334 0.4931640625 0.48680555555555555 0.040234375
7 0.32256944444444446 0.526171875 0.5715277777777777 0.02578125
8 0.47256944444444443 0.5060546875 0.8715277777777778 0.066015625
16 0.9493055555555555 0.50625 0.05277777777777778 0.028125
16 0.5 0.50625 1.0 0.0875
6 0.0 0.55078125 0.0 0.0
7 0.17256944444444444 0.5814453125 0.27152777777777776 0.040234375
7 0.11493055555555555 0.614453125 0.15625 0.02578125
8 0.47256944444444443 0.5943359375 0.8715277777777778 0.066015625
16 0.9493055555555555 0.59453125 0.05277777777777778 0.028125
16 0.5 0.59453125 1.0 0.0875
6 0.0 0.6390625 0.0 0.0
7 0.21006944444444445 0.6697265625 0.34652777777777777 0.040234375
7 0.10694444444444444 0.702734375 0.14027777777777778 0.02578125
8 0.47256944444444443 0.6826171875 0.8715277777777778 0.066015625
16 0.9493055555555555 0.6828125 0.05277777777777778 0.028125
16 0.5 0.6828125 1.0 0.0875
6 0.0 0.72734375 0.0 0.0
7 0.2152777777777778 0.7580078125 0.35694444444444445 0.040234375
7 0.4270833333333333 0.791015625 0.7805555555555556 0.02578125
8 0.4822916666666667 0.7708984375 0.8909722222222223 0.066015625
16 0.9590277777777778 0.77109375 0.03333333333333333 0.028125
16 0.5 0.77109375 1.0 0.0875
7 0.5 0.832421875 1.0 0.03359375
6 0.0 0.85 0.0 0.0
7 0.23645833333333333 0.8806640625 0.3993055555555556 0.040234375
7 0.25416666666666665 0.913671875 0.43472222222222223 0.02578125
8 0.47256944444444443 0.8935546875 0.8715277777777778 0.066015625
16 0.9493055555555555 0.89375 0.05277777777777778 0.028125
16 0.5 0.8921875 1.0 0.084375
10 0.5 0.619921875 1.0 0.62890625
5 0.5 0.4671875 1.0 0.934375
