0 0.0 0.0 0.0 0.0
5 0.5 0.4671875 1.0 0.934375
16 0.5 0.01640625 1.0 0.0328125
8 0.05243055555555556 0.065625 0.10486111111111111 0.04375
7 0.2677083333333333 0.065625 0.32569444444444445 0.02578125
16 0.5131944444444444 0.0654296875 0.16527777777777777 0.033203125
6 0.5725694444444445 0.0654296875 0.04652777777777778 0.024609375
7 0.8013888888888889 0.0658203125 0.20972222222222223 0.022265625
573 1.0 0.0587890625 0.0 0.051953125
8 0.5 0.0984375 1.0 0.0
6 0.3298611111111111 0.0984375 0.14583333333333334 0.0
16 0.5729166666666666 0.0984375 0.3402777777777778 0.0
16 0.5 0.0984375 0.4861111111111111 0.0
7 0.5 0.1505859375 0.0 0.104296875
7 0.5 0.2755859375 0.21944444444444444 0.145703125
7 0.6458333333333334 0.2755859375 0.07222222222222222 0.145703125
8 0.5 0.2755859375 1.0 0.145703125
7 0.5 0.3755859375 0.30694444444444446 0.040234375
6 0.32395833333333335 0.4462890625 0.05625 0.013671875
6 0.41041666666666665 0.4265625 0.022222222222222223 0.01640625
7 0.5725694444444445 0.4265625 0.14930555555555555 0.02578125
7 0.3236111111111111 0.0 0.6472222222222223 0.0
16 0.5 0.4265625 1.0 0.02578125
16 0.5 0.4462890625 0.4083333333333333 0.013671875
16 0.5 0.32109375 1.0 0.23671875
7 0.5 0.533203125 0.0 0.1875
7 0.5 0.63984375 0.3388888888888889 0.02578125
6 0.16597222222222222 0.703515625 0.04861111111111111 0.02734375
7 0.16631944444444444 0.730078125 0.17847222222222223 0.02578125
7 0.16597222222222222 0.7541015625 0.06527777777777778 0.022265625
16 0.16631944444444444 0.727734375 0.3326388888888889 0.0953125
6 0.3329861111111111 0.727734375 0.0006944444444444445 0.0953125
6 0.49930555555555556 0.703515625 0.04861111111111111 0.02734375
7 0.49930555555555556 0.7541015625 0.11666666666666667 0.022265625
16 0.4996527777777778 0.727734375 0.3326388888888889 0.0953125
6 0.6663194444444445 0.727734375 0.0006944444444444445 0.0953125
6 0.8333333333333334 0.703515625 0.04861111111111111 0.02734375
7 0.8329861111111111 0.7541015625 0.10902777777777778 0.022265625
16 0.8333333333333334 0.727734375 0.3333333333333333 0.0953125
16 0.5 0.720703125 1.0 0.07109375
6 0.5 0.7755859375 1.0 0.000390625
6 0.16597222222222222 0.799609375 0.04861111111111111 0.02734375
7 0.16597222222222222 0.8501953125 0.11527777777777778 0.022265625
16 0.16631944444444444 0.8236328125 0.3326388888888889 0.095703125
6 0.3329861111111111 0.8236328125 0.0006944444444444445 0.095703125
6 0.49930555555555556 0.799609375 0.04861111111111111 0.02734375
7 0.49930555555555556 0.8501953125 0.0375 0.022265625
16 0.4996527777777778 0.8236328125 0.3326388888888889 0.095703125
6 0.6663194444444445 0.8236328125 0.0006944444444444445 0.095703125
6 0.8333333333333334 0.7984375 0.04861111111111111 0.02734375
7 0.8329861111111111 0.8259765625 0.26180555555555557 0.022265625
7 0.8329861111111111 0.8509765625 0.19791666666666666 0.022265625
16 0.8333333333333334 0.8236328125 0.3333333333333333 0.095703125
16 0.5 0.8236328125 1.0 0.095703125
16 0.5 0.74921875 1.0 0.24453125
574 0.5 0.4849609375 1.0 0.773046875
16 0.5 0.88515625 1.0 0.02734375
575 1.0 0.0328125 0.0 0.0
88 1.0 0.19140625 0.0 0.21328125
6 1.0 0.30078125 0.0 0.00546875
16 1.0 0.350390625 0.0 0.0828125
6 1.0 0.39453125 0.0 0.00546875
106 1.0 0.6783203125 0.0 0.386328125
16 1.0 0.637109375 0.0 0.46875
88 1.0 0.478125 0.0 0.78671875
16 1.0 0.4357421875 0.0 0.871484375
16 0.25 0.9029296875 0.10694444444444444 0.055078125
7 0.25 0.9193359375 0.10694444444444444 0.022265625
575 0.0 0.871484375 0.0 0.0
8 0.25 0.9029296875 0.5 0.062890625
16 0.75 0.9029296875 0.10555555555555556 0.055078125
7 0.75 0.9193359375 0.10555555555555556 0.022265625
575 0.8086805555555555 0.8798828125 0.011805555555555555 0.006640625
8 0.75 0.9029296875 0.5 0.062890625
576 0.5 0.9029296875 1.0 0.062890625
8 0.5 0.356640625 0.1986111111111111 0.11171875
7 0.4996527777777778 0.43984375 0.4326388888888889 0.0546875
16 0.5 0.23359375 1.0 0.4671875
7 0.5 0.70078125 0.0 0.4671875
8 0.5 0.378125 1.0 0.75625
7 0.3385416666666667 0.065625 0.6770833333333334 0.02578125
16 0.8288194444444444 0.0658203125 0.3034722222222222 0.044140625
7 0.5 0.1599609375 1.0 0.144140625
16 0.5 0.116015625 1.0 0.23203125
6 0.5 0.3619140625 1.0 0.259765625
7 0.5 0.5884765625 1.0 0.193359375
6 0.9388888888888889 0.720703125 0.04861111111111111 0.02734375
6 0.2722222222222222 0.8453125 0.14583333333333334 0.08203125
16 0.58125 0.8453125 0.4375 0.0953125
7 0.5277777777777778 0.8720703125 0.33055555555555555 0.041796875
16 0.5 0.8453125 1.0 0.178125
