577 0.0 0.0328125 0.0 0.0
52 0.6270833333333333 0.04453125 0.0 0.0
50 0.7072916666666667 0.074609375 0.16041666666666668 0.06015625
7 0.3072916666666667 0.074609375 0.5895833333333333 0.0296875
8 0.4 0.074609375 0.8 0.08359375
578 0.0 0.101171875 0.0 0.0
579 0.0920138888888889 0.13515625 0.16875 0.04296875
8 0.4 0.1396484375 0.8 0.046484375
6 0.06979166666666667 0.2029296875 0.13958333333333334 0.078515625
7 0.21597222222222223 0.2029296875 0.1527777777777778 0.022265625
8 0.4 0.2029296875 0.8 0.078515625
7 0.0 0.16953125 0.0 0.0
6 0.06979166666666667 0.2822265625 0.13958333333333334 0.078515625
7 0.240625 0.2822265625 0.20208333333333334 0.022265625
8 0.4 0.2822265625 0.8 0.078515625
4 0.0 0.24296875 0.0 0.0
6 0.06979166666666667 0.3615234375 0.13958333333333334 0.078515625
7 0.20069444444444445 0.3615234375 0.12222222222222222 0.022265625
8 0.4 0.3615234375 0.8 0.078515625
4 0.0 0.322265625 0.0 0.0
6 0.0 0.4015625 0.0 0.0
7 0.08125 0.4248046875 0.1625 0.018359375
8 0.4 0.4248046875 0.8 0.046484375
6 0.06979166666666667 0.4880859375 0.13958333333333334 0.078515625
7 0.23194444444444445 0.4880859375 0.18472222222222223 0.022265625
8 0.4 0.4880859375 0.8 0.078515625
4 0.0 0.448828125 0.0 0.0
6 0.0 0.528125 0.0 0.0
7 0.04756944444444444 0.5513671875 0.09513888888888888 0.018359375
8 0.4 0.5513671875 0.8 0.046484375
6 0.06979166666666667 0.6146484375 0.13958333333333334 0.078515625
7 0.19305555555555556 0.6146484375 0.10694444444444444 0.022265625
8 0.4 0.6146484375 0.8 0.078515625
7 0.0 0.60703125 0.0 0.0
6 0.06979166666666667 0.6939453125 0.13958333333333334 0.078515625
7 0.24583333333333332 0.6939453125 0.2125 0.022265625
8 0.4 0.6939453125 0.8 0.078515625
4 0.0 0.6546875 0.0 0.0
10 0.4 0.525390625 0.8 0.81796875
16 0.4 0.48359375 0.8 0.9015625
6 0.6982638888888889 0.051953125 0.5965277777777778 0.03828125
7 0.42743055555555554 0.0828125 0.05486111111111111 0.1
580 0.4 0.0328125 0.0 0.0
50 0.09270833333333334 0.0705078125 0.16041666666666668 0.061328125
52 0.0125 0.03984375 0.0 0.0
16 0.5 0.0669921875 1.0 0.068359375
16 0.6038194444444445 0.0669921875 0.1701388888888889 0.041015625
6 0.6524305555555555 0.0669921875 0.07291666666666667 0.041015625
581 0.5 0.1353515625 1.0 0.068359375
579 0.2607638888888889 0.13515625 0.16875 0.04296875
579 0.42916666666666664 0.13515625 0.16805555555555557 0.04296875
579 0.5972222222222222 0.13515625 0.16805555555555557 0.04296875
582 0.34444444444444444 0.1353515625 0.6888888888888889 0.068359375
579 0.8444444444444444 0.1353515625 0.175 0.068359375
583 0.16666666666666666 0.2720703125 0.3333333333333333 0.205078125
59 0.29444444444444445 0.352734375 0.07777777777777778 0.04375
583 0.5 0.2720703125 0.3333333333333333 0.205078125
59 0.6277777777777778 0.352734375 0.07777777777777778 0.04375
7 0.3333333333333333 0.16953125 0.0 0.0
583 0.8333333333333334 0.2720703125 0.3333333333333333 0.205078125
59 0.9611111111111111 0.352734375 0.07777777777777778 0.04375
7 0.6666666666666666 0.16953125 0.0 0.0
583 0.16666666666666666 0.4908203125 0.3333333333333333 0.205078125
59 0.29444444444444445 0.571484375 0.07777777777777778 0.04375
583 0.5 0.4908203125 0.3333333333333333 0.205078125
59 0.6277777777777778 0.571484375 0.07777777777777778 0.04375
7 0.3333333333333333 0.38828125 0.0 0.0
583 0.8333333333333334 0.4908203125 0.3333333333333333 0.205078125
59 0.9611111111111111 0.571484375 0.07777777777777778 0.04375
7 0.6666666666666666 0.38828125 0.0 0.0
583 0.16666666666666666 0.7095703125 0.3333333333333333 0.205078125
59 0.29444444444444445 0.790234375 0.07777777777777778 0.04375
583 0.5 0.7095703125 0.3333333333333333 0.205078125
59 0.6277777777777778 0.790234375 0.07777777777777778 0.04375
7 0.3333333333333333 0.60703125 0.0 0.0
583 0.8333333333333334 0.7095703125 0.3333333333333333 0.205078125
59 0.9611111111111111 0.790234375 0.07777777777777778 0.04375
7 0.6666666666666666 0.60703125 0.0 0.0
584 0.5 0.551953125 1.0 0.76484375
7 0.4996527777777778 0.934375 0.13958333333333334 0.0
6 0.8361111111111111 0.23515625 0.09722222222222222 0.0546875
7 0.4513888888888889 0.2935546875 0.7930555555555555 0.048046875
580 0.4513888888888889 0.2900390625 0.9027777777777778 0.241015625
8 1.0 0.0328125 0.0 0.0
585 0.5 0.48359375 1.0 0.9015625
7 0.5 0.2708984375 0.8388888888888889 0.046484375
7 0.5 0.329296875 0.8388888888888889 0.0703125
146 0.5 0.375390625 0.8388888888888889 0.1625
6 0.5 0.544921875 0.3597222222222222 0.1625
8 0.5 0.544921875 0.8388888888888889 0.1625
7 0.4996527777777778 0.6728515625 0.3284722222222222 0.093359375
8 0.5 0.6728515625 0.8388888888888889 0.093359375
16 0.5 0.48359375 0.9 0.50625
