17 0.0 0.0 0.0 0.0
38 0.49027777777777776 0.07109375 0.2916666666666667 0.065625
38 0.8159722222222222 0.07109375 0.0875 0.04921875
192 0.9201388888888888 0.0708984375 0.09166666666666666 0.043359375
16 0.8861111111111111 0.07109375 0.22777777777777777 0.04921875
8 0.5680555555555555 0.07109375 0.8638888888888889 0.065625
52 0.06805555555555555 0.07109375 0.1361111111111111 0.0765625
45 1.0 0.07109375 0.0 0.0765625
118 0.5 0.10390625 1.0 0.1421875
82 0.0 0.0765625 0.0 0.065625
43 0.0875 0.1421875 0.09722222222222222 0.02578125
193 0.0875 0.1421875 0.175 0.065625
38 0.175 0.109375 0.0 0.0
43 0.3090277777777778 0.1421875 0.20972222222222223 0.02578125
38 0.44305555555555554 0.109375 0.0 0.0
43 0.5364583333333334 0.1421875 0.1284722222222222 0.02578125
38 0.6298611111111111 0.109375 0.0 0.0
43 0.7173611111111111 0.1421875 0.09722222222222222 0.02578125
193 0.7173611111111111 0.1421875 0.175 0.065625
38 0.8048611111111111 0.109375 0.0 0.0
43 0.9170138888888889 0.1421875 0.16597222222222222 0.02578125
164 0.5 0.1421875 1.0 0.065625
194 0.5 0.24921875 0.09722222222222222 0.0546875
192 0.5 0.203515625 0.9125 0.02421875
38 0.9368055555555556 0.20234375 0.03888888888888889 0.021875
8 0.5 0.203515625 1.0 0.05703125
38 0.5 0.3892578125 1.0 0.314453125
82 0.0 0.23125 0.0 0.065625
192 0.5 0.5951171875 1.0 0.097265625
192 0.11180555555555556 0.6541015625 0.06111111111111111 0.020703125
82 0.0 0.6484375 0.0 0.065625
16 0.09305555555555556 0.6541015625 0.18611111111111112 0.020703125
16 0.5 0.4591796875 1.0 0.454296875
38 0.18472222222222223 0.7546875 0.28194444444444444 0.109375
38 0.184375 0.7544921875 0.07291666666666667 0.041015625
192 0.659375 0.7318359375 0.59375 0.063671875
192 0.4305555555555556 0.7740234375 0.06111111111111111 0.020703125
16 0.5 0.7546875 1.0 0.13671875
38 0.18472222222222223 0.8513671875 0.28194444444444444 0.029296875
38 0.04375 0.83671875 0.0 0.0
192 0.5253472222222222 0.8513671875 0.32569444444444445 0.029296875
192 0.4305555555555556 0.8716796875 0.06111111111111111 0.011328125
16 0.659375 0.8513671875 0.59375 0.029296875
16 0.5 0.84453125 1.0 0.04296875
103 0.5 0.5205078125 1.0 0.691015625
19 0.5 0.5546875 0.11666666666666667 0.065625
82 0.0 0.165625 0.0 0.065625
111 0.5 0.4494140625 1.0 0.833203125
195 0.5 0.9001953125 0.7777777777777778 0.068359375
196 0.5 0.9001953125 1.0 0.068359375
82 0.0 0.296875 0.0 0.065625
50 0.0 0.34140625 0.0 0.0234375
82 0.0 0.3859375 0.0 0.065625
82 0.0 0.4515625 0.0 0.065625
82 0.0 0.5171875 0.0 0.065625
82 0.0 0.5828125 0.0 0.065625
82 0.0 0.7140625 0.0 0.065625
82 0.0 0.7796875 0.0 0.065625
82 0.0 0.8453125 0.0 0.065625
82 0.0 0.90625 0.0 0.05625
113 0.0 0.4671875 0.0 0.934375
5 0.5 0.5 1.0 1.0
4 0.5 0.9671875 1.0 0.065625
4 0.5 0.01640625 1.0 0.0328125
