0 0.0 0.0 0.0 0.0
6 0.5 0.1609375 0.4861111111111111 0.2015625
6 0.5 0.46328125 0.9027777777777778 0.403125
7 0.5 0.7654296875 0.9027777777777778 0.201171875
88 0.5 0.48359375 1.0 0.9015625
16 1.0 0.48359375 0.0 0.9015625
6 0.060069444444444446 0.8923828125 0.12013888888888889 0.056640625
6 0.42916666666666664 0.8921875 0.04861111111111111 0.01328125
6 0.5263888888888889 0.8921875 0.04861111111111111 0.01328125
6 0.6236111111111111 0.8921875 0.04861111111111111 0.01328125
16 0.4996527777777778 0.8923828125 0.2965277777777778 0.013671875
16 0.5 0.8923828125 0.7597222222222222 0.056640625
6 0.9399305555555556 0.8923828125 0.12013888888888889 0.056640625
16 0.5 0.8923828125 1.0 0.056640625
4 0.5 0.9671875 1.0 0.065625
4 0.5 0.01640625 1.0 0.0328125
5 0.5 0.5 1.0 1.0
