8 0.0 0.0328125 0.0 0.0
7 0.5 0.056640625 1.0 0.04765625
451 0.0 0.08203125 0.0 0.0
7 0.23020833333333332 0.11875 0.38263888888888886 0.0296875
7 0.2635416666666667 0.146484375 0.44930555555555557 0.02578125
8 0.44166666666666665 0.131640625 0.8055555555555556 0.09921875
16 0.9027777777777778 0.131640625 0.11666666666666667 0.09921875
16 0.5 0.131640625 1.0 0.09921875
451 0.0 0.1828125 0.0 0.0
7 0.1638888888888889 0.21953125 0.25 0.0296875
8 0.5 0.21953125 0.9222222222222223 0.0734375
451 0.0 0.2578125 0.0 0.0
7 0.2604166666666667 0.29453125 0.44305555555555554 0.0296875
7 0.43333333333333335 0.322265625 0.7888888888888889 0.02578125
8 0.44166666666666665 0.307421875 0.8055555555555556 0.09921875
16 0.9027777777777778 0.307421875 0.11666666666666667 0.09921875
16 0.5 0.307421875 1.0 0.09921875
451 0.0 0.35859375 0.0 0.0
7 0.2569444444444444 0.3953125 0.4361111111111111 0.0296875
8 0.44166666666666665 0.4193359375 0.8055555555555556 0.121484375
59 0.9222222222222223 0.419140625 0.07777777777777778 0.04375
16 0.9027777777777778 0.4193359375 0.11666666666666667 0.121484375
16 0.5 0.4193359375 1.0 0.121484375
451 0.0 0.481640625 0.0 0.0
7 0.10208333333333333 0.518359375 0.12638888888888888 0.0296875
8 0.44166666666666665 0.5423828125 0.8055555555555556 0.121484375
59 0.9222222222222223 0.5421875 0.07777777777777778 0.04375
16 0.9027777777777778 0.5423828125 0.11666666666666667 0.121484375
16 0.5 0.5423828125 1.0 0.121484375
451 0.0 0.6046875 0.0 0.0
7 0.3128472222222222 0.64140625 0.5479166666666667 0.0296875
8 0.44166666666666665 0.6654296875 0.8055555555555556 0.121484375
59 0.9222222222222223 0.665234375 0.07777777777777778 0.04375
16 0.9027777777777778 0.6654296875 0.11666666666666667 0.121484375
16 0.5 0.6654296875 1.0 0.121484375
451 0.0 0.727734375 0.0 0.0
7 0.20451388888888888 0.764453125 0.33125 0.0296875
8 0.44166666666666665 0.7884765625 0.8055555555555556 0.121484375
59 0.9222222222222223 0.78828125 0.07777777777777778 0.04375
16 0.9027777777777778 0.7884765625 0.11666666666666667 0.121484375
16 0.5 0.7884765625 1.0 0.121484375
451 0.0 0.85078125 0.0 0.0
7 0.28055555555555556 0.8875 0.48333333333333334 0.0296875
7 0.359375 0.915234375 0.6409722222222223 0.02578125
8 0.44166666666666665 0.892578125 0.8055555555555556 0.08359375
16 0.9027777777777778 0.892578125 0.11666666666666667 0.08359375
16 0.5 0.892578125 1.0 0.08359375
16 0.5 0.4671875 1.0 0.934375
50 0.5 0.934375 1.0 0.0
4 0.5 0.01640625 1.0 0.0328125
5 0.5 0.5 1.0 1.0
