48 0.06388888888888888 0.0546875 0.0 0.0
114 0.17083333333333334 0.0875 0.21388888888888888 0.065625
7 0.39375 0.0875 0.23194444444444445 0.02578125
16 0.5 0.0875 0.8722222222222222 0.065625
114 0.17083333333333334 0.1546875 0.21388888888888888 0.065625
7 0.37083333333333335 0.1546875 0.18611111111111112 0.02578125
16 0.5 0.1546875 0.8722222222222222 0.065625
114 0.17083333333333334 0.221875 0.21388888888888888 0.065625
7 0.3819444444444444 0.221875 0.20833333333333334 0.02578125
16 0.5 0.221875 0.8722222222222222 0.065625
114 0.17083333333333334 0.2890625 0.21388888888888888 0.065625
7 0.6069444444444444 0.2888671875 0.6583333333333333 0.048046875
16 0.5 0.2890625 0.8722222222222222 0.065625
114 0.17083333333333334 0.35625 0.21388888888888888 0.065625
7 0.5079861111111111 0.35625 0.46041666666666664 0.02578125
16 0.5 0.35625 0.8722222222222222 0.065625
114 0.17083333333333334 0.4234375 0.21388888888888888 0.065625
7 0.39166666666666666 0.4234375 0.22777777777777777 0.02578125
16 0.5 0.4234375 0.8722222222222222 0.065625
114 0.17083333333333334 0.490625 0.21388888888888888 0.065625
7 0.3993055555555556 0.490625 0.24305555555555555 0.02578125
16 0.5 0.490625 0.8722222222222222 0.065625
114 0.17083333333333334 0.5578125 0.21388888888888888 0.065625
7 0.46493055555555557 0.5578125 0.37430555555555556 0.02578125
16 0.5 0.5578125 0.8722222222222222 0.065625
114 0.17083333333333334 0.625 0.21388888888888888 0.065625
7 0.39861111111111114 0.625 0.24166666666666667 0.02578125
16 0.5 0.625 0.8722222222222222 0.065625
114 0.17083333333333334 0.6921875 0.21388888888888888 0.065625
7 0.4371527777777778 0.6921875 0.31875 0.02578125
16 0.5 0.6921875 0.8722222222222222 0.065625
114 0.17083333333333334 0.759375 0.21388888888888888 0.065625
7 0.5621527777777777 0.759375 0.56875 0.02578125
16 0.5 0.759375 0.8722222222222222 0.065625
114 0.17083333333333334 0.81484375 0.21388888888888888 0.0421875
7 0.4267361111111111 0.8248046875 0.29791666666666666 0.022265625
16 0.5 0.81484375 0.8722222222222222 0.0421875
16 0.5 0.48359375 0.8722222222222222 0.8578125
114 0.06388888888888888 0.8359375 0.0 0.0
414 0.4222222222222222 0.90703125 0.6583333333333333 0.0
114 0.8291666666666667 0.87421875 0.15555555555555556 0.065625
47 0.5 0.87421875 0.8722222222222222 0.0765625
5 0.5 0.48359375 0.95 0.9015625
