0 0.0 0.0 0.0 0.0
7 0.0 0.0587890625 0.0 0.051953125
16 0.0 0.1224609375 0.0 0.075390625
7 0.0 0.1861328125 0.0 0.051953125
16 0.0 0.283203125 0.0 0.00546875
16 0.0 0.35703125 0.0 0.00546875
16 0.0 0.3939453125 0.0 0.068359375
7 0.0 0.4541015625 0.0 0.051953125
16 0.0 0.551171875 0.0 0.00546875
16 0.0 0.625 0.0 0.00546875
16 0.0 0.698828125 0.0 0.00546875
16 0.0 0.77265625 0.0 0.00546875
16 0.0 0.846484375 0.0 0.00546875
16 0.0 0.9203125 0.0 0.00546875
16 0.0 0.9287109375 0.0 0.011328125
8 0.0 0.48359375 0.0 0.9015625
6 0.06145833333333333 0.063671875 0.12291666666666666 0.06171875
6 0.12430555555555556 0.0634765625 0.002777777777777778 0.041015625
7 0.21736111111111112 0.063671875 0.18333333333333332 0.0421875
8 0.35694444444444445 0.063671875 0.7138888888888889 0.06171875
8 1.0 0.0328125 0.0 0.0
8 0.9451388888888889 0.063671875 0.10972222222222222 0.06171875
8 0.8569444444444444 0.063671875 0.2861111111111111 0.06171875
8 0.5 0.063671875 1.0 0.06171875
177 0.5 0.15 0.9513888888888888 0.06953125
177 0.5 0.233203125 0.9513888888888888 0.06953125
7 0.19027777777777777 0.2828125 0.29305555555555557 0.0296875
114 0.5 0.3734375 0.9513888888888888 0.06953125
8 0.5 0.44296875 1.0 0.0421875
7 0.5 0.44296875 0.12222222222222222 0.0421875
114 0.5 0.5125 0.9513888888888888 0.06953125
7 0.5 0.626953125 1.0 0.05546875
6 0.1 0.72578125 0.2 0.065625
6 0.3 0.72578125 0.2 0.065625
6 0.5 0.72578125 0.2 0.065625
6 0.7 0.72578125 0.2 0.065625
6 0.9 0.72578125 0.2 0.065625
16 0.5 0.72578125 1.0 0.065625
4 0.5 0.773046875 0.9513888888888888 0.0015625
7 0.5 0.841015625 0.9513888888888888 0.10703125
586 0.5 0.5013671875 1.0 0.813671875
587 0.5 0.48359375 1.0 0.9015625
