0 0.0 0.0 0.0 0.0
16 0.09861111111111111 0.063671875 0.19722222222222222 0.06171875
114 0.15347222222222223 0.063671875 0.0875 0.04921875
246 0.4888888888888889 0.063671875 0.17777777777777778 0.06171875
16 0.4892361111111111 0.063671875 0.5826388888888889 0.06171875
114 0.8354166666666667 0.063671875 0.10972222222222222 0.06171875
16 0.9451388888888889 0.063671875 0.10972222222222222 0.06171875
16 0.5986111111111111 0.063671875 0.8027777777777778 0.06171875
247 0.5 0.063671875 1.0 0.06171875
248 0.5 0.48359375 1.0 0.9015625
249 0.5 0.107421875 1.0 0.02578125
250 0.5 0.0859375 1.0 0.06875
246 0.50625 0.1791015625 0.9875 0.036328125
246 0.5 0.2314453125 1.0 0.068359375
250 0.5 0.3345703125 1.0 0.102734375
246 0.5 0.4337890625 1.0 0.068359375
246 0.50625 0.5134765625 0.9875 0.036328125
246 0.5 0.5658203125 1.0 0.068359375
8 0.5 0.434765625 1.0 0.33046875
250 0.5 0.6689453125 1.0 0.102734375
246 0.5 0.7681640625 1.0 0.068359375
246 0.50625 0.8478515625 0.9875 0.036328125
246 0.5 0.9001953125 1.0 0.068359375
8 0.5 0.769140625 1.0 0.33046875
251 0.0 0.1263671875 0.0 0.063671875
252 0.0 0.1978515625 0.0 0.077734375
252 0.0 0.2763671875 0.0 0.077734375
252 0.0 0.3548828125 0.0 0.077734375
252 0.0 0.4333984375 0.0 0.077734375
252 0.0 0.5119140625 0.0 0.077734375
252 0.0 0.5904296875 0.0 0.077734375
251 0.0 0.6619140625 0.0 0.063671875
251 0.0 0.7263671875 0.0 0.063671875
251 0.0 0.7908203125 0.0 0.063671875
253 0.0 0.514453125 0.0 0.83984375
5 0.5 0.4671875 1.0 0.934375
