61 0.0 0.0328125 0.0 0.0
6 0.07291666666666667 0.20234375 0.14583333333333334 0.06171875
43 0.2881944444444444 0.14296875 0.23055555555555557 0.034375
16 0.5680555555555555 0.14296875 0.8152777777777778 0.034375
43 0.16041666666666668 0.16015625 0.0 0.0
43 0.5559027777777777 0.1734375 0.7659722222222223 0.02578125
6 0.9510416666666667 0.17890625 0.024305555555555556 0.0234375
8 0.5680555555555555 0.2009765625 0.8152777777777778 0.081640625
588 0.5 0.1837890625 0.9513888888888888 0.116015625
6 0.07291666666666667 0.3265625 0.14583333333333334 0.06171875
43 0.24861111111111112 0.264453125 0.20555555555555555 0.06171875
16 0.5680555555555555 0.26015625 0.8152777777777778 0.034375
6 0.16041666666666668 0.27734375 0.0 0.0
43 0.5559027777777777 0.31640625 0.7659722222222223 0.02578125
43 0.5559027777777777 0.3421875 0.7659722222222223 0.02578125
6 0.9510416666666667 0.29609375 0.024305555555555556 0.0234375
8 0.5680555555555555 0.3181640625 0.8152777777777778 0.081640625
589 0.5 0.3009765625 0.9513888888888888 0.116015625
6 0.09236111111111112 0.4181640625 0.1361111111111111 0.116015625
43 0.2791666666666667 0.37734375 0.2125 0.034375
16 0.5680555555555555 0.37734375 0.8152777777777778 0.034375
6 0.16041666666666668 0.39453125 0.0 0.0
43 0.5559027777777777 0.43359375 0.7659722222222223 0.02578125
43 0.5559027777777777 0.459375 0.7659722222222223 0.02578125
6 0.9510416666666667 0.41328125 0.024305555555555556 0.0234375
8 0.5680555555555555 0.4353515625 0.8152777777777778 0.081640625
590 0.5 0.4181640625 0.9513888888888888 0.116015625
16 0.5 0.3015625 1.0 0.37890625
77 0.5 0.48359375 1.0 0.9015625
6 0.07291666666666667 0.140234375 0.14583333333333334 0.06171875
43 0.19791666666666666 0.140234375 0.10416666666666667 0.06171875
16 0.2916666666666667 0.140234375 0.5833333333333334 0.06171875
43 0.2482638888888889 0.20234375 0.2048611111111111 0.06171875
16 0.2916666666666667 0.20234375 0.5833333333333334 0.06171875
6 0.07291666666666667 0.264453125 0.14583333333333334 0.06171875
16 0.2916666666666667 0.264453125 0.5833333333333334 0.06171875
43 0.23645833333333333 0.3265625 0.18125 0.06171875
16 0.2916666666666667 0.3265625 0.5833333333333334 0.06171875
6 0.07291666666666667 0.388671875 0.14583333333333334 0.06171875
43 0.184375 0.388671875 0.07708333333333334 0.06171875
16 0.2916666666666667 0.388671875 0.5833333333333334 0.06171875
6 0.07291666666666667 0.45078125 0.14583333333333334 0.06171875
43 0.20416666666666666 0.45078125 0.11666666666666667 0.06171875
16 0.2916666666666667 0.45078125 0.5833333333333334 0.06171875
6 0.07291666666666667 0.512890625 0.14583333333333334 0.06171875
43 0.29791666666666666 0.512890625 0.30416666666666664 0.06171875
16 0.2916666666666667 0.512890625 0.5833333333333334 0.06171875
6 0.07291666666666667 0.575 0.14583333333333334 0.06171875
43 0.21840277777777778 0.575 0.1451388888888889 0.06171875
16 0.2916666666666667 0.575 0.5833333333333334 0.06171875
10 0.2916666666666667 0.521875 0.5833333333333334 0.825
7 0.27881944444444445 0.0708984375 0.2659722222222222 0.036328125
52 0.06805555555555555 0.07109375 0.1361111111111111 0.0765625
165 0.9416666666666667 0.07109375 0.11666666666666667 0.065625
74 0.5 0.07109375 1.0 0.0765625
5 0.5 0.5 1.0 1.0
4 0.5 0.9671875 1.0 0.065625
4 0.5 0.01640625 1.0 0.0328125
