8 0.0 0.0 0.0 0.0
7 0.1284722222222222 0.0765625 0.2569444444444444 0.0875
7 0.375 0.0765625 0.2638888888888889 0.0875
7 0.625 0.0765625 0.2638888888888889 0.0875
7 0.8715277777777778 0.0765625 0.2569444444444444 0.0875
107 0.5 0.0765625 1.0 0.0875
6 0.07951388888888888 0.1640625 0.15902777777777777 0.0875
6 0.9708333333333333 0.179296875 0.0 0.0
7 0.5611111111111111 0.1828125 0.8041666666666667 0.0296875
8 0.5 0.1640625 1.0 0.0875
6 0.07951388888888888 0.25234375 0.15902777777777777 0.0875
6 0.9708333333333333 0.267578125 0.0 0.0
7 0.5611111111111111 0.27109375 0.8041666666666667 0.0296875
8 0.5 0.25234375 1.0 0.0875
6 0.07951388888888888 0.340625 0.15902777777777777 0.0875
6 0.9708333333333333 0.355859375 0.0 0.0
7 0.5611111111111111 0.359375 0.8041666666666667 0.0296875
8 0.5 0.340625 1.0 0.0875
6 0.07951388888888888 0.42890625 0.15902777777777777 0.0875
7 0.9815972222222222 0.4146484375 0.03680555555555556 0.025390625
7 0.5611111111111111 0.44453125 0.8041666666666667 0.0296875
6 0.9489583333333333 0.4533203125 0.04375 0.024609375
8 0.5 0.42890625 1.0 0.0875
6 0.07951388888888888 0.5171875 0.15902777777777777 0.0875
6 0.9708333333333333 0.532421875 0.0 0.0
7 0.5611111111111111 0.5359375 0.8041666666666667 0.0296875
8 0.5 0.5171875 1.0 0.0875
6 0.07951388888888888 0.60546875 0.15902777777777777 0.0875
6 0.9708333333333333 0.620703125 0.0 0.0
7 0.5611111111111111 0.62421875 0.8041666666666667 0.0296875
8 0.5 0.60546875 1.0 0.0875
6 0.07951388888888888 0.69375 0.15902777777777777 0.0875
6 0.9708333333333333 0.708984375 0.0 0.0
7 0.5611111111111111 0.7125 0.8041666666666667 0.0296875
8 0.5 0.69375 1.0 0.0875
6 0.07951388888888888 0.78203125 0.15902777777777777 0.0875
6 0.9708333333333333 0.797265625 0.0 0.0
7 0.5611111111111111 0.80078125 0.8041666666666667 0.0296875
8 0.5 0.78203125 1.0 0.0875
6 0.07951388888888888 0.83671875 0.15902777777777777 0.0203125
6 0.9708333333333333 0.8662109375 0.0 0.038671875
7 0.5611111111111111 0.860546875 0.8041666666666667 0.02734375
8 0.5 0.83671875 1.0 0.0203125
591 0.5 0.48359375 1.0 0.7265625
16 0.44722222222222224 0.8912109375 0.7972222222222223 0.067578125
6 0.9236111111111112 0.89140625 0.07777777777777778 0.04375
16 0.5 0.890625 1.0 0.0875
5 0.5 0.4671875 1.0 0.934375
