120 0.0 0.0328125 0.0 0.0
7 0.3055555555555556 0.0708984375 0.3194444444444444 0.036328125
45 1.0 0.07109375 0.0 0.0765625
52 0.06805555555555555 0.07109375 0.1361111111111111 0.0765625
80 0.5 0.07109375 1.0 0.0765625
144 0.5 0.140234375 1.0 0.06171875
43 0.14965277777777777 0.187890625 0.29930555555555555 0.03359375
43 0.13020833333333334 0.2390625 0.2604166666666667 0.065625
43 0.09652777777777778 0.30625 0.19305555555555556 0.065625
43 0.15625 0.3734375 0.3125 0.065625
43 0.07708333333333334 0.440625 0.15416666666666667 0.065625
43 0.08333333333333333 0.5078125 0.16666666666666666 0.065625
43 0.14722222222222223 0.575 0.29444444444444445 0.065625
43 0.10520833333333333 0.6421875 0.21041666666666667 0.065625
43 0.16284722222222223 0.709375 0.32569444444444445 0.065625
43 0.14340277777777777 0.7765625 0.28680555555555554 0.065625
43 0.13194444444444445 0.84375 0.2638888888888889 0.065625
43 0.15069444444444444 0.90625 0.3013888888888889 0.05625
16 0.5 0.521875 1.0 0.825
126 0.5 0.48359375 1.0 0.9015625
8 0.3159722222222222 0.128515625 0.6319444444444444 0.19140625
43 0.3159722222222222 0.2724609375 0.6319444444444444 0.055078125
43 0.3159722222222222 0.3275390625 0.6319444444444444 0.055078125
43 0.3159722222222222 0.3826171875 0.6319444444444444 0.055078125
43 0.3159722222222222 0.4376953125 0.6319444444444444 0.055078125
106 0.3159722222222222 0.5896484375 0.6319444444444444 0.689453125
8 0.3159722222222222 0.48359375 0.6319444444444444 0.9015625
4 0.5 0.9671875 1.0 0.065625
4 0.5 0.01640625 1.0 0.0328125
5 0.5 0.5 1.0 1.0
