17 0.0 0.0328125 0.0 0.0
103 0.0 0.48359375 0.0 0.9015625
194 0.5 0.0328125 0.09722222222222222 0.0
592 0.5 0.4052734375 0.9902777777777778 0.739453125
4 0.07881944444444444 0.5734375 0.14791666666666667 0.0
43 0.5909722222222222 0.6474609375 0.8083333333333333 0.120703125
4 0.5909722222222222 0.717578125 0.8083333333333333 0.00546875
16 0.5 0.67421875 0.9902777777777778 0.2015625
38 0.5 0.406640625 0.15555555555555556 0.0875
593 0.5 0.8560546875 0.9902777777777778 0.156640625
38 0.5 0.9421875 0.15555555555555556 0.015625
34 0.5 0.48359375 1.0 0.9015625
103 1.0 0.48359375 0.0 0.9015625
50 0.0798611111111111 0.078125 0.15 0.08515625
7 0.2947916666666667 0.0783203125 0.2798611111111111 0.085546875
7 0.5746527777777778 0.0783203125 0.2798611111111111 0.085546875
7 0.8548611111111111 0.0783203125 0.28055555555555556 0.085546875
594 0.5 0.0783203125 1.0 0.091015625
4 0.5 0.9671875 1.0 0.065625
4 0.5 0.01640625 1.0 0.0328125
5 0.5 0.5 1.0 1.0
