17 0.0 0.0 0.0 0.0
43 0.28020833333333334 0.0708984375 0.21041666666666667 0.036328125
44 0.06805555555555555 0.07109375 0.1361111111111111 0.0765625
22 0.821875 0.07109375 0.12291666666666666 0.065625
22 0.9416666666666667 0.07109375 0.11666666666666667 0.065625
80 0.5 0.07109375 1.0 0.0765625
38 0.0 0.109375 0.0 0.0
127 0.09756944444444444 0.1421875 0.1951388888888889 0.065625
38 0.1951388888888889 0.109375 0.0 0.0
127 0.2923611111111111 0.1421875 0.19444444444444445 0.065625
38 0.38958333333333334 0.109375 0.0 0.0
127 0.47708333333333336 0.1421875 0.175 0.065625
38 0.5645833333333333 0.109375 0.0 0.0
127 0.6694444444444444 0.1421875 0.20972222222222223 0.065625
38 0.7743055555555556 0.109375 0.0 0.0
127 0.8871527777777778 0.1421875 0.22569444444444445 0.065625
128 0.5 0.1421875 1.0 0.065625
8 0.0 0.2443359375 0.0 0.111328125
38 0.0 0.299609375 0.0 0.0
8 0.0 0.3556640625 0.0 0.111328125
38 0.0 0.410546875 0.0 0.0
8 0.0 0.4669921875 0.0 0.111328125
43 0.0 0.521484375 0.0 0.00078125
16 0.0 0.4763671875 0.0 0.602734375
38 0.09756944444444444 0.2435546875 0.1701388888888889 0.095703125
43 0.2659722222222222 0.2306640625 0.12638888888888888 0.027734375
43 0.3767361111111111 0.257421875 0.34791666666666665 0.02578125
16 0.5 0.2435546875 0.6347222222222222 0.067578125
38 0.0 0.188671875 0.0 0.0
44 0.8847222222222222 0.21875 0.0 0.0
44 0.9288194444444444 0.2435546875 0.06319444444444444 0.035546875
8 0.5 0.2443359375 1.0 0.111328125
38 0.09756944444444444 0.29921875 0.1701388888888889 0.0015625
43 0.5975694444444445 0.298828125 0.8048611111111111 0.00078125
8 0.5 0.29921875 1.0 0.0015625
38 0.09756944444444444 0.3544921875 0.1701388888888889 0.095703125
43 0.2659722222222222 0.3416015625 0.12638888888888888 0.027734375
43 0.3628472222222222 0.368359375 0.32013888888888886 0.02578125
16 0.5 0.3544921875 0.6347222222222222 0.067578125
44 0.8847222222222222 0.3296875 0.0 0.0
44 0.9288194444444444 0.3544921875 0.06319444444444444 0.035546875
8 0.5 0.3552734375 1.0 0.111328125
38 0.09756944444444444 0.41015625 0.1701388888888889 0.0015625
43 0.5975694444444445 0.409765625 0.8048611111111111 0.00078125
8 0.5 0.41015625 1.0 0.0015625
38 0.09756944444444444 0.4654296875 0.1701388888888889 0.095703125
43 0.2659722222222222 0.4525390625 0.12638888888888888 0.027734375
43 0.3642361111111111 0.479296875 0.3229166666666667 0.02578125
16 0.5 0.4654296875 0.6347222222222222 0.067578125
44 0.8847222222222222 0.440625 0.0 0.0
44 0.9288194444444444 0.4654296875 0.06319444444444444 0.035546875
8 0.5 0.4662109375 1.0 0.111328125
38 0.09756944444444444 0.52109375 0.1701388888888889 0.0015625
43 0.5975694444444445 0.520703125 0.8048611111111111 0.00078125
8 0.5 0.52109375 1.0 0.0015625
88 0.5 0.4763671875 1.0 0.602734375
71 1.0 0.175 0.0 0.0
10 1.0 0.4216796875 0.0 0.493359375
595 1.0 0.5787109375 0.0 0.063671875
8 1.0 0.4763671875 0.0 0.602734375
38 0.06736111111111111 0.815625 0.10972222222222222 0.06171875
43 0.22465277777777778 0.803125 0.13125 0.0296875
43 0.18958333333333333 0.83046875 0.06111111111111111 0.025
16 0.5368055555555555 0.815625 0.7555555555555555 0.0546875
44 0.9145833333333333 0.815625 0.14583333333333334 0.03828125
8 0.5 0.815625 1.0 0.07578125
195 0.5 0.9001953125 1.0 0.068359375
8 0.5 0.521875 1.0 0.825
5 0.5 0.5 1.0 1.0
8 0.0 0.4671875 0.0 0.934375
596 0.5 0.9001953125 0.7777777777777778 0.068359375
4 0.5 0.9671875 1.0 0.065625
