17 0.0 0.0 0.0 0.0
18 0.5 0.175 1.0 0.35
128 0.5 0.3171875 1.0 0.065625
111 0.5 0.4267578125 1.0 0.853515625
16 1.0 0.175 0.0 0.35
4 1.0 0.35 0.0 0.0
595 1.0 0.4267578125 0.0 0.853515625
19 1.0 0.0 0.0 0.0
38 0.5 0.175 0.24305555555555555 0.13671875
43 0.46770833333333334 0.0708984375 0.5854166666666667 0.036328125
43 0.175 0.0712890625 0.0 0.036328125
44 0.06805555555555555 0.07109375 0.1361111111111111 0.0765625
4 0.7604166666666666 0.101171875 0.0 0.13671875
22 0.821875 0.07109375 0.12291666666666666 0.065625
22 0.9416666666666667 0.07109375 0.11666666666666667 0.065625
80 0.5 0.101171875 1.0 0.13671875
38 0.0 0.284375 0.0 0.0
43 0.16666666666666666 0.3171875 0.1361111111111111 0.02578125
127 0.16666666666666666 0.3171875 0.3333333333333333 0.065625
38 0.3333333333333333 0.284375 0.0 0.0
43 0.4996527777777778 0.3171875 0.20347222222222222 0.02578125
127 0.5 0.3171875 0.3333333333333333 0.065625
38 0.6666666666666666 0.284375 0.0 0.0
43 0.8333333333333334 0.3169921875 0.24305555555555555 0.022265625
127 0.8333333333333334 0.3171875 0.3333333333333333 0.065625
112 0.5 0.9001953125 0.7777777777777778 0.068359375
195 0.5 0.9001953125 1.0 0.068359375
52 0.14479166666666668 0.8658203125 0.04375 0.024609375
44 0.0 0.853515625 0.0 0.0
5 0.5 0.5 1.0 1.0
4 0.5 0.9671875 1.0 0.065625
