17 0.0 0.0 0.0 0.0
19 0.36875 0.07109375 0.07777777777777778 0.04375
43 0.24756944444444445 0.0708984375 0.1451388888888889 0.036328125
44 0.06805555555555555 0.07109375 0.1361111111111111 0.0765625
22 0.8444444444444444 0.07109375 0.11666666666666667 0.065625
173 0.9513888888888888 0.07109375 0.09722222222222222 0.065625
118 0.5 0.10390625 1.0 0.1421875
43 0.08888888888888889 0.1421875 0.17777777777777778 0.065625
43 0.24583333333333332 0.1421875 0.1361111111111111 0.065625
43 0.43125 0.1421875 0.23472222222222222 0.065625
43 0.6413194444444444 0.1421875 0.18541666666666667 0.065625
597 0.5 0.1421875 1.0 0.065625
44 0.9125 0.22421875 0.1361111111111111 0.0765625
43 0.5 0.2296875 0.8833333333333333 0.04375
43 0.29270833333333335 0.27734375 0.46875 0.0515625
43 0.14444444444444443 0.3302734375 0.17222222222222222 0.036328125
116 0.2934027777777778 0.33046875 0.4701388888888889 0.04375
16 0.5 0.301953125 0.8833333333333333 0.10078125
71 0.8447916666666667 0.40703125 0.2326388888888889 0.065625
71 0.7958333333333333 0.47265625 0.33055555555555555 0.065625
71 0.7885416666666667 0.53828125 0.3451388888888889 0.065625
16 0.5 0.464453125 0.9611111111111111 0.22421875
38 0.5 0.57734375 0.9611111111111111 0.0015625
43 0.2659722222222222 0.601953125 0.4152777777777778 0.04765625
41 0.5 0.405859375 0.9611111111111111 0.43984375
88 0.5 0.5546875 1.0 0.759375
598 1.0 0.5546875 0.0 0.759375
43 1.0 0.175 0.0 0.0
32 0.8930555555555556 0.87421875 0.1361111111111111 0.0765625
139 0.5 0.4671875 1.0 0.934375
43 0.3402777777777778 0.141796875 0.6027777777777777 0.02578125
8 0.3402777777777778 0.0984375 0.6805555555555556 0.196875
82 0.3402777777777778 0.240625 0.6805555555555556 0.065625
0 0.0 0.2078125 0.0 0.0
82 0.3402777777777778 0.30625 0.6805555555555556 0.065625
0 0.0 0.2734375 0.0 0.0
82 0.3402777777777778 0.371875 0.6805555555555556 0.065625
0 0.0 0.3390625 0.0 0.0
82 0.3402777777777778 0.4375 0.6805555555555556 0.065625
0 0.0 0.4046875 0.0 0.0
50 0.3402777777777778 0.48203125 0.6805555555555556 0.0234375
82 0.3402777777777778 0.5265625 0.6805555555555556 0.065625
0 0.0 0.49375 0.0 0.0
82 0.3402777777777778 0.5921875 0.6805555555555556 0.065625
0 0.0 0.559375 0.0 0.0
82 0.3402777777777778 0.6578125 0.6805555555555556 0.065625
0 0.0 0.625 0.0 0.0
113 0.3402777777777778 0.4671875 0.6805555555555556 0.934375
4 0.5 0.9671875 1.0 0.065625
5 0.5 0.5 1.0 1.0
