56 0.5 0.065625 1.0 0.065625
117 0.5 0.9001953125 0.7777777777777778 0.068359375
8 0.5 0.9001953125 1.0 0.068359375
6 0.16493055555555555 0.184765625 0.3298611111111111 0.10390625
16 0.6649305555555556 0.145703125 0.6701388888888888 0.02578125
16 0.3298611111111111 0.1328125 0.0 0.0
4 0.5243055555555556 0.1599609375 0.3888888888888889 0.002734375
16 0.6649305555555556 0.184765625 0.6701388888888888 0.10390625
16 0.5 0.167578125 1.0 0.13828125
6 0.16493055555555555 0.309375 0.3298611111111111 0.1296875
7 0.6649305555555556 0.3091796875 0.6701388888888888 0.040234375
16 0.6649305555555556 0.309375 0.6701388888888888 0.1296875
16 0.0 0.2375 0.0 0.0
16 0.5 0.305859375 1.0 0.13671875
8 0.16493055555555555 0.446875 0.3298611111111111 0.08203125
599 0.0 0.405859375 0.0 0.0
16 0.6649305555555556 0.4466796875 0.6701388888888888 0.040234375
16 0.5 0.443359375 1.0 0.13671875
8 0.16493055555555555 0.584375 0.3298611111111111 0.08203125
599 0.16458333333333333 0.560546875 0.1375 0.034375
16 0.6649305555555556 0.5841796875 0.6701388888888888 0.040234375
16 0.0 0.5125 0.0 0.0
57 0.0 0.0328125 0.0 0.0
8 0.5 0.580859375 1.0 0.13671875
6 0.16493055555555555 0.721875 0.3298611111111111 0.08203125
16 0.6649305555555556 0.721875 0.6701388888888888 0.08203125
16 0.0 0.65 0.0 0.0
8 0.5 0.718359375 1.0 0.13671875
6 0.16493055555555555 0.8056640625 0.3298611111111111 0.025390625
16 0.6649305555555556 0.8056640625 0.6701388888888888 0.025390625
16 0.0 0.7875 0.0 0.0
8 0.5 0.790234375 1.0 0.00546875
16 0.5 0.4822265625 1.0 0.767578125
52 0.05138888888888889 0.829296875 0.07777777777777778 0.04375
16 0.5 0.8294921875 0.8194444444444444 0.058984375
52 0.9486111111111111 0.829296875 0.07777777777777778 0.04375
16 0.5 0.8294921875 1.0 0.073046875
8 0.5 0.51640625 1.0 0.8359375
16 0.02013888888888889 0.0328125 0.0 0.0
54 0.06875 0.065625 0.09722222222222222 0.065625
16 0.20798611111111112 0.065625 0.18125 0.065625
143 0.7958333333333333 0.065625 0.1361111111111111 0.065625
143 0.9319444444444445 0.065625 0.1361111111111111 0.065625
53 0.5 0.4671875 1.0 0.934375
