38 0.20868055555555556 0.1013671875 0.12152777777777778 0.068359375
43 0.4934027777777778 0.1013671875 0.3506944444444444 0.050390625
16 0.4083333333333333 0.1013671875 0.7430555555555556 0.095703125
38 0.09166666666666666 0.23515625 0.06111111111111111 0.034375
43 0.2 0.2349609375 0.15555555555555556 0.050390625
16 0.4204861111111111 0.23515625 0.7923611111111111 0.07578125
38 0.09166666666666666 0.3125 0.06111111111111111 0.034375
43 0.23125 0.3123046875 0.21805555555555556 0.050390625
16 0.4204861111111111 0.3125 0.7923611111111111 0.07578125
38 0.09166666666666666 0.38984375 0.06111111111111111 0.034375
43 0.17743055555555556 0.3896484375 0.11041666666666666 0.050390625
16 0.4204861111111111 0.38984375 0.7923611111111111 0.07578125
38 0.09166666666666666 0.4671875 0.06111111111111111 0.034375
43 0.19722222222222222 0.4669921875 0.15 0.050390625
16 0.4204861111111111 0.4671875 0.7923611111111111 0.07578125
38 0.09166666666666666 0.54453125 0.06111111111111111 0.034375
43 0.3295138888888889 0.5443359375 0.41458333333333336 0.050390625
16 0.4204861111111111 0.54453125 0.7923611111111111 0.07578125
38 0.09166666666666666 0.621875 0.06111111111111111 0.034375
43 0.184375 0.6216796875 0.12430555555555556 0.050390625
16 0.4204861111111111 0.621875 0.7923611111111111 0.07578125
38 0.09166666666666666 0.69921875 0.06111111111111111 0.034375
43 0.2611111111111111 0.6990234375 0.2777777777777778 0.050390625
16 0.4204861111111111 0.69921875 0.7923611111111111 0.07578125
10 0.4083333333333333 0.5658203125 0.8166666666666667 0.737109375
16 0.4083333333333333 0.48359375 0.8166666666666667 0.9015625
11 0.5 0.48359375 1.0 0.9015625
17 0.0 0.0328125 0.0 0.0
7 0.24375 0.0708984375 0.19583333333333333 0.036328125
52 0.06805555555555555 0.07109375 0.1361111111111111 0.0765625
45 1.0 0.07109375 0.0 0.0765625
80 0.5 0.07109375 1.0 0.0765625
112 0.5 0.1435546875 0.7777777777777778 0.068359375
89 0.5 0.1435546875 1.0 0.068359375
43 0.3055555555555556 0.19765625 0.6111111111111112 0.03984375
43 0.7083333333333334 0.19765625 0.19444444444444445 0.03984375
43 0.9027777777777778 0.19765625 0.19444444444444445 0.03984375
16 0.5 0.19765625 1.0 0.03984375
43 0.3055555555555556 0.2375 0.6111111111111112 0.03984375
43 0.3055555555555556 0.27734375 0.6111111111111112 0.03984375
43 0.7083333333333334 0.257421875 0.19444444444444445 0.03984375
43 0.9027777777777778 0.257421875 0.19444444444444445 0.03984375
16 0.5 0.257421875 1.0 0.0796875
43 0.3055555555555556 0.31875 0.6111111111111112 0.03984375
43 0.3055555555555556 0.35859375 0.6111111111111112 0.03984375
43 0.7083333333333334 0.338671875 0.19444444444444445 0.03984375
43 0.9027777777777778 0.338671875 0.19444444444444445 0.03984375
16 0.5 0.338671875 1.0 0.0796875
43 0.3055555555555556 0.4 0.6111111111111112 0.03984375
43 0.3055555555555556 0.43984375 0.6111111111111112 0.03984375
43 0.7083333333333334 0.419921875 0.19444444444444445 0.03984375
43 0.9027777777777778 0.419921875 0.19444444444444445 0.03984375
16 0.5 0.419921875 1.0 0.0796875
43 0.3055555555555556 0.48125 0.6111111111111112 0.03984375
43 0.3055555555555556 0.52109375 0.6111111111111112 0.03984375
43 0.7083333333333334 0.501171875 0.19444444444444445 0.03984375
43 0.9027777777777778 0.501171875 0.19444444444444445 0.03984375
16 0.5 0.501171875 1.0 0.0796875
43 0.3055555555555556 0.5625 0.6111111111111112 0.03984375
43 0.3055555555555556 0.60234375 0.6111111111111112 0.03984375
43 0.7083333333333334 0.582421875 0.19444444444444445 0.03984375
43 0.9027777777777778 0.582421875 0.19444444444444445 0.03984375
16 0.5 0.582421875 1.0 0.0796875
43 0.3055555555555556 0.64375 0.6111111111111112 0.03984375
43 0.3055555555555556 0.68359375 0.6111111111111112 0.03984375
43 0.7083333333333334 0.663671875 0.19444444444444445 0.03984375
43 0.9027777777777778 0.663671875 0.19444444444444445 0.03984375
16 0.5 0.663671875 1.0 0.0796875
43 0.3055555555555556 0.725 0.6111111111111112 0.03984375
43 0.3055555555555556 0.76484375 0.6111111111111112 0.03984375
43 0.7083333333333334 0.744921875 0.19444444444444445 0.03984375
43 0.9027777777777778 0.744921875 0.19444444444444445 0.03984375
16 0.5 0.744921875 1.0 0.0796875
43 0.3055555555555556 0.80625 0.6111111111111112 0.03984375
43 0.3055555555555556 0.84609375 0.6111111111111112 0.03984375
43 0.7083333333333334 0.826171875 0.19444444444444445 0.03984375
43 0.9027777777777778 0.826171875 0.19444444444444445 0.03984375
16 0.5 0.826171875 1.0 0.0796875
43 0.3055555555555556 0.9208984375 0.6111111111111112 0.026953125
43 0.7083333333333334 0.907421875 0.19444444444444445 0.03984375
43 0.9027777777777778 0.907421875 0.19444444444444445 0.03984375
16 0.5 0.9009765625 1.0 0.066796875
10 0.5 0.5759765625 1.0 0.716796875
5 0.5 0.5 1.0 1.0
4 0.5 0.9671875 1.0 0.065625
4 0.5 0.01640625 1.0 0.0328125
