7 0.5 0.0875 0.9111111111111111 0.0875
4 0.5 0.1326171875 0.9111111111111111 0.002734375
7 0.5 0.4353515625 0.9111111111111111 0.602734375
7 0.7003472222222222 0.76328125 0.5104166666666666 0.053125
50 0.103125 0.81328125 0.09236111111111112 0.0328125
602 0.05694444444444444 0.796875 0.0 0.0
6 0.41041666666666665 0.81328125 0.0 0.0
603 0.35833333333333334 0.81328125 0.6027777777777777 0.0328125
114 0.7954861111111111 0.8765625 0.2951388888888889 0.065625
4 0.5 0.919921875 0.9111111111111111 0.00703125
16 0.044444444444444446 0.1037109375 0.0 0.060546875
4 0.5 0.793359375 0.9111111111111111 0.00703125
8 0.5 0.5287109375 0.9111111111111111 0.789453125
5 0.5 0.48359375 0.95 0.9015625
