17 0.0 0.0328125 0.0 0.0
604 0.3888888888888889 0.0564453125 0.23333333333333334 0.036328125
208 0.22361111111111112 0.07109375 0.09722222222222222 0.0546875
303 0.06805555555555555 0.07109375 0.1361111111111111 0.0765625
568 0.9513888888888888 0.07109375 0.09722222222222222 0.065625
604 0.5315972222222223 0.089453125 0.51875 0.0296875
118 0.5 0.07109375 1.0 0.0765625
484 0.5 0.1462890625 0.7777777777777778 0.068359375
208 0.03888888888888889 0.89609375 0.07777777777777778 0.04375
605 0.4708333333333333 0.893359375 0.7861111111111111 0.06171875
32 0.9319444444444445 0.89609375 0.11666666666666667 0.065625
88 0.5 0.934375 1.0 0.0
10 0.5 0.5205078125 1.0 0.674609375
303 0.07083333333333333 0.934375 0.14166666666666666 0.0
4 0.14201388888888888 0.934375 0.0006944444444444445 0.0
303 0.21354166666666666 0.934375 0.1423611111111111 0.0
4 0.28506944444444443 0.934375 0.0006944444444444445 0.0
303 0.35659722222222223 0.934375 0.1423611111111111 0.0
4 0.428125 0.934375 0.0006944444444444445 0.0
303 0.4996527777777778 0.934375 0.1423611111111111 0.0
4 0.5711805555555556 0.934375 0.0006944444444444445 0.0
303 0.6427083333333333 0.934375 0.1423611111111111 0.0
4 0.7142361111111111 0.934375 0.0006944444444444445 0.0
303 0.7857638888888889 0.934375 0.1423611111111111 0.0
4 0.8572916666666667 0.934375 0.0006944444444444445 0.0
303 0.9288194444444444 0.934375 0.1423611111111111 0.0
606 0.0 0.934375 0.0 0.0
606 1.0 0.934375 0.0 0.0
34 0.5 0.48359375 1.0 0.9015625
4 0.5 0.9671875 1.0 0.065625
4 0.5 0.01640625 1.0 0.0328125
5 0.5 0.5 1.0 1.0
