608 0.0 0.0328125 0.0 0.0
114 0.5 0.066796875 0.14583333333333334 0.04375
114 0.3298611111111111 0.066796875 0.14583333333333334 0.04375
7 0.7909722222222222 0.066796875 0.06805555555555555 0.02578125
8 0.5 0.0669921875 1.0 0.068359375
609 0.0 0.101171875 0.0 0.0
6 0.1579861111111111 0.140234375 0.3159722222222222 0.078125
50 0.084375 0.17109375 0.052083333333333336 0.01640625
16 0.4996527777777778 0.1701171875 0.30069444444444443 0.018359375
7 0.34930555555555554 0.1552734375 0.0 0.048046875
9 0.5 0.179296875 1.0 0.0
9 0.0 0.179296875 0.0 0.0
6 0.11527777777777778 0.1970703125 0.23055555555555557 0.033984375
16 0.5 0.274609375 0.9513888888888888 0.09296875
7 0.024305555555555556 0.228125 0.0 0.0
7 0.5 0.300390625 0.9513888888888888 0.04140625
16 0.5 0.274609375 1.0 0.1203125
6 0.00625 0.374609375 0.0125 0.07890625
50 0.0 0.33515625 0.0 0.0
16 0.47465277777777776 0.374609375 0.8756944444444444 0.0515625
6 0.95625 0.374609375 0.03888888888888889 0.021875
16 0.5 0.374609375 1.0 0.07890625
6 0.00625 0.45390625 0.0125 0.07890625
50 0.0 0.414453125 0.0 0.0
16 0.47465277777777776 0.45390625 0.8756944444444444 0.0515625
6 0.95625 0.45390625 0.03888888888888889 0.021875
16 0.5 0.45390625 1.0 0.07890625
6 0.00625 0.533203125 0.0125 0.07890625
50 0.0 0.49375 0.0 0.0
16 0.47465277777777776 0.533203125 0.8756944444444444 0.0515625
6 0.95625 0.533203125 0.03888888888888889 0.021875
16 0.5 0.533203125 1.0 0.07890625
6 0.00625 0.6125 0.0125 0.07890625
50 0.0 0.573046875 0.0 0.0
16 0.47465277777777776 0.6125 0.8756944444444444 0.0515625
6 0.95625 0.6125 0.03888888888888889 0.021875
16 0.5 0.6125 1.0 0.07890625
16 0.5 0.6697265625 1.0 0.033984375
6 0.11527777777777778 0.6697265625 0.23055555555555557 0.033984375
50 0.1701388888888889 0.7296875 0.2916666666666667 0.0578125
16 0.6579861111111112 0.730078125 0.6354166666666666 0.05703125
7 0.3402777777777778 0.7015625 0.0 0.0
7 0.6579861111111112 0.7701171875 0.6354166666666666 0.023046875
16 0.5 0.7228515625 1.0 0.071484375
13 0.5 0.4689453125 1.0 0.579296875
610 0.5 0.846484375 1.0 0.17578125
206 0.5 0.5177734375 1.0 0.833203125
6 0.23993055555555556 0.1328125 0.3159722222222222 0.08203125
6 0.5920138888888888 0.1328125 0.3159722222222222 0.08203125
7 0.29097222222222224 0.1294921875 0.22361111111111112 0.020703125
7 0.6430555555555556 0.1294921875 0.22361111111111112 0.020703125
19 0.27152777777777776 0.137109375 0.03888888888888889 0.021875
19 0.6236111111111111 0.137109375 0.03888888888888889 0.021875
8 0.4184027777777778 0.1328125 0.6729166666666667 0.08203125
8 0.7618055555555555 0.1482421875 0.47638888888888886 0.230859375
114 0.696875 0.1630859375 0.1701388888888889 0.095703125
114 0.6100694444444444 0.0525390625 0.1701388888888889 0.039453125
114 0.9291666666666667 0.2119140625 0.14166666666666666 0.095703125
52 0.9003472222222222 0.0779296875 0.15069444444444444 0.084765625
5 0.5 0.4671875 1.0 0.934375
