36 0.0 0.0328125 0.0 0.0
43 0.11006944444444444 0.1537109375 0.1701388888888889 0.027734375
38 0.0 0.109375 0.0 0.0
172 0.26458333333333334 0.151953125 0.1388888888888889 0.04375
172 0.4375 0.151953125 0.13333333333333333 0.04375
273 0.5850694444444444 0.151953125 0.7798611111111111 0.04375
43 0.11006944444444444 0.220703125 0.1701388888888889 0.0375
144 0.2923611111111111 0.230078125 0.19444444444444445 0.05625
172 0.45416666666666666 0.223828125 0.12916666666666668 0.04375
172 0.5965277777777778 0.223828125 0.10694444444444444 0.04375
273 0.6822916666666666 0.223828125 0.5854166666666667 0.04375
43 0.11006944444444444 0.291796875 0.1701388888888889 0.0375
144 0.2923611111111111 0.301171875 0.19444444444444445 0.05625
172 0.4479166666666667 0.301953125 0.11666666666666667 0.04375
172 0.584375 0.301953125 0.1076388888888889 0.04375
273 0.6822916666666666 0.301953125 0.5854166666666667 0.04375
43 0.11006944444444444 0.369921875 0.1701388888888889 0.0375
144 0.2923611111111111 0.379296875 0.19444444444444445 0.05625
172 0.46979166666666666 0.373046875 0.16041666666666668 0.04375
172 0.6375 0.373046875 0.12638888888888888 0.04375
273 0.6822916666666666 0.373046875 0.5854166666666667 0.04375
71 0.39305555555555555 0.4625 0.25972222222222224 0.065625
71 0.6298611111111111 0.4625 0.21388888888888888 0.065625
8 0.5 0.4556640625 0.4736111111111111 0.079296875
43 0.1829861111111111 0.5365234375 0.3159722222222222 0.027734375
43 0.35138888888888886 0.5365234375 0.020833333333333332 0.027734375
43 0.446875 0.5365234375 0.1701388888888889 0.027734375
8 0.5 0.340234375 0.975 0.434375
4 0.5 0.57109375 1.0 0.02734375
42 0.5 0.48359375 1.0 0.9015625
43 0.0 0.301171875 0.0 0.02734375
16 0.0 0.2255859375 0.0 0.232421875
8 0.0 0.3732421875 0.0 0.062890625
8 0.0 0.4376953125 0.0 0.062890625
8 0.0 0.5021484375 0.0 0.062890625
8 0.0 0.5642578125 0.0 0.058203125
10 0.0 0.467578125 0.0 0.2515625
16 0.0 0.358203125 0.0 0.49765625
146 0.0 0.521875 0.0 0.825
52 0.06805555555555555 0.07109375 0.1361111111111111 0.0765625
7 0.4027777777777778 0.0708984375 0.5138888888888888 0.036328125
22 0.7277777777777777 0.07109375 0.11666666666666667 0.065625
22 0.8444444444444444 0.07109375 0.11666666666666667 0.065625
173 0.9513888888888888 0.07109375 0.09722222222222222 0.065625
45 0.8347222222222223 0.07109375 0.33055555555555555 0.0765625
46 0.5 0.07109375 1.0 0.0765625
5 0.5 0.5 1.0 1.0
4 0.5 0.9671875 1.0 0.065625
4 0.5 0.01640625 1.0 0.0328125
