36 0.0 0.0328125 0.0 0.0
611 0.5 0.4916015625 1.0 0.764453125
8 0.78125 0.874609375 0.4375 0.0015625
8 0.9270833333333334 0.876171875 0.14583333333333334 0.0015625
38 0.16666666666666666 0.9056640625 0.3333333333333333 0.057421875
38 0.75 0.9056640625 0.5 0.057421875
38 0.0 0.876953125 0.0 0.0
38 0.5 0.9056640625 0.3333333333333333 0.057421875
38 0.8333333333333334 0.9056640625 0.3333333333333333 0.057421875
16 0.5 0.9056640625 1.0 0.057421875
43 0.26875 0.0708984375 0.1875 0.036328125
44 0.06805555555555555 0.07109375 0.1361111111111111 0.0765625
22 0.9416666666666667 0.07109375 0.11666666666666667 0.065625
46 0.5 0.07109375 1.0 0.0765625
42 0.5 0.48359375 1.0 0.9015625
4 0.5 0.9671875 1.0 0.065625
4 0.5 0.01640625 1.0 0.0328125
5 0.5 0.5 1.0 1.0
