173 0.0 0.0328125 0.0 0.0
44 0.06076388888888889 0.0669921875 0.12152777777777778 0.068359375
44 0.9392361111111112 0.0669921875 0.12152777777777778 0.068359375
38 0.8784722222222222 0.0328125 0.0 0.0
43 0.5 0.0669921875 0.24722222222222223 0.038671875
44 0.3277777777777778 0.066796875 0.058333333333333334 0.0328125
44 0.6722222222222223 0.066796875 0.058333333333333334 0.0328125
8 0.5 0.0669921875 0.7569444444444444 0.038671875
38 0.5 0.1029296875 1.0 0.003515625
43 0.07152777777777777 0.117578125 0.14305555555555555 0.02578125
43 0.21458333333333332 0.117578125 0.14305555555555555 0.02578125
43 0.3576388888888889 0.117578125 0.14305555555555555 0.02578125
43 0.5006944444444444 0.117578125 0.14305555555555555 0.02578125
43 0.64375 0.117578125 0.14305555555555555 0.02578125
43 0.7864583333333334 0.117578125 0.1423611111111111 0.02578125
43 0.9288194444444444 0.117578125 0.1423611111111111 0.02578125
16 0.5 0.117578125 1.0 0.02578125
612 0.07118055555555555 0.1748046875 0.1423611111111111 0.080078125
612 0.21354166666666666 0.1748046875 0.1423611111111111 0.080078125
612 0.3559027777777778 0.1748046875 0.1423611111111111 0.080078125
612 0.4982638888888889 0.1748046875 0.1423611111111111 0.080078125
612 0.640625 0.1748046875 0.1423611111111111 0.080078125
612 0.7829861111111112 0.1748046875 0.1423611111111111 0.080078125
612 0.9253472222222222 0.1748046875 0.1423611111111111 0.080078125
16 0.5 0.1748046875 1.0 0.080078125
612 0.07118055555555555 0.2548828125 0.1423611111111111 0.080078125
612 0.21354166666666666 0.2548828125 0.1423611111111111 0.080078125
612 0.3559027777777778 0.2548828125 0.1423611111111111 0.080078125
612 0.4982638888888889 0.2548828125 0.1423611111111111 0.080078125
612 0.640625 0.2548828125 0.1423611111111111 0.080078125
612 0.7829861111111112 0.2548828125 0.1423611111111111 0.080078125
612 0.9253472222222222 0.2548828125 0.1423611111111111 0.080078125
16 0.5 0.2548828125 1.0 0.080078125
612 0.07118055555555555 0.3349609375 0.1423611111111111 0.080078125
612 0.21354166666666666 0.3349609375 0.1423611111111111 0.080078125
612 0.3559027777777778 0.3349609375 0.1423611111111111 0.080078125
612 0.4982638888888889 0.3349609375 0.1423611111111111 0.080078125
612 0.640625 0.3349609375 0.1423611111111111 0.080078125
612 0.7829861111111112 0.3349609375 0.1423611111111111 0.080078125
612 0.9253472222222222 0.3349609375 0.1423611111111111 0.080078125
16 0.5 0.3349609375 1.0 0.080078125
612 0.07118055555555555 0.4150390625 0.1423611111111111 0.080078125
612 0.21354166666666666 0.4150390625 0.1423611111111111 0.080078125
612 0.3559027777777778 0.4150390625 0.1423611111111111 0.080078125
612 0.4982638888888889 0.4150390625 0.1423611111111111 0.080078125
612 0.640625 0.4150390625 0.1423611111111111 0.080078125
612 0.7829861111111112 0.4150390625 0.1423611111111111 0.080078125
612 0.9253472222222222 0.4150390625 0.1423611111111111 0.080078125
16 0.5 0.4150390625 1.0 0.080078125
612 0.07118055555555555 0.4951171875 0.1423611111111111 0.080078125
612 0.21354166666666666 0.4951171875 0.1423611111111111 0.080078125
612 0.3559027777777778 0.4951171875 0.1423611111111111 0.080078125
612 0.4982638888888889 0.4951171875 0.1423611111111111 0.080078125
612 0.640625 0.4951171875 0.1423611111111111 0.080078125
612 0.7829861111111112 0.4951171875 0.1423611111111111 0.080078125
612 0.9253472222222222 0.4951171875 0.1423611111111111 0.080078125
16 0.5 0.4951171875 1.0 0.080078125
16 0.5 0.3349609375 1.0 0.400390625
8 0.5 0.734765625 1.0 0.39921875
38 0.06076388888888889 0.9001953125 0.12152777777777778 0.068359375
43 0.9048611111111111 0.9001953125 0.19027777777777777 0.068359375
43 0.3329861111111111 0.8828125 0.3840277777777778 0.02578125
43 0.46319444444444446 0.912890625 0.6444444444444445 0.034375
613 0.0 0.866015625 0.0 0.0
8 0.5 0.9001953125 1.0 0.068359375
38 0.017361111111111112 0.924609375 0.029166666666666667 0.01640625
43 0.16701388888888888 0.5607421875 0.2604166666666667 0.033203125
44 0.0 0.53515625 0.0 0.0
19 0.9302083333333333 0.5607421875 0.06597222222222222 0.037109375
38 0.5 0.5876953125 1.0 0.002734375
43 0.5 0.6056640625 0.9263888888888889 0.033203125
43 0.4996527777777778 0.744140625 0.1423611111111111 0.090625
8 0.5 0.7275390625 1.0 0.276953125
42 0.5 0.48359375 1.0 0.9015625
4 0.5 0.9671875 1.0 0.065625
4 0.5 0.01640625 1.0 0.0328125
5 0.5 0.5 1.0 1.0
