0 0.1111111111111111 0.239453125 0.0 0.0
43 0.21354166666666666 0.2736328125 0.15625 0.068359375
38 0.5 0.30859375 0.7291666666666666 0.0015625
38 0.184375 0.3435546875 0.07291666666666667 0.041015625
38 0.8059027777777777 0.3435546875 0.09236111111111112 0.051953125
43 0.39305555555555555 0.3322265625 0.29583333333333334 0.031640625
43 0.5024305555555556 0.3591796875 0.5145833333333333 0.022265625
38 0.5 0.378515625 0.7291666666666666 0.0015625
38 0.184375 0.4134765625 0.07291666666666667 0.041015625
43 0.37083333333333335 0.4134765625 0.2513888888888889 0.031640625
38 0.5 0.4484375 0.7291666666666666 0.0015625
38 0.184375 0.4833984375 0.07291666666666667 0.041015625
43 0.7597222222222222 0.457421875 0.0 0.0
38 0.8059027777777777 0.4833984375 0.09236111111111112 0.051953125
43 0.32256944444444446 0.4833984375 0.15486111111111112 0.031640625
43 0.24513888888888888 0.467578125 0.0 0.0
16 0.5024305555555556 0.4833984375 0.5145833333333333 0.031640625
38 0.5 0.518359375 0.7291666666666666 0.0015625
38 0.184375 0.5533203125 0.07291666666666667 0.041015625
43 0.2972222222222222 0.5533203125 0.10416666666666667 0.031640625
38 0.5 0.58828125 0.7291666666666666 0.0015625
38 0.184375 0.6232421875 0.07291666666666667 0.041015625
43 0.37430555555555556 0.6232421875 0.25833333333333336 0.031640625
38 0.5 0.658203125 0.7291666666666666 0.0015625
38 0.184375 0.6931640625 0.07291666666666667 0.041015625
43 0.2881944444444444 0.6931640625 0.08611111111111111 0.031640625
8 0.5 0.6931640625 0.7291666666666666 0.068359375
5 0.5 0.4833984375 0.7777777777777778 0.487890625
