7 0.5 0.1974609375 0.9708333333333333 0.050390625
7 0.5 0.242578125 0.9708333333333333 0.03984375
7 0.5 0.282421875 0.9708333333333333 0.03984375
7 0.5 0.35078125 0.9708333333333333 0.096875
7 0.5 0.455078125 0.9708333333333333 0.11171875
7 0.5 0.558984375 0.9708333333333333 0.09609375
7 0.5 0.626953125 0.9708333333333333 0.03984375
114 0.4996527777777778 0.67421875 0.5034722222222222 0.0546875
59 0.4996527777777778 0.737109375 0.6770833333333334 0.07109375
16 0.5 0.47265625 0.9708333333333333 0.73203125
114 0.2767361111111111 0.871484375 0.4465277777777778 0.065625
114 0.7232638888888889 0.871484375 0.4465277777777778 0.065625
16 0.5 0.871484375 0.8930555555555556 0.065625
16 0.5 0.51640625 0.9708333333333333 0.81953125
57 0.0 0.0328125 0.0 0.0
54 0.06875 0.065625 0.09722222222222222 0.065625
16 0.38645833333333335 0.0654296875 0.5381944444444444 0.033203125
7 0.11736111111111111 0.048828125 0.0 0.0
16 0.33784722222222224 0.065625 0.6354166666666666 0.065625
55 1.0 0.065625 0.0 0.065625
56 0.5 0.065625 1.0 0.065625
56 0.0 0.0 0.0 0.0
53 0.5 0.4671875 1.0 0.934375
