0 0.0 0.0 0.0 0.0
7 0.11701388888888889 0.052734375 0.15625 0.03984375
4 0.5 0.0740234375 0.9222222222222223 0.002734375
114 0.5 0.1591796875 0.4861111111111111 0.112890625
6 0.209375 0.3318359375 0.21875 0.123046875
16 0.6277777777777778 0.331640625 0.5444444444444444 0.11328125
114 0.6277777777777778 0.3560546875 0.5444444444444444 0.064453125
8 0.5 0.3318359375 0.9222222222222223 0.177734375
8 0.03888888888888889 0.075390625 0.0 0.0
8 0.5 0.248046875 0.9222222222222223 0.3453125
146 0.5 0.4765625 0.9222222222222223 0.80234375
6 0.8541666666666666 0.89921875 0.24305555555555555 0.04296875
5 0.5 0.4671875 1.0 0.934375
