8 0.0 0.0 0.0 0.0
114 0.9083333333333333 0.0666015625 0.10972222222222222 0.058984375
177 0.4267361111111111 0.069140625 0.8048611111111111 0.06171875
8 0.5 0.0666015625 1.0 0.067578125
114 0.9027777777777778 0.135546875 0.14583333333333334 0.06171875
114 0.7326388888888888 0.135546875 0.14583333333333334 0.06171875
114 0.3298611111111111 0.135546875 0.6111111111111112 0.06171875
8 0.5 0.135546875 1.0 0.0703125
114 0.5 0.19765625 0.9027777777777778 0.109375
114 0.5 0.334375 0.9027777777777778 0.109375
114 0.5 0.47109375 0.9027777777777778 0.109375
16 0.5 0.315234375 0.9027777777777778 0.42109375
8 0.5 0.47578125 1.0 0.7421875
7 0.9378472222222223 0.2021484375 0.08541666666666667 0.030078125
8 0.4305555555555556 0.217578125 0.8611111111111112 0.02734375
7 0.0 0.20390625 0.0 0.0
8 0.5 0.2025390625 1.0 0.063671875
7 0.9378472222222223 0.2666015625 0.08541666666666667 0.030078125
8 0.4305555555555556 0.28203125 0.8611111111111112 0.02734375
7 0.0 0.268359375 0.0 0.0
8 0.5 0.2517578125 1.0 0.075390625
7 0.9378472222222223 0.3310546875 0.08541666666666667 0.030078125
8 0.4305555555555556 0.346484375 0.8611111111111112 0.02734375
7 0.0 0.3328125 0.0 0.0
8 0.5 0.3314453125 1.0 0.063671875
7 0.9378472222222223 0.3955078125 0.08541666666666667 0.030078125
8 0.4305555555555556 0.4109375 0.8611111111111112 0.02734375
7 0.0 0.397265625 0.0 0.0
8 0.5 0.3958984375 1.0 0.063671875
7 0.9378472222222223 0.4599609375 0.08541666666666667 0.030078125
8 0.4305555555555556 0.475390625 0.8611111111111112 0.02734375
7 0.0 0.46171875 0.0 0.0
8 0.5 0.4603515625 1.0 0.063671875
7 0.9378472222222223 0.5244140625 0.08541666666666667 0.030078125
8 0.4305555555555556 0.53984375 0.8611111111111112 0.02734375
7 0.0 0.526171875 0.0 0.0
8 0.5 0.5248046875 1.0 0.063671875
7 0.9378472222222223 0.5888671875 0.08541666666666667 0.030078125
8 0.4305555555555556 0.604296875 0.8611111111111112 0.02734375
7 0.0 0.590625 0.0 0.0
8 0.5 0.5892578125 1.0 0.063671875
7 0.9378472222222223 0.6533203125 0.08541666666666667 0.030078125
8 0.4305555555555556 0.66875 0.8611111111111112 0.02734375
7 0.0 0.655078125 0.0 0.0
8 0.5 0.6537109375 1.0 0.063671875
7 0.9378472222222223 0.7177734375 0.08541666666666667 0.030078125
8 0.4305555555555556 0.733203125 0.8611111111111112 0.02734375
7 0.0 0.71953125 0.0 0.0
8 0.5 0.7181640625 1.0 0.063671875
7 0.9378472222222223 0.7822265625 0.08541666666666667 0.030078125
8 0.4305555555555556 0.79765625 0.8611111111111112 0.02734375
7 0.0 0.783984375 0.0 0.0
8 0.5 0.7826171875 1.0 0.063671875
7 0.9378472222222223 0.8392578125 0.08541666666666667 0.015234375
8 0.5 0.8310546875 1.0 0.031640625
7 0.0 0.84765625 0.0 0.0015625
10 0.5 0.5087890625 1.0 0.676171875
5 0.5 0.43984375 1.0 0.8140625
112 0.5 0.0669921875 0.7777777777777778 0.068359375
6 0.19930555555555557 0.065625 0.39861111111111114 0.065625
114 0.13368055555555555 0.8259765625 0.2673611111111111 0.041796875
8 0.6336805555555556 0.8259765625 0.7326388888888888 0.041796875
7 0.6336805555555556 0.865234375 0.11180555555555556 0.03671875
16 0.6336805555555556 0.859765625 0.6840277777777778 0.02578125
8 0.5 0.8259765625 1.0 0.041796875
7 0.4996527777777778 0.1404296875 0.34097222222222223 0.036328125
52 0.115625 0.2517578125 0.13402777777777777 0.075390625
52 0.884375 0.2517578125 0.13402777777777777 0.075390625
52 0.2982638888888889 0.2517578125 0.13402777777777777 0.075390625
52 0.7017361111111111 0.2517578125 0.13402777777777777 0.075390625
8 0.5 0.400390625 1.0 0.18046875
8 0.5 0.33515625 1.0 0.3109375
8 0.5 0.2958984375 1.0 0.389453125
146 0.5 0.453125 1.0 0.70390625
6 0.125 0.866015625 0.0 0.0
8 0.1284722222222222 0.890625 0.2569444444444444 0.0875
6 0.375 0.865625 0.0 0.0
8 0.375 0.890625 0.2638888888888889 0.0875
6 0.625 0.86953125 0.0 0.0
8 0.625 0.890625 0.2638888888888889 0.0875
6 0.875 0.86484375 0.0 0.0
8 0.8715277777777778 0.890625 0.2569444444444444 0.0875
107 0.5 0.890625 1.0 0.0875
5 0.5 0.4671875 1.0 0.934375
