0 0.0 0.0 0.0 0.0
50 0.5 0.05 1.0 0.034375
114 0.125 0.09375 0.25 0.053125
114 0.375 0.09375 0.25 0.053125
114 0.625 0.09375 0.25 0.053125
114 0.875 0.09375 0.25 0.053125
16 0.5 0.09375 1.0 0.053125
7 0.5 0.1361328125 1.0 0.031640625
7 0.5 0.3640625 1.0 0.42421875
7 0.5 0.620703125 1.0 0.0890625
114 0.5 0.698046875 0.9513888888888888 0.065625
7 0.5 0.7466796875 1.0 0.031640625
7 0.5 0.8484375 1.0 0.171875
7 0.9920138888888889 0.50078125 0.01597222222222222 0.8671875
5 0.5 0.4671875 1.0 0.934375
