112 0.5 0.0740234375 1.0 0.068359375
4 0.5 0.11171875 0.0125 0.00703125
6 0.11875 0.142578125 0.04861111111111111 0.02734375
7 0.18819444444444444 0.142578125 0.09027777777777778 0.02578125
16 0.1638888888888889 0.142578125 0.3277777777777778 0.0546875
6 0.44583333333333336 0.142578125 0.04861111111111111 0.02734375
7 0.5239583333333333 0.142578125 0.1076388888888889 0.02578125
16 0.4996527777777778 0.142578125 0.3284722222222222 0.0546875
6 0.8256944444444444 0.142578125 0.0 0.0
16 0.8357638888888889 0.142578125 0.3284722222222222 0.0546875
107 0.5 0.142578125 1.0 0.0546875
6 0.06701388888888889 0.2103515625 0.08541666666666667 0.048046875
7 0.5427083333333333 0.2103515625 0.8659722222222223 0.048046875
16 0.5 0.210546875 1.0 0.06171875
4 0.00625 0.244921875 0.0125 0.00703125
8 0.5 0.494921875 1.0 0.49296875
8 0.5 0.4283203125 1.0 0.626171875
614 0.0 0.115234375 0.0 0.0
8 1.0 0.7421875 0.0 0.0015625
52 0.9510416666666667 0.1412109375 0.07291666666666667 0.041015625
52 0.8538194444444445 0.1412109375 0.07291666666666667 0.041015625
615 0.0 0.7484375 0.0 0.0
16 0.035416666666666666 0.837890625 0.07083333333333333 0.17890625
52 0.49895833333333334 0.837890625 0.2673611111111111 0.17890625
16 0.4635416666666667 0.837890625 0.9270833333333334 0.17890625
616 0.9635416666666666 0.837890625 0.07291666666666667 0.16484375
16 0.5 0.837890625 1.0 0.17890625
53 0.5 0.4671875 1.0 0.934375
91 0.0 0.0 0.0 0.0
