16 0.0 0.0328125 0.0 0.0
16 0.5 0.0669921875 1.0 0.068359375
52 0.08541666666666667 0.0669921875 0.14583333333333334 0.041015625
7 0.5 0.0669921875 0.6833333333333333 0.036328125
52 0.9145833333333333 0.0669921875 0.14583333333333334 0.041015625
6 0.08993055555555556 0.1451171875 0.12152777777777778 0.068359375
6 0.09722222222222222 0.23671875 0.09722222222222222 0.0546875
16 0.08993055555555556 0.206640625 0.13125 0.196875
16 0.565625 0.1423828125 0.8201388888888889 0.068359375
16 0.15555555555555556 0.108203125 0.0 0.0
16 0.2916666666666667 0.230859375 0.19444444444444445 0.10859375
7 0.2916666666666667 0.2740234375 0.10416666666666667 0.022265625
16 0.2920138888888889 0.230859375 0.27291666666666664 0.10859375
16 0.5652777777777778 0.230859375 0.19444444444444445 0.10859375
7 0.5652777777777778 0.2740234375 0.13194444444444445 0.022265625
16 0.5652777777777778 0.230859375 0.27361111111111114 0.10859375
16 0.8388888888888889 0.2408203125 0.19444444444444445 0.128515625
7 0.8385416666666666 0.283984375 0.07430555555555556 0.0421875
16 0.8388888888888889 0.2408203125 0.27361111111111114 0.128515625
16 0.565625 0.206640625 0.8201388888888889 0.196875
16 0.5 0.203125 0.9513888888888888 0.20390625
16 0.5 0.31875 1.0 0.02734375
6 0.08993055555555556 0.3693359375 0.12152777777777778 0.068359375
16 0.565625 0.3666015625 0.8201388888888889 0.068359375
16 0.15555555555555556 0.332421875 0.0 0.0
16 0.2916666666666667 0.455078125 0.19444444444444445 0.10859375
7 0.2916666666666667 0.4982421875 0.10416666666666667 0.022265625
16 0.2920138888888889 0.455078125 0.27291666666666664 0.10859375
16 0.5652777777777778 0.455078125 0.19444444444444445 0.10859375
7 0.5652777777777778 0.4982421875 0.13194444444444445 0.022265625
16 0.5652777777777778 0.455078125 0.27361111111111114 0.10859375
16 0.8388888888888889 0.4650390625 0.19444444444444445 0.128515625
7 0.8385416666666666 0.508203125 0.07430555555555556 0.0421875
16 0.8388888888888889 0.4650390625 0.27361111111111114 0.128515625
16 0.565625 0.430859375 0.8201388888888889 0.196875
16 0.5 0.430859375 0.9513888888888888 0.196875
16 0.5 0.54296875 1.0 0.02734375
6 0.09722222222222222 0.589453125 0.09722222222222222 0.0546875
114 0.5548611111111111 0.589453125 0.7930555555555555 0.065625
16 0.5 0.62578125 1.0 0.00703125
114 0.5548611111111111 0.662109375 0.7930555555555555 0.065625
16 0.5 0.6984375 1.0 0.00703125
114 0.12638888888888888 0.756640625 0.15555555555555556 0.08203125
16 0.5840277777777778 0.756640625 0.7347222222222223 0.08203125
7 0.5291666666666667 0.7564453125 0.0763888888888889 0.045703125
6 0.6284722222222222 0.756640625 0.09722222222222222 0.0546875
16 0.5 0.756640625 0.9027777777777778 0.08203125
16 0.5 0.4615234375 1.0 0.720703125
617 0.5 0.878125 1.0 0.1125
16 0.5 0.48359375 1.0 0.9015625
5 0.5 0.5 1.0 1.0
4 0.5 0.9671875 1.0 0.065625
