17 0.0 0.0328125 0.0 0.0
45 1.0 0.07109375 0.0 0.0765625
80 0.5 0.07109375 1.0 0.0765625
34 0.5 0.48359375 1.0 0.9015625
38 0.5 0.2701171875 0.5638888888888889 0.064453125
43 0.5 0.3693359375 0.8291666666666667 0.051953125
618 0.5 0.437109375 0.8541666666666666 0.05625
619 0.5 0.5076171875 0.8541666666666666 0.057421875
43 0.5 0.5630859375 0.8541666666666666 0.026171875
16 0.5 0.4095703125 1.0 0.753515625
620 0.0 0.2515625 0.0 0.4375
16 0.0 0.45 0.0 0.834375
38 0.46145833333333336 0.9005859375 0.01875 0.010546875
38 0.5378472222222223 0.9005859375 0.01875 0.010546875
38 0.5760416666666667 0.9005859375 0.01875 0.010546875
16 0.4996527777777778 0.90078125 0.1909722222222222 0.0671875
8 0.5 0.90078125 1.0 0.0671875
4 0.425 0.90078125 0.85 0.0671875
38 0.0 0.8671875 0.0 0.0
4 0.9 0.90078125 0.1 0.0671875
4 0.5 0.9671875 1.0 0.065625
4 0.5 0.01640625 1.0 0.0328125
5 0.5 0.5 1.0 1.0
