8 0.0 0.0328125 0.0 0.0
7 0.5 0.0701171875 0.14305555555555555 0.026171875
6 0.046875 0.069921875 0.09375 0.046875
8 0.5 0.0701171875 1.0 0.074609375
7 0.5 0.1314453125 1.0 0.048046875
7 0.5 0.1916015625 1.0 0.072265625
7 0.5 0.2654296875 1.0 0.075390625
7 0.5 0.3271484375 1.0 0.048046875
7 0.5 0.3873046875 1.0 0.072265625
7 0.5 0.4595703125 1.0 0.072265625
7 0.5 0.5333984375 1.0 0.075390625
7 0.0 0.107421875 0.0 0.0
7 0.5 0.5951171875 1.0 0.048046875
7 0.5 0.6552734375 1.0 0.072265625
7 0.5 0.7181640625 1.0 0.053515625
7 0.5 0.7689453125 1.0 0.048046875
7 0.5 0.8291015625 1.0 0.072265625
16 0.5 0.486328125 1.0 0.7578125
8 0.5 0.48359375 1.0 0.9015625
4 0.5 0.9671875 1.0 0.065625
4 0.5 0.01640625 1.0 0.0328125
5 0.5 0.5 1.0 1.0
