52 0.0 0.0328125 0.0 0.0
6 0.09861111111111111 0.065625 0.19722222222222222 0.065625
6 0.259375 0.065625 0.12430555555555556 0.065625
7 0.42986111111111114 0.054296875 0.0 0.0296875
7 0.42986111111111114 0.0802734375 0.3111111111111111 0.022265625
8 0.43020833333333336 0.065625 0.46597222222222223 0.065625
52 0.7215277777777778 0.065625 0.11666666666666667 0.065625
52 0.8381944444444445 0.065625 0.11666666666666667 0.065625
52 0.9482638888888889 0.065625 0.10347222222222222 0.065625
16 0.5 0.065625 1.0 0.065625
114 0.16527777777777777 0.1259765625 0.33055555555555555 0.051953125
4 0.3329861111111111 0.1259765625 0.004861111111111111 0.035546875
114 0.5003472222222223 0.1259765625 0.3298611111111111 0.051953125
4 0.6677083333333333 0.1259765625 0.004861111111111111 0.035546875
114 0.8350694444444444 0.1259765625 0.3298611111111111 0.051953125
16 0.5 0.1259765625 1.0 0.051953125
50 0.38333333333333336 0.508984375 0.03888888888888889 0.021875
7 0.5315972222222223 0.5087890625 0.20902777777777778 0.022265625
621 0.5 0.508984375 1.0 0.7140625
41 0.5 0.190234375 0.9805555555555555 0.065625
622 0.0 0.151953125 0.0 0.0
6 0.09930555555555555 0.274609375 0.14583333333333334 0.08203125
7 0.9208333333333333 0.2529296875 0.0763888888888889 0.038671875
7 0.8243055555555555 0.251171875 0.11666666666666667 0.03515625
7 0.47638888888888886 0.2509765625 0.5791666666666667 0.034765625
7 0.9163194444444445 0.2939453125 0.06736111111111111 0.037109375
7 0.8180555555555555 0.29296875 0.03194444444444444 0.03515625
7 0.7868055555555555 0.29296875 0.19166666666666668 0.03515625
7 0.4388888888888889 0.291796875 0.5041666666666667 0.0328125
4 0.5 0.32734375 0.8888888888888888 0.0015625
7 0.10590277777777778 0.38359375 0.10069444444444445 0.0296875
7 0.22430555555555556 0.35390625 0.05277777777777778 0.0296875
7 0.29409722222222223 0.38359375 0.08680555555555555 0.0296875
7 0.23055555555555557 0.38359375 0.04027777777777778 0.0296875
8 0.19652777777777777 0.36875 0.28194444444444444 0.059375
16 0.4996527777777778 0.36875 0.15625 0.059375
7 0.45729166666666665 0.38359375 0.07152777777777777 0.0296875
16 0.14618055555555556 0.45 0.18125 0.059375
7 0.12430555555555556 0.46484375 0.1375 0.0296875
7 0.7131944444444445 0.46484375 0.11944444444444445 0.0296875
7 0.8638888888888889 0.4658203125 0.16111111111111112 0.031640625
8 0.7989583333333333 0.4509765625 0.29097222222222224 0.061328125
16 0.7350694444444444 0.36875 0.16319444444444445 0.059375
7 0.6930555555555555 0.38359375 0.07916666666666666 0.0296875
16 0.4996527777777778 0.45 0.14652777777777778 0.059375
7 0.1329861111111111 0.51640625 0.15486111111111112 0.0296875
7 0.44479166666666664 0.51640625 0.46875 0.0296875
16 0.36736111111111114 0.51640625 0.6236111111111111 0.0296875
8 0.5 0.431640625 0.9277777777777778 0.22109375
41 0.5 0.390625 0.9805555555555555 0.33515625
6 0.09930555555555555 0.609765625 0.14583333333333334 0.08203125
7 0.2621527777777778 0.5873046875 0.15069444444444444 0.037109375
6 0.02638888888888889 0.56875 0.0 0.0
7 0.9243055555555556 0.609765625 0.09861111111111111 0.08203125
7 0.8256944444444444 0.609765625 0.09861111111111111 0.08203125
7 0.48159722222222223 0.62890625 0.5895833333333333 0.03515625
41 0.5 0.609765625 0.9805555555555555 0.103125
6 0.09930555555555555 0.712890625 0.14583333333333334 0.08203125
7 0.2798611111111111 0.6904296875 0.18611111111111112 0.037109375
6 0.02638888888888889 0.671875 0.0 0.0
7 0.9243055555555556 0.712890625 0.09861111111111111 0.08203125
7 0.8256944444444444 0.712890625 0.09861111111111111 0.08203125
7 0.48159722222222223 0.73203125 0.5895833333333333 0.03515625
41 0.5 0.712890625 0.9805555555555555 0.103125
6 0.09930555555555555 0.816015625 0.14583333333333334 0.08203125
52 0.23333333333333334 0.769921875 0.1361111111111111 0.0765625
6 0.02638888888888889 0.775 0.0 0.0
52 0.9319444444444445 0.827734375 0.1361111111111111 0.0765625
7 0.8256944444444444 0.816015625 0.09861111111111111 0.08203125
7 0.48159722222222223 0.83515625 0.5895833333333333 0.03515625
41 0.5 0.815234375 0.9805555555555555 0.1015625
6 0.09930555555555555 0.8720703125 0.14583333333333334 0.012109375
7 0.275 0.8720703125 0.1763888888888889 0.012109375
6 0.02638888888888889 0.8720703125 0.0 0.012109375
7 0.9243055555555556 0.8720703125 0.09861111111111111 0.012109375
7 0.8256944444444444 0.8720703125 0.09861111111111111 0.012109375
7 0.48159722222222223 0.893359375 0.5895833333333333 0.0546875
41 0.5 0.866796875 0.9805555555555555 0.0015625
6 0.09930555555555555 0.9236328125 0.14583333333333334 0.115234375
7 0.26145833333333335 0.9236328125 0.14930555555555555 0.115234375
6 0.02638888888888889 0.9236328125 0.0 0.115234375
7 0.9243055555555556 0.9236328125 0.09861111111111111 0.115234375
7 0.8256944444444444 0.9236328125 0.09861111111111111 0.115234375
41 0.5 0.918359375 0.9805555555555555 0.1046875
16 1.0 0.508984375 0.0 0.7140625
6 0.30277777777777776 0.498046875 0.0 0.0
4 0.5 0.810546875 1.0 0.0015625
7 0.14583333333333334 0.8275390625 0.2916666666666667 0.033203125
51 0.5777777777777777 0.827734375 0.5722222222222222 0.04375
52 0.07777777777777778 0.769921875 0.1361111111111111 0.0765625
52 0.9222222222222223 0.769921875 0.1361111111111111 0.0765625
7 0.25 0.8361328125 0.5 0.049609375
19 0.75 0.838671875 0.5 0.0546875
16 0.0 0.508984375 0.0 0.7140625
16 0.5 0.48359375 1.0 0.9015625
112 0.5 0.9001953125 1.0 0.068359375
5 0.5 0.4671875 1.0 0.934375
