17 0.0 0.0 0.0 0.0
38 0.25 0.601171875 0.49027777777777776 0.36015625
38 0.004861111111111111 0.42109375 0.0 0.0
623 0.24965277777777778 0.6009765625 0.12152777777777778 0.068359375
44 0.04756944444444444 0.7572265625 0.08541666666666667 0.048046875
43 0.2503472222222222 0.7572265625 0.32013888888888886 0.046484375
624 0.4527777777777778 0.75703125 0.08472222222222223 0.04765625
8 0.25 0.7564453125 0.49027777777777776 0.049609375
38 0.75 0.623046875 0.49027777777777776 0.40390625
38 0.5048611111111111 0.42109375 0.0 0.0
623 0.7496527777777777 0.6228515625 0.12152777777777778 0.068359375
44 0.5475694444444444 0.8009765625 0.08541666666666667 0.048046875
43 0.7503472222222223 0.8009765625 0.32013888888888886 0.046484375
624 0.9527777777777777 0.80078125 0.08472222222222223 0.04765625
8 0.75 0.8001953125 0.49027777777777776 0.049609375
38 0.25 0.860546875 0.49027777777777776 0.14765625
38 0.004861111111111111 0.78671875 0.0 0.0
623 0.24965277777777778 0.9634765625 0.12152777777777778 0.058203125
38 0.75 0.882421875 0.49027777777777776 0.10390625
38 0.5048611111111111 0.83046875 0.0 0.0
623 0.7496527777777777 0.9548828125 0.12152777777777778 0.041015625
34 0.5 0.4671875 1.0 0.934375
106 1.0 0.48359375 0.0 0.9015625
32 0.8708333333333333 0.86171875 0.1361111111111111 0.0765625
44 0.0 0.8578125 0.0 0.0
44 0.1 0.89609375 0.2 0.0765625
44 0.3 0.89609375 0.2 0.0765625
44 0.5 0.89609375 0.2 0.0765625
44 0.7 0.89609375 0.2 0.0765625
44 0.9 0.89609375 0.2 0.0765625
625 0.5 0.89609375 1.0 0.0765625
18 0.5 0.22421875 1.0 0.3828125
38 0.4996527777777778 0.2240234375 0.43680555555555556 0.245703125
623 0.4996527777777778 0.2240234375 0.12152777777777778 0.068359375
38 0.8 0.2173828125 0.32222222222222224 0.205859375
43 0.4701388888888889 0.3041015625 0.005555555555555556 0.017578125
43 0.5270833333333333 0.3041015625 0.005555555555555556 0.017578125
626 0.5 0.301953125 0.1625 0.021875
44 0.04548611111111111 0.1255859375 0.08541666666666667 0.048046875
44 0.04548611111111111 0.1751953125 0.08541666666666667 0.048046875
44 0.04548611111111111 0.2248046875 0.08541666666666667 0.048046875
44 0.04548611111111111 0.2744140625 0.08541666666666667 0.048046875
44 0.04548611111111111 0.3240234375 0.08541666666666667 0.048046875
16 0.04548611111111111 0.2240234375 0.08541666666666667 0.248046875
7 0.30659722222222224 0.0685546875 0.26319444444444445 0.036328125
52 0.06805555555555555 0.068359375 0.1361111111111111 0.06015625
22 0.9416666666666667 0.068359375 0.11666666666666667 0.06015625
80 0.5 0.065625 1.0 0.065625
38 0.0 0.35 0.0 0.0
43 0.16631944444444444 0.3826171875 0.18819444444444444 0.031640625
627 0.16666666666666666 0.3828125 0.3333333333333333 0.065625
38 0.3333333333333333 0.35 0.0 0.0
43 0.4996527777777778 0.3826171875 0.25763888888888886 0.031640625
38 0.6666666666666666 0.35 0.0 0.0
43 0.8329861111111111 0.3826171875 0.0798611111111111 0.031640625
627 0.8333333333333334 0.3828125 0.3333333333333333 0.065625
164 0.5 0.3828125 1.0 0.065625
38 0.4996527777777778 0.2341796875 0.76875 0.129296875
628 0.5 0.544921875 0.3888888888888889 0.21875
38 0.0 0.1171875 0.0 0.16875
43 0.0 0.105859375 0.0 0.02578125
43 0.0 0.63984375 0.0 0.02578125
16 0.0 0.5953125 0.0 0.11484375
8 0.0 0.5953125 0.0 0.678125
16 0.0 0.48359375 0.0 0.9015625
4 0.5 0.9671875 1.0 0.065625
4 0.5 0.01640625 1.0 0.0328125
5 0.5 0.5 1.0 1.0
