0 0.0 0.0328125 0.0 0.0
16 0.5 0.0328125 1.0 0.0
456 0.5 0.08984375 1.0 0.0546875
114 0.06076388888888889 0.0896484375 0.07291666666666667 0.041015625
629 0.5 0.1568359375 0.9166666666666666 0.034765625
7 0.05590277777777778 0.1701171875 0.06319444444444444 0.035546875
7 0.9475694444444445 0.165234375 0.05625 0.02578125
8 0.5 0.2021484375 1.0 0.028515625
7 0.10277777777777777 0.203515625 0.15694444444444444 0.02578125
7 0.8055555555555556 0.203515625 0.3402777777777778 0.02578125
8 0.5 0.2365234375 1.0 0.032421875
7 0.05590277777777778 0.2732421875 0.06319444444444444 0.035546875
7 0.8673611111111111 0.268359375 0.21666666666666667 0.02578125
8 0.5 0.3052734375 1.0 0.028515625
7 0.10277777777777777 0.306640625 0.15694444444444444 0.02578125
7 0.8055555555555556 0.306640625 0.3402777777777778 0.02578125
8 0.5 0.3396484375 1.0 0.032421875
7 0.05590277777777778 0.3763671875 0.06319444444444444 0.035546875
7 0.8770833333333333 0.371484375 0.19722222222222222 0.02578125
8 0.5 0.4083984375 1.0 0.028515625
7 0.10277777777777777 0.409765625 0.15694444444444444 0.02578125
7 0.8055555555555556 0.409765625 0.3402777777777778 0.02578125
8 0.5 0.4427734375 1.0 0.032421875
7 0.05590277777777778 0.4794921875 0.06319444444444444 0.035546875
7 0.8673611111111111 0.474609375 0.21666666666666667 0.02578125
8 0.5 0.5115234375 1.0 0.028515625
7 0.10277777777777777 0.512890625 0.15694444444444444 0.02578125
7 0.8055555555555556 0.512890625 0.3402777777777778 0.02578125
8 0.5 0.5458984375 1.0 0.032421875
7 0.05590277777777778 0.5826171875 0.06319444444444444 0.035546875
7 0.8770833333333333 0.577734375 0.19722222222222222 0.02578125
8 0.5 0.6146484375 1.0 0.028515625
7 0.10277777777777777 0.616015625 0.15694444444444444 0.02578125
7 0.8055555555555556 0.616015625 0.3402777777777778 0.02578125
8 0.5 0.6490234375 1.0 0.032421875
7 0.05590277777777778 0.6857421875 0.06319444444444444 0.035546875
7 0.8770833333333333 0.680859375 0.19722222222222222 0.02578125
8 0.5 0.7177734375 1.0 0.028515625
7 0.1125 0.719140625 0.1763888888888889 0.02578125
7 0.8055555555555556 0.719140625 0.3402777777777778 0.02578125
8 0.5 0.7521484375 1.0 0.032421875
7 0.05590277777777778 0.7888671875 0.06319444444444444 0.035546875
7 0.9142361111111111 0.783984375 0.12291666666666666 0.02578125
8 0.5 0.8208984375 1.0 0.028515625
7 0.10277777777777777 0.822265625 0.15694444444444444 0.02578125
7 0.8055555555555556 0.822265625 0.3402777777777778 0.02578125
8 0.5 0.865234375 1.0 0.0125
6 0.1 0.8625 0.175 0.00703125
8 0.9 0.858984375 0.2 0.0
8 0.1 0.858984375 0.2 0.0
7 0.8055555555555556 0.8857421875 0.3402777777777778 0.053515625
8 0.5 0.884375 1.0 0.05078125
16 0.5 0.4880859375 1.0 0.741796875
5 0.5 0.4458984375 1.0 0.826171875
114 0.809375 0.096484375 0.09375 0.05234375
7 0.5 0.19765625 1.0 0.128125
7 0.5 0.200390625 0.9166666666666666 0.040625
6 0.078125 0.24140625 0.07291666666666667 0.040625
7 0.5 0.349609375 0.875 0.13984375
7 0.25 0.4779296875 0.3333333333333333 0.046484375
114 0.8197916666666667 0.45859375 0.13958333333333334 0.078125
114 0.18958333333333333 0.55234375 0.2125 0.078125
114 0.5697916666666667 0.55234375 0.13958333333333334 0.078125
114 0.85 0.5517578125 0.2 0.069921875
51 0.4791666666666667 0.6767578125 0.75 0.069921875
8 0.5 0.39296875 1.0 0.6609375
7 0.16631944444444444 0.85546875 0.03680555555555556 0.00703125
8 0.16666666666666666 0.858984375 0.3333333333333333 0.0
8 0.375 0.858984375 0.25 0.0
7 0.375 0.85546875 0.0375 0.00703125
8 0.625 0.858984375 0.25 0.0
7 0.625 0.85546875 0.0375 0.00703125
7 0.9 0.85546875 0.03611111111111111 0.00703125
7 0.8673611111111111 0.165234375 0.21666666666666667 0.02578125
7 0.024305555555555556 0.203515625 0.0 0.02578125
8 0.5 0.858984375 0.2 0.0
7 0.5 0.85546875 0.03611111111111111 0.00703125
7 0.3159722222222222 0.23359375 0.5833333333333334 0.0546875
7 0.6434027777777778 0.19921875 0.022916666666666665 0.0546875
7 0.3159722222222222 0.28125 0.5833333333333334 0.0546875
7 0.6434027777777778 0.28125 0.022916666666666665 0.0546875
7 0.3159722222222222 0.36328125 0.5833333333333334 0.0546875
7 0.6434027777777778 0.36328125 0.022916666666666665 0.0546875
7 0.6690972222222222 0.1740234375 0.07430555555555556 0.041796875
7 0.6659722222222222 0.241796875 0.06805555555555555 0.03828125
8 0.3 0.858984375 0.2 0.0
7 0.3 0.85546875 0.05416666666666667 0.00703125
8 0.7 0.858984375 0.2 0.0
7 0.7 0.85546875 0.03611111111111111 0.00703125
8 0.1 0.8966796875 0.2 0.075390625
7 0.1 0.914453125 0.0 0.02578125
7 0.3 0.914453125 0.0 0.02578125
8 0.3 0.8966796875 0.2 0.075390625
8 0.5 0.8966796875 0.2 0.075390625
7 0.5 0.914453125 0.0 0.02578125
7 0.7 0.914453125 0.0 0.02578125
8 0.7 0.8966796875 0.2 0.075390625
8 0.9 0.8966796875 0.2 0.075390625
7 0.9 0.914453125 0.0 0.02578125
107 0.5 0.8966796875 1.0 0.075390625
5 0.5 0.4671875 1.0 0.934375
