0 0.0 0.0 0.0 0.0
16 0.5 0.04921875 1.0 0.0984375
4 0.05277777777777778 0.467578125 0.08055555555555556 0.81640625
7 0.5003472222222223 0.0830078125 0.8145833333333333 0.047265625
16 0.22881944444444444 0.1869140625 0.27152777777777776 0.160546875
4 0.18611111111111112 0.1109375 0.17083333333333334 0.0
6 0.3142361111111111 0.1412109375 0.08541666666666667 0.060546875
7 0.22881944444444444 0.25 0.25625 0.02578125
16 0.5003472222222223 0.1869140625 0.27152777777777776 0.160546875
7 0.5003472222222223 0.25 0.25625 0.02578125
16 0.771875 0.1869140625 0.27152777777777776 0.160546875
7 0.771875 0.25 0.25625 0.02578125
16 0.5003472222222223 0.1869140625 0.8145833333333333 0.160546875
16 0.22881944444444444 0.3474609375 0.27152777777777776 0.160546875
7 0.22881944444444444 0.410546875 0.25625 0.02578125
16 0.5003472222222223 0.3474609375 0.27152777777777776 0.160546875
7 0.5003472222222223 0.410546875 0.25625 0.02578125
16 0.771875 0.3474609375 0.27152777777777776 0.160546875
7 0.771875 0.410546875 0.25625 0.02578125
16 0.5003472222222223 0.3474609375 0.8145833333333333 0.160546875
16 0.22881944444444444 0.5080078125 0.27152777777777776 0.160546875
7 0.22881944444444444 0.57109375 0.25625 0.02578125
16 0.5003472222222223 0.519140625 0.27152777777777776 0.1828125
16 0.5003472222222223 0.610546875 0.27152777777777776 0.0
16 0.771875 0.5080078125 0.27152777777777776 0.160546875
7 0.771875 0.57109375 0.25625 0.02578125
16 0.5003472222222223 0.519140625 0.8145833333333333 0.1828125
16 0.22881944444444444 0.6908203125 0.27152777777777776 0.160546875
7 0.22881944444444444 0.75390625 0.25625 0.02578125
16 0.771875 0.610546875 0.27152777777777776 0.0
16 0.5003472222222223 0.6908203125 0.8145833333333333 0.160546875
16 0.5003472222222223 0.467578125 0.8145833333333333 0.81640625
16 0.5003472222222223 0.8439453125 0.8145833333333333 0.063671875
16 0.22881944444444444 0.867578125 0.27152777777777776 0.01640625
7 0.22881944444444444 0.9328125 0.25625 0.1140625
16 0.5003472222222223 0.867578125 0.27152777777777776 0.01640625
7 0.5003472222222223 0.9328125 0.25625 0.1140625
16 0.771875 0.867578125 0.27152777777777776 0.01640625
7 0.771875 0.9328125 0.25625 0.1140625
4 0.9475694444444445 0.467578125 0.0798611111111111 0.81640625
16 0.5 0.467578125 0.975 0.81640625
4 0.5 0.9015625 0.975 0.0515625
5 0.5 0.4671875 1.0 0.934375
4 0.42743055555555554 0.04921875 0.8548611111111111 0.0984375
6 0.9274305555555555 0.04921875 0.1451388888888889 0.0984375
4 0.5 0.51640625 1.0 0.8359375
19 0.5 0.4671875 0.18472222222222223 0.10390625
