630 0.0 0.0 0.0 0.0
38 0.065625 0.07109375 0.08263888888888889 0.0328125
38 0.22847222222222222 0.0708984375 0.24305555555555555 0.041015625
296 0.10694444444444444 0.0328125 0.0 0.0
128 0.5 0.065625 1.0 0.065625
43 1.0 0.0984375 0.0 0.0
297 0.5 0.3203125 1.0 0.421875
296 0.0 0.109375 0.0 0.0
296 0.0 0.53125 0.0 0.0
631 0.4861111111111111 0.58984375 0.875 0.084375
632 0.5 0.68515625 0.9027777777777778 0.0703125
6 0.08993055555555556 0.7703125 0.08263888888888889 0.03828125
7 0.40381944444444445 0.7703125 0.5451388888888888 0.02578125
633 0.3625 0.7703125 0.6277777777777778 0.0640625
6 0.08993055555555556 0.834375 0.08263888888888889 0.03828125
7 0.30104166666666665 0.834375 0.33958333333333335 0.02578125
16 0.25972222222222224 0.834375 0.4222222222222222 0.0640625
633 0.3625 0.834375 0.6277777777777778 0.0640625
633 0.04861111111111111 0.73828125 0.0 0.0
16 0.5 0.7083984375 1.0 0.354296875
634 0.5 0.478125 1.0 0.759375
297 0.8298611111111112 0.9201171875 0.24305555555555555 0.028515625
296 0.7083333333333334 0.905859375 0.0 0.0
296 0.04861111111111111 0.905859375 0.0 0.0
631 0.3638888888888889 0.9201171875 0.6305555555555555 0.028515625
635 0.5 0.910546875 1.0 0.04765625
296 0.5 0.1421875 1.0 0.03046875
194 0.5 0.13671875 0.0 0.0
636 0.4996527777777778 0.466015625 0.3993055555555556 0.07578125
296 0.5 0.5359375 0.0 0.05859375
296 0.5 0.578125 0.17083333333333334 0.02578125
4 0.5 0.5046875 0.5291666666666667 0.0015625
636 0.5 0.558984375 0.5777777777777777 0.10703125
114 0.4996527777777778 0.63984375 0.4270833333333333 0.0546875
16 0.5 0.521875 0.5777777777777777 0.825
637 0.5 0.4453125 1.0 0.825
50 0.0 0.4453125 0.0 0.825
6 0.23055555555555557 0.613671875 0.46111111111111114 0.04375
341 0.0 0.6017578125 0.0 0.075390625
296 0.0 0.678515625 0.0 0.06484375
296 0.0 0.78359375 0.0 0.0
341 0.0 0.823828125 0.0 0.06953125
16 0.0 0.7056640625 0.0 0.304296875
127 0.25 0.065625 0.5 0.065625
38 0.5 0.0328125 0.0 0.0
43 0.75 0.065625 0.29444444444444445 0.02578125
127 0.75 0.065625 0.5 0.065625
38 0.06805555555555555 0.130078125 0.0 0.0
38 0.12638888888888888 0.1640625 0.07777777777777778 0.0328125
322 0.5486111111111112 0.1640625 0.7666666666666667 0.04921875
38 0.16527777777777777 0.130078125 0.0 0.0
323 0.5 0.1642578125 0.9027777777777778 0.068359375
296 0.3645833333333333 0.2576171875 0.7291666666666666 0.068359375
16 0.5 0.2576171875 1.0 0.068359375
296 0.3645833333333333 0.3259765625 0.7291666666666666 0.068359375
145 0.9368055555555556 0.32578125 0.12638888888888888 0.04375
50 0.5 0.3267578125 1.0 0.069921875
296 0.3645833333333333 0.3958984375 0.7291666666666666 0.068359375
16 0.5 0.3958984375 1.0 0.068359375
296 0.3645833333333333 0.4642578125 0.7291666666666666 0.068359375
145 0.9368055555555556 0.4640625 0.12638888888888888 0.04375
50 0.5 0.4650390625 1.0 0.069921875
296 0.3645833333333333 0.5341796875 0.7291666666666666 0.068359375
16 0.5 0.5341796875 1.0 0.068359375
296 0.3645833333333333 0.6025390625 0.7291666666666666 0.068359375
145 0.9368055555555556 0.60234375 0.12638888888888888 0.04375
50 0.5 0.6033203125 1.0 0.069921875
296 0.3645833333333333 0.6724609375 0.7291666666666666 0.068359375
16 0.5 0.6724609375 1.0 0.068359375
296 0.3645833333333333 0.7408203125 0.7291666666666666 0.068359375
145 0.9368055555555556 0.740625 0.12638888888888888 0.04375
50 0.5 0.7416015625 1.0 0.069921875
296 0.3645833333333333 0.8107421875 0.7291666666666666 0.068359375
145 0.9368055555555556 0.810546875 0.12638888888888888 0.04375
50 0.5 0.8115234375 1.0 0.069921875
296 0.3645833333333333 0.8521484375 0.7291666666666666 0.011328125
145 0.9368055555555556 0.858203125 0.12638888888888888 0.00078125
50 0.5 0.8521484375 1.0 0.011328125
106 0.5 0.540625 1.0 0.634375
296 1.0 0.15703125 0.0 0.0296875
638 1.0 0.478125 0.0 0.759375
296 1.0 0.2140625 0.0 0.040625
639 1.0 0.280859375 0.0 0.07109375
639 1.0 0.351953125 0.0 0.07109375
639 1.0 0.423046875 0.0 0.07109375
639 1.0 0.494140625 0.0 0.07109375
639 1.0 0.565234375 0.0 0.07109375
639 1.0 0.636328125 0.0 0.07109375
16 1.0 0.50078125 0.0 0.5328125
296 1.0 0.73046875 0.0 0.0734375
6 0.44166666666666665 0.89609375 0.019444444444444445 0.0109375
6 0.5194444444444445 0.89609375 0.019444444444444445 0.0109375
6 0.5972222222222222 0.89609375 0.019444444444444445 0.0109375
640 0.5 0.89609375 0.23333333333333334 0.0546875
43 0.9027777777777778 0.89609375 0.19444444444444445 0.0734375
43 0.0 0.8578125 0.0 0.0
5 0.5 0.5 1.0 1.0
16 0.0 0.06015625 0.0 0.1203125
341 0.0 0.1546875 0.0 0.06953125
341 0.0 0.2267578125 0.0 0.075390625
341 0.0 0.3017578125 0.0 0.075390625
341 0.0 0.3767578125 0.0 0.075390625
341 0.0 0.4517578125 0.0 0.075390625
341 0.0 0.962109375 0.0 0.06953125
641 0.0 0.5 0.0 1.0
4 0.5 0.9671875 1.0 0.065625
4 0.5 0.01640625 1.0 0.0328125
