43 0.0 0.025390625 0.0 0.05078125
642 0.5 0.0548828125 1.0 0.109765625
643 0.058333333333333334 0.071484375 0.11666666666666667 0.0765625
43 0.4222222222222222 0.071484375 0.6111111111111112 0.0765625
16 0.38333333333333336 0.071484375 0.7666666666666667 0.0765625
643 0.825 0.071484375 0.11666666666666667 0.0765625
643 0.9416666666666667 0.071484375 0.11666666666666667 0.0765625
16 0.5 0.071484375 1.0 0.0765625
43 0.07465277777777778 0.142578125 0.09375 0.02578125
127 0.08125 0.142578125 0.1625 0.065625
38 0.1625 0.109765625 0.0 0.0
127 0.26805555555555555 0.142578125 0.2111111111111111 0.065625
38 0.3736111111111111 0.109765625 0.0 0.0
127 0.46111111111111114 0.142578125 0.175 0.065625
38 0.5486111111111112 0.109765625 0.0 0.0
127 0.6458333333333334 0.142578125 0.19444444444444445 0.065625
38 0.7430555555555556 0.109765625 0.0 0.0
127 0.8715277777777778 0.142578125 0.2569444444444444 0.065625
128 0.5 0.142578125 1.0 0.065625
8 0.0 0.4720703125 0.0 0.592578125
8 0.0 0.8513671875 0.0 0.166015625
106 0.0 0.555078125 0.0 0.75859375
38 0.5 0.3541015625 0.9222222222222223 0.291015625
43 0.17777777777777778 0.5326171875 0.2 0.022265625
43 0.5 0.591015625 0.8444444444444444 0.07265625
43 0.5 0.6494140625 0.8444444444444444 0.044140625
19 0.03888888888888889 0.499609375 0.0 0.0
16 0.5 0.585546875 0.9222222222222223 0.171875
43 0.5 0.71796875 0.9222222222222223 0.04921875
43 0.03888888888888889 0.693359375 0.0 0.0
43 0.12916666666666668 0.7923828125 0.10277777777777777 0.022265625
43 0.3038194444444444 0.7923828125 0.09097222222222222 0.022265625
43 0.4388888888888889 0.7701171875 0.016666666666666666 0.022265625
43 0.4979166666666667 0.7923828125 0.13472222222222222 0.022265625
16 0.3215277777777778 0.78125 0.4875 0.04453125
41 0.5 0.5169921875 0.9222222222222223 0.616796875
38 0.0 0.17578125 0.0 0.0
8 0.5 0.5060546875 1.0 0.660546875
38 0.5 0.9017578125 0.9222222222222223 0.065234375
38 0.0 0.836328125 0.0 0.0
111 0.5 0.5220703125 1.0 0.824609375
5 0.5 0.5 1.0 1.0
113 0.0 0.4671875 0.0 0.934375
43 0.0 0.084765625 0.0 0.06796875
43 0.0 0.220703125 0.0 0.06796875
43 0.0 0.288671875 0.0 0.06796875
43 0.0 0.356640625 0.0 0.06796875
43 0.0 0.424609375 0.0 0.06796875
43 0.0 0.492578125 0.0 0.06796875
43 0.0 0.560546875 0.0 0.06796875
43 0.0 0.628515625 0.0 0.06796875
43 0.0 0.696484375 0.0 0.06796875
43 0.0 0.764453125 0.0 0.06796875
43 0.0 0.900390625 0.0 0.06796875
4 0.5 0.9671875 1.0 0.065625
