0 0.0 0.0 0.0 0.0
5 0.5 0.4671875 1.0 0.934375
16 0.5 0.271484375 0.8541666666666666 0.07734375
6 0.13993055555555556 0.2712890625 0.13402777777777777 0.075390625
7 0.3663194444444444 0.2509765625 0.2701388888888889 0.027734375
8 0.5670138888888889 0.271484375 0.7201388888888889 0.07734375
8 0.9086805555555556 0.2431640625 0.03680555555555556 0.020703125
8 0.5 0.4501953125 0.8541666666666666 0.252734375
7 0.5 0.617578125 0.8541666666666666 0.0546875
16 0.5 0.445703125 0.8541666666666666 0.42578125
16 0.5 0.685546875 0.8541666666666666 0.053125
7 0.2861111111111111 0.685546875 0.4263888888888889 0.02578125
6 0.4996527777777778 0.685546875 0.0006944444444444445 0.02578125
7 0.7135416666666666 0.685546875 0.4270833333333333 0.02578125
16 0.5 0.4669921875 0.9027777777777778 0.495703125
