38 0.0 0.0328125 0.0 0.0
645 0.5 0.890625 1.0 0.0875
646 0.0 0.866015625 0.0 0.0
139 0.5 0.48359375 1.0 0.9015625
647 0.5 0.48359375 0.09722222222222222 0.0546875
38 0.03888888888888889 0.890625 0.0 0.0
16 0.07048611111111111 0.890625 0.10208333333333333 0.0546875
38 0.18958333333333333 0.890625 0.0 0.0
50 0.18958333333333333 0.890625 0.09722222222222222 0.0546875
38 0.9315972222222222 0.890625 0.05347222222222222 0.0328125
38 0.7555555555555555 0.890625 0.059722222222222225 0.0328125
38 0.5 0.48359375 0.2722222222222222 0.153125
104 0.5 0.0328125 0.09722222222222222 0.0
43 0.5 0.180078125 0.9222222222222223 0.07578125
8 0.5 0.1533203125 1.0 0.087890625
510 0.5 0.4896484375 1.0 0.368359375
510 0.1361111111111111 0.30546875 0.18472222222222223 0.10390625
38 0.20416666666666666 0.34375 0.058333333333333334 0.0328125
43 0.1451388888888889 0.3984375 0.2125 0.04375
43 0.16145833333333334 0.444140625 0.24513888888888888 0.02578125
510 0.17326388888888888 0.5763671875 0.3076388888888889 0.173046875
510 0.5003472222222223 0.5763671875 0.3076388888888889 0.173046875
510 0.8270833333333333 0.576171875 0.30694444444444446 0.17265625
648 0.5 0.5818359375 0.9611111111111111 0.183984375
71 0.8375 0.346484375 0.24722222222222223 0.03828125
510 0.5 0.8478515625 1.0 0.173046875
510 0.1361111111111111 0.761328125 0.18472222222222223 0.10390625
38 0.20416666666666666 0.799609375 0.058333333333333334 0.0328125
43 0.17430555555555555 0.854296875 0.2708333333333333 0.04375
43 0.1517361111111111 0.9 0.22569444444444445 0.02578125
510 0.17326388888888888 0.9400390625 0.3076388888888889 0.011328125
510 0.5003472222222223 0.9400390625 0.3076388888888889 0.011328125
510 0.8270833333333333 0.9400390625 0.30694444444444446 0.011328125
648 0.5 0.9400390625 0.9611111111111111 0.011328125
71 0.8472222222222222 0.80234375 0.22777777777777777 0.03828125
104 0.5 0.109375 0.09722222222222222 0.0
43 0.4440972222222222 0.1533203125 0.7715277777777778 0.033203125
38 0.9052083333333333 0.1533203125 0.07291666666666667 0.041015625
50 0.5 0.1150390625 1.0 0.164453125
43 0.3246527777777778 0.0708984375 0.29930555555555555 0.036328125
44 0.06805555555555555 0.07109375 0.1361111111111111 0.0765625
22 0.9416666666666667 0.07109375 0.11666666666666667 0.0765625
80 0.5 0.07109375 1.0 0.0765625
38 0.06319444444444444 0.1484375 0.07777777777777778 0.04375
43 0.20798611111111112 0.1482421875 0.16319444444444445 0.031640625
43 0.0 0.109375 0.0 0.0
43 0.4875 0.1498046875 0.009722222222222222 0.022265625
43 0.5513888888888889 0.1498046875 0.009722222222222222 0.022265625
649 0.5194444444444445 0.1498046875 0.1763888888888889 0.022265625
8 0.4486111111111111 0.1484375 0.31805555555555554 0.025
16 0.3159722222222222 0.1484375 0.6319444444444444 0.078125
38 0.06319444444444444 0.2265625 0.07777777777777778 0.04375
43 0.21736111111111112 0.2263671875 0.18194444444444444 0.031640625
43 0.36944444444444446 0.2197265625 0.09722222222222222 0.024609375
43 0.609375 0.2279296875 0.003472222222222222 0.002734375
43 0.6413194444444444 0.2279296875 0.06736111111111111 0.002734375
8 0.5128472222222222 0.2265625 0.18958333333333333 0.0
16 0.3159722222222222 0.2265625 0.6319444444444444 0.078125
38 0.06319444444444444 0.3046875 0.07777777777777778 0.04375
43 0.25381944444444443 0.3044921875 0.2548611111111111 0.031640625
43 0.36944444444444446 0.2978515625 0.09722222222222222 0.024609375
43 0.38125 0.3046875 0.0 0.0
8 0.49444444444444446 0.3046875 0.2263888888888889 0.0
16 0.3159722222222222 0.3046875 0.6319444444444444 0.078125
38 0.06319444444444444 0.3828125 0.07777777777777778 0.04375
43 0.1951388888888889 0.3826171875 0.1375 0.031640625
43 0.0 0.34375 0.0 0.0
43 0.2638888888888889 0.3828125 0.0 0.0
8 0.4357638888888889 0.3828125 0.34375 0.0
16 0.3159722222222222 0.3828125 0.6319444444444444 0.078125
38 0.06319444444444444 0.4609375 0.07777777777777778 0.04375
43 0.1857638888888889 0.4607421875 0.11875 0.031640625
43 0.0 0.421875 0.0 0.0
43 0.24513888888888888 0.4609375 0.0 0.0
8 0.4263888888888889 0.4609375 0.3625 0.0
16 0.3159722222222222 0.4609375 0.6319444444444444 0.078125
106 0.3159722222222222 0.3046875 0.6319444444444444 0.390625
4 0.5 0.9671875 1.0 0.065625
4 0.5 0.01640625 1.0 0.0328125
5 0.5 0.5 1.0 1.0
