36 0.0 0.0328125 0.0 0.0
217 0.5 0.062890625 0.9222222222222223 0.09296875
43 0.11493055555555555 0.100390625 0.1326388888888889 0.01796875
43 0.5663194444444445 0.100390625 0.7701388888888889 0.01796875
217 0.5 0.14453125 0.9222222222222223 0.0703125
217 0.5 0.228125 0.9222222222222223 0.071875
217 0.5 0.3140625 0.9222222222222223 0.075
650 0.9222222222222223 0.321484375 0.07777777777777778 0.06015625
217 0.5 0.4015625 0.9222222222222223 0.075
650 0.9222222222222223 0.408984375 0.07777777777777778 0.06015625
43 0.2503472222222222 0.495703125 0.42291666666666666 0.0296875
38 0.9184027777777778 0.4958984375 0.08541666666666667 0.048046875
50 0.7114583333333333 0.4958984375 0.49930555555555556 0.048046875
16 0.5 0.4958984375 0.9222222222222223 0.048046875
43 0.3055555555555556 0.5767578125 0.5333333333333333 0.026953125
43 0.7083333333333334 0.5765625 0.2722222222222222 0.0296875
116 0.7666666666666667 0.5767578125 0.3888888888888889 0.048046875
16 0.5 0.5767578125 0.9222222222222223 0.048046875
43 0.3055555555555556 0.6576171875 0.5333333333333333 0.026953125
43 0.6694444444444444 0.6576171875 0.19444444444444445 0.048046875
43 0.8638888888888889 0.6576171875 0.19444444444444445 0.048046875
16 0.7666666666666667 0.6576171875 0.3888888888888889 0.048046875
16 0.5 0.6576171875 0.9222222222222223 0.048046875
16 0.5 0.60078125 0.9222222222222223 0.16171875
43 0.5 0.7583984375 0.9222222222222223 0.087890625
71 0.5 0.873828125 0.9222222222222223 0.07734375
651 0.5 0.521875 1.0 0.825
38 0.5 0.4662109375 0.45416666666666666 0.205078125
43 0.0 0.109375 0.0 0.0
19 0.5 0.638671875 0.14583333333333334 0.08203125
44 0.08263888888888889 0.07109375 0.0875 0.04921875
43 0.5 0.07109375 0.7472222222222222 0.0359375
46 0.5 0.07109375 1.0 0.0765625
45 1.0 0.07109375 0.0 0.0765625
5 0.5 0.5 1.0 1.0
4 0.5 0.9671875 1.0 0.065625
4 0.5 0.01640625 1.0 0.0328125
