652 0.0 0.0328125 0.0 0.0
16 0.3038194444444444 0.0669921875 0.6076388888888888 0.068359375
16 0.04201388888888889 0.0677734375 0.08402777777777778 0.069921875
652 0.23680555555555555 0.066796875 0.25416666666666665 0.0515625
6 0.06076388888888889 0.1369140625 0.07291666666666667 0.041015625
652 0.17708333333333334 0.13671875 0.13472222222222222 0.0515625
16 0.3038194444444444 0.1369140625 0.6076388888888888 0.068359375
652 0.3038194444444444 0.2001953125 0.6076388888888888 0.055078125
6 0.06076388888888889 0.2634765625 0.07291666666666667 0.041015625
652 0.16909722222222223 0.26328125 0.11875 0.0515625
16 0.3038194444444444 0.2634765625 0.6076388888888888 0.068359375
6 0.06076388888888889 0.3333984375 0.07291666666666667 0.041015625
652 0.27361111111111114 0.333203125 0.3277777777777778 0.0515625
16 0.3038194444444444 0.3333984375 0.6076388888888888 0.068359375
6 0.06076388888888889 0.4033203125 0.07291666666666667 0.041015625
652 0.16458333333333333 0.403125 0.10972222222222222 0.0515625
16 0.3038194444444444 0.4033203125 0.6076388888888888 0.068359375
6 0.06076388888888889 0.4732421875 0.07291666666666667 0.041015625
652 0.2989583333333333 0.473046875 0.3784722222222222 0.0515625
16 0.3038194444444444 0.4732421875 0.6076388888888888 0.068359375
6 0.06076388888888889 0.5431640625 0.07291666666666667 0.041015625
652 0.24930555555555556 0.54296875 0.2791666666666667 0.0515625
16 0.3038194444444444 0.5431640625 0.6076388888888888 0.068359375
10 0.3038194444444444 0.305078125 0.6076388888888888 0.54453125
50 0.6076388888888888 0.48359375 0.0 0.9015625
8 0.3038194444444444 0.48359375 0.6076388888888888 0.9015625
5 0.5 0.4671875 1.0 0.934375
8 0.5 0.069140625 1.0 0.07265625
7 0.24270833333333333 0.1396484375 0.4076388888888889 0.024609375
177 0.5 0.202734375 0.9222222222222223 0.0578125
16 0.5 0.2904296875 0.9222222222222223 0.073828125
7 0.5 0.378125 0.9222222222222223 0.1015625
16 0.5 0.2890625 1.0 0.3671875
