17 0.0 0.0328125 0.0 0.0
16 0.0 0.734765625 0.0 0.24609375
16 0.0 0.5091796875 0.0 0.697265625
31 0.0 0.4453125 0.0 0.825
38 0.5 0.3861328125 0.8597222222222223 0.451171875
43 0.5 0.658984375 0.8138888888888889 0.05078125
43 0.5 0.72578125 0.9222222222222223 0.0828125
16 0.5 0.734765625 1.0 0.24609375
16 0.5 0.5091796875 1.0 0.697265625
34 0.5 0.48359375 1.0 0.9015625
50 0.5 0.89609375 1.0 0.0765625
44 0.10694444444444444 0.89609375 0.21388888888888888 0.0765625
653 0.4996527777777778 0.89609375 0.18263888888888888 0.04140625
44 0.8930555555555556 0.89609375 0.21388888888888888 0.0765625
111 0.5 0.934375 1.0 0.0
5 0.5 0.5 1.0 1.0
