17 0.0 0.0 0.0 0.0
5 0.5 0.5 1.0 1.0
7 0.26319444444444445 0.0708984375 0.23472222222222222 0.036328125
52 0.06805555555555555 0.07109375 0.1361111111111111 0.0765625
22 0.6597222222222222 0.07109375 0.1361111111111111 0.065625
22 0.7958333333333333 0.07109375 0.1361111111111111 0.065625
22 0.9319444444444445 0.07109375 0.1361111111111111 0.065625
45 0.7958333333333333 0.07109375 0.4083333333333333 0.0765625
80 0.5 0.0546875 1.0 0.109375
38 0.19930555555555557 0.210546875 0.32083333333333336 0.18046875
43 0.5513888888888889 0.1341796875 0.34444444444444444 0.027734375
43 0.4392361111111111 0.1634765625 0.12013888888888889 0.022265625
43 0.5104166666666666 0.1634765625 0.022222222222222223 0.022265625
43 0.628125 0.1634765625 0.21319444444444444 0.022265625
43 0.5784722222222223 0.1900390625 0.022222222222222223 0.022265625
43 0.6559027777777777 0.1900390625 0.1326388888888889 0.022265625
16 0.5506944444444445 0.1900390625 0.34305555555555556 0.022265625
71 0.525 0.2767578125 0.2916666666666667 0.048046875
8 0.6604166666666667 0.2767578125 0.6013888888888889 0.048046875
8 0.5 0.210546875 0.9222222222222223 0.18046875
4 0.5 0.3234375 1.0 0.0015625
19 0.5 0.585546875 0.12638888888888888 0.07109375
106 0.5 0.585546875 1.0 0.52265625
43 0.0 0.32421875 0.0 0.0
43 0.40347222222222223 0.3591796875 0.7291666666666666 0.048046875
38 0.03888888888888889 0.383203125 0.0 0.0
43 0.2916666666666667 0.39609375 0.5055555555555555 0.02578125
43 0.8256944444444444 0.371875 0.11527777777777778 0.02578125
44 0.9319444444444445 0.371875 0.09722222222222222 0.0546875
4 0.5194444444444445 0.419140625 0.9611111111111111 0.0015625
8 0.5 0.3720703125 1.0 0.095703125
43 0.40347222222222223 0.4548828125 0.7291666666666666 0.048046875
38 0.03888888888888889 0.47890625 0.0 0.0
43 0.2916666666666667 0.491796875 0.5055555555555555 0.02578125
43 0.8256944444444444 0.467578125 0.11527777777777778 0.02578125
44 0.9319444444444445 0.467578125 0.09722222222222222 0.0546875
4 0.5194444444444445 0.51484375 0.9611111111111111 0.0015625
8 0.5 0.4677734375 1.0 0.095703125
43 0.38819444444444445 0.550390625 0.6986111111111111 0.02578125
38 0.03888888888888889 0.56328125 0.0 0.0
43 0.2989583333333333 0.576171875 0.5201388888888889 0.02578125
43 0.8256944444444444 0.56328125 0.11527777777777778 0.02578125
44 0.9319444444444445 0.56328125 0.09722222222222222 0.0546875
4 0.5194444444444445 0.610546875 0.9611111111111111 0.0015625
8 0.5 0.5634765625 1.0 0.095703125
43 0.2916666666666667 0.671875 0.5055555555555555 0.02578125
38 0.0 0.65390625 0.0 0.0
16 0.3840277777777778 0.658984375 0.7680555555555556 0.0515625
43 0.8256944444444444 0.658984375 0.11527777777777778 0.02578125
44 0.9319444444444445 0.658984375 0.09722222222222222 0.0546875
4 0.5194444444444445 0.70625 0.9611111111111111 0.0015625
8 0.5 0.6591796875 1.0 0.095703125
43 0.40347222222222223 0.7419921875 0.7291666666666666 0.048046875
38 0.03888888888888889 0.766015625 0.0 0.0
43 0.2916666666666667 0.77890625 0.5055555555555555 0.02578125
43 0.8256944444444444 0.7546875 0.11527777777777778 0.02578125
44 0.9319444444444445 0.7546875 0.09722222222222222 0.0546875
654 0.5 0.7826171875 1.0 0.002734375
8 0.5 0.7548828125 1.0 0.095703125
43 0.35 0.8357421875 0.6222222222222222 0.022265625
38 0.03888888888888889 0.8486328125 0.0 0.003515625
43 0.2916666666666667 0.8486328125 0.5055555555555555 0.003515625
16 0.3840277777777778 0.8357421875 0.7680555555555556 0.022265625
38 0.825 0.822265625 0.11666666666666667 0.065625
44 0.9319444444444445 0.8349609375 0.09722222222222222 0.023828125
8 0.5 0.87265625 1.0 0.0515625
43 0.40347222222222223 0.878125 0.7291666666666666 0.0625
38 0.03888888888888889 0.9021484375 0.0 0.110546875
43 0.2916666666666667 0.9021484375 0.5055555555555555 0.110546875
43 0.8256944444444444 0.8900390625 0.11527777777777778 0.086328125
44 0.9319444444444445 0.8828125 0.09722222222222222 0.071875
8 0.5 0.9205078125 1.0 0.147265625
655 0.5 0.898828125 1.0 0.07109375
656 0.5 0.822265625 1.0 0.08203125
38 0.07291666666666667 0.822265625 0.14583333333333334 0.08203125
38 0.8833333333333333 0.789453125 0.0 0.0
43 0.4708333333333333 0.8091796875 0.5916666666666667 0.027734375
43 0.25555555555555554 0.8359375 0.16111111111111112 0.02578125
43 0.08611111111111111 0.630078125 0.13333333333333333 0.02578125
38 0.23194444444444445 0.70859375 0.11666666666666667 0.065625
43 0.23229166666666667 0.7708984375 0.20902777777777778 0.048046875
16 0.23229166666666667 0.7353515625 0.2673611111111111 0.141015625
38 0.49930555555555556 0.70859375 0.11666666666666667 0.065625
43 0.4996527777777778 0.759765625 0.12291666666666666 0.02578125
16 0.4996527777777778 0.72421875 0.2673611111111111 0.11875
38 0.7666666666666667 0.70859375 0.11666666666666667 0.065625
43 0.7670138888888889 0.7708984375 0.20902777777777778 0.048046875
16 0.7670138888888889 0.7353515625 0.2673611111111111 0.141015625
38 0.3659722222222222 0.860546875 0.11666666666666667 0.065625
43 0.3663194444444444 0.9111328125 0.15208333333333332 0.024609375
16 0.3663194444444444 0.8755859375 0.2673611111111111 0.117578125
38 0.6333333333333333 0.860546875 0.11666666666666667 0.065625
43 0.6336805555555556 0.9111328125 0.2048611111111111 0.024609375
16 0.6336805555555556 0.8755859375 0.2673611111111111 0.117578125
8 0.5 0.7703125 1.0 0.328125
4 0.5 0.9671875 1.0 0.065625
