0 0.0 0.0 0.0 0.0
657 0.5 0.079296875 0.8069444444444445 0.09296875
6 0.5 0.1271484375 1.0 0.002734375
16 0.5 0.0806640625 1.0 0.095703125
6 0.5 0.3470703125 1.0 0.020703125
7 0.5 0.3892578125 1.0 0.036328125
52 0.29965277777777777 0.46484375 0.18958333333333333 0.06015625
177 0.29965277777777777 0.526953125 0.18958333333333333 0.0640625
52 0.29965277777777777 0.5890625 0.18958333333333333 0.06015625
376 0.29965277777777777 0.526953125 0.18958333333333333 0.184375
52 0.4947916666666667 0.46484375 0.18958333333333333 0.06015625
177 0.4947916666666667 0.526953125 0.18958333333333333 0.0640625
52 0.4947916666666667 0.5890625 0.18958333333333333 0.06015625
376 0.4947916666666667 0.526953125 0.18958333333333333 0.184375
52 0.6947916666666667 0.46484375 0.19930555555555557 0.06015625
177 0.6947916666666667 0.526953125 0.19930555555555557 0.0640625
52 0.6947916666666667 0.5890625 0.19930555555555557 0.06015625
376 0.6947916666666667 0.526953125 0.19930555555555557 0.184375
16 0.5 0.526953125 1.0 0.184375
658 0.0 0.434765625 0.0 0.0
114 0.5 0.67265625 0.13194444444444445 0.065625
16 0.5 0.5314453125 1.0 0.389453125
6 0.5 0.7158203125 1.0 0.020703125
6 0.8541666666666666 0.8904296875 0.24305555555555555 0.020703125
7 0.5704861111111111 0.8904296875 0.29930555555555555 0.033203125
659 0.5 0.8904296875 1.0 0.033203125
8 0.5 0.5314453125 1.0 0.805859375
5 0.5 0.4671875 1.0 0.934375
