36 0.0 0.0328125 0.0 0.0
8 0.0 0.521875 0.0 0.825
660 0.5 0.417578125 1.0 0.5625
38 0.0 0.1203125 0.0 0.0
43 0.5 0.7291015625 0.9611111111111111 0.071484375
661 0.5 0.844140625 0.24305555555555555 0.13671875
38 0.8805555555555555 0.844140625 0.2388888888888889 0.13671875
38 0.11944444444444445 0.844140625 0.2388888888888889 0.13671875
43 0.5 0.521875 0.0 0.0
42 0.5 0.48359375 1.0 0.9015625
43 1.0 0.109375 0.0 0.0
8 1.0 0.521875 0.0 0.825
43 0.3628472222222222 0.0708984375 0.37569444444444444 0.036328125
44 0.06805555555555555 0.07109375 0.1361111111111111 0.0765625
46 0.5 0.07109375 1.0 0.0765625
5 0.5 0.5 1.0 1.0
4 0.5 0.9671875 1.0 0.065625
4 0.5 0.01640625 1.0 0.0328125
