53 0.5 0.4671875 1.0 0.934375
56 0.0 0.0 0.0 0.0
54 0.06875 0.065625 0.09722222222222222 0.065625
7 0.11736111111111111 0.048828125 0.0 0.0
143 0.7958333333333333 0.065625 0.1361111111111111 0.065625
91 0.9319444444444445 0.065625 0.1361111111111111 0.065625
57 0.5 0.065625 1.0 0.065625
55 1.0 0.065625 0.0 0.0
6 0.39375 0.065625 0.07777777777777778 0.065625
50 0.3038194444444444 0.065625 0.25763888888888886 0.065625
6 0.4756944444444444 0.065625 0.008333333333333333 0.065625
16 0.5875 0.065625 0.825 0.065625
