120 0.0 0.0328125 0.0 0.0
7 0.21145833333333333 0.0708984375 0.13125 0.036328125
52 0.06805555555555555 0.07109375 0.1361111111111111 0.0765625
165 0.8444444444444444 0.07109375 0.11666666666666667 0.065625
173 0.9513888888888888 0.07109375 0.09722222222222222 0.065625
80 0.5 0.07109375 1.0 0.0765625
7 0.259375 0.3431640625 0.46597222222222223 0.033203125
7 0.7402777777777778 0.3431640625 0.4666666666666667 0.040234375
16 0.5 0.3431640625 0.9472222222222222 0.040234375
4 0.5 0.37109375 0.8847222222222222 0.0015625
7 0.259375 0.3990234375 0.46597222222222223 0.033203125
7 0.7402777777777778 0.3990234375 0.4666666666666667 0.040234375
16 0.5 0.3990234375 0.9472222222222222 0.040234375
4 0.5 0.426953125 0.8847222222222222 0.0015625
7 0.259375 0.4548828125 0.46597222222222223 0.033203125
7 0.7402777777777778 0.4548828125 0.4666666666666667 0.040234375
16 0.5 0.4548828125 0.9472222222222222 0.040234375
4 0.5 0.4828125 0.8847222222222222 0.0015625
7 0.259375 0.5107421875 0.46597222222222223 0.033203125
7 0.7402777777777778 0.5107421875 0.4666666666666667 0.040234375
16 0.5 0.5107421875 0.9472222222222222 0.040234375
4 0.5 0.538671875 0.8847222222222222 0.0015625
7 0.259375 0.5666015625 0.46597222222222223 0.033203125
7 0.7402777777777778 0.5666015625 0.4666666666666667 0.040234375
16 0.5 0.5666015625 0.9472222222222222 0.040234375
16 0.013888888888888888 0.316015625 0.0 0.0
114 0.5 0.6265625 0.2708333333333333 0.065625
16 0.5 0.4876953125 0.9722222222222222 0.343359375
16 0.5 0.521875 1.0 0.825
117 0.5 0.9001953125 1.0 0.068359375
179 0.5 0.48359375 1.0 0.9015625
7 0.0 0.065625 0.0 0.065625
7 0.0 0.130859375 0.0 0.065625
16 0.0 0.230859375 0.0 0.0046875
7 0.0 0.265625 0.0 0.065625
7 0.0 0.330859375 0.0 0.065625
7 0.0 0.39609375 0.0 0.065625
7 0.0 0.461328125 0.0 0.065625
16 0.0 0.561328125 0.0 0.0046875
7 0.0 0.59609375 0.0 0.065625
7 0.0 0.661328125 0.0 0.065625
10 0.0 0.48359375 0.0 0.9015625
4 0.5 0.9671875 1.0 0.065625
4 0.5 0.01640625 1.0 0.0328125
5 0.5 0.5 1.0 1.0
