17 0.0 0.0 0.0 0.0
662 0.378125 0.0326171875 0.75625 0.047265625
663 0.8145833333333333 0.0328125 0.11666666666666667 0.065625
663 0.9364583333333333 0.0326171875 0.12708333333333333 0.044140625
8 0.5 0.0328125 1.0 0.065625
664 0.5 0.0693359375 0.9263888888888889 0.004296875
662 0.03680555555555556 0.0671875 0.0 0.0
662 0.5 0.1291015625 1.0 0.115234375
662 0.5 0.2095703125 1.0 0.045703125
38 0.5 0.4138671875 1.0 0.362890625
662 0.5 0.641015625 1.0 0.09140625
662 0.5 0.7095703125 1.0 0.045703125
662 0.26458333333333334 0.7830078125 0.4125 0.068359375
662 0.7354166666666667 0.7830078125 0.4125 0.068359375
665 0.5 0.7830078125 0.9416666666666667 0.068359375
16 0.029166666666666667 0.748828125 0.0 0.0
666 0.5 0.4525390625 1.0 0.762109375
662 0.5 0.883984375 1.0 0.10078125
662 0.5 0.9416015625 1.0 0.014453125
667 0.5 0.5029296875 1.0 0.862890625
4 0.5 0.9671875 1.0 0.065625
5 0.5 0.5 1.0 1.0
