17 0.0 0.0328125 0.0 0.0
87 0.5 0.9001953125 1.0 0.068359375
668 0.5 0.4533203125 0.0 0.036328125
44 0.9149305555555556 0.2189453125 0.1701388888888889 0.095703125
668 0.4149305555555556 0.2189453125 0.78125 0.068359375
8 0.5 0.2189453125 1.0 0.095703125
44 0.9149305555555556 0.3162109375 0.1701388888888889 0.095703125
668 0.4149305555555556 0.3162109375 0.78125 0.068359375
8 0.5 0.3162109375 1.0 0.095703125
44 0.9149305555555556 0.4134765625 0.1701388888888889 0.095703125
668 0.4149305555555556 0.4134765625 0.78125 0.068359375
8 0.5 0.4134765625 1.0 0.095703125
44 0.9149305555555556 0.5107421875 0.1701388888888889 0.095703125
668 0.4149305555555556 0.5107421875 0.78125 0.068359375
8 0.5 0.5107421875 1.0 0.095703125
44 0.9149305555555556 0.6080078125 0.1701388888888889 0.095703125
668 0.4149305555555556 0.6080078125 0.78125 0.068359375
8 0.5 0.6080078125 1.0 0.095703125
8 0.5 0.453515625 1.0 0.68828125
19 0.5 0.453515625 0.11666666666666667 0.065625
8 0.5 0.140234375 1.0 0.06171875
44 0.04861111111111111 0.140234375 0.09722222222222222 0.06171875
668 0.40868055555555555 0.140234375 0.6229166666666667 0.06171875
668 0.0 0.109375 0.0 0.0
668 0.09756944444444444 0.2189453125 0.1701388888888889 0.081640625
668 0.5125 0.2439453125 0.6347222222222222 0.020703125
668 0.09756944444444444 0.3162109375 0.1701388888888889 0.081640625
668 0.5125 0.3287109375 0.6347222222222222 0.020703125
668 0.09756944444444444 0.4134765625 0.1701388888888889 0.081640625
668 0.5125 0.4259765625 0.6347222222222222 0.020703125
668 0.09756944444444444 0.5107421875 0.1701388888888889 0.081640625
668 0.5125 0.5232421875 0.6347222222222222 0.020703125
668 0.09756944444444444 0.6080078125 0.1701388888888889 0.081640625
668 0.5125 0.6205078125 0.6347222222222222 0.020703125
668 0.09756944444444444 0.7052734375 0.1701388888888889 0.081640625
44 0.9149305555555556 0.7052734375 0.1701388888888889 0.095703125
668 0.5125 0.7177734375 0.6347222222222222 0.020703125
8 0.5 0.7052734375 1.0 0.095703125
668 0.09756944444444444 0.7796875 0.1701388888888889 0.0359375
44 0.9149305555555556 0.776171875 0.1701388888888889 0.04296875
668 0.5125 0.807421875 0.6347222222222222 0.01953125
8 0.5 0.776171875 1.0 0.04296875
668 0.24895833333333334 0.07109375 0.14652777777777778 0.028125
44 0.06805555555555555 0.07109375 0.1361111111111111 0.0765625
38 0.1753472222222222 0.0708984375 0.0006944444444444445 0.000390625
22 0.9319444444444445 0.07109375 0.1361111111111111 0.065625
80 0.5 0.07109375 1.0 0.0765625
669 0.5 0.4494140625 1.0 0.833203125
38 0.5 0.8318359375 1.0 0.068359375
44 0.4996527777777778 0.8318359375 0.12152777777777778 0.068359375
668 0.0 0.866015625 0.0 0.0
44 0.9392361111111112 0.8318359375 0.12152777777777778 0.068359375
668 0.5 0.885546875 0.7569444444444444 0.0390625
670 0.4996527777777778 0.866015625 0.5340277777777778 0.0
44 0.8177083333333334 0.8318359375 0.12152777777777778 0.068359375
44 0.6961805555555556 0.8318359375 0.12152777777777778 0.068359375
668 0.390625 0.848828125 0.4895833333333333 0.034375
34 0.5 0.48359375 1.0 0.9015625
16 0.0 0.2001953125 0.0 0.198046875
4 0.0 0.3005859375 0.0 0.002734375
668 0.0 0.34296875 0.0 0.03125
668 0.0 0.4265625 0.0 0.03125
668 0.0 0.51015625 0.0 0.03125
668 0.0 0.59375 0.0 0.03125
668 0.0 0.67734375 0.0 0.03125
668 0.0 0.7609375 0.0 0.03125
10 0.0 0.551953125 0.0 0.5
8 0.0 0.48359375 0.0 0.9015625
4 0.5 0.9671875 1.0 0.065625
4 0.5 0.01640625 1.0 0.0328125
5 0.5 0.5 1.0 1.0
