17 0.0 0.0328125 0.0 0.0
671 0.3385416666666667 0.07109375 0.32708333333333334 0.0265625
672 0.5291666666666667 0.07109375 0.7083333333333334 0.0765625
671 0.46076388888888886 0.067578125 0.09513888888888888 0.0234375
673 0.3909722222222222 0.067578125 0.044444444444444446 0.01796875
8 0.46111111111111114 0.067578125 0.5722222222222222 0.0421875
674 0.06805555555555555 0.07109375 0.1361111111111111 0.0765625
45 0.9416666666666667 0.07109375 0.11666666666666667 0.0765625
118 0.5 0.07109375 1.0 0.0765625
19 0.5 0.521875 0.11666666666666667 0.065625
139 0.5 0.48359375 1.0 0.9015625
229 0.5 0.109375 0.09722222222222222 0.0
675 0.0 0.109765625 0.0 0.0
676 0.5 0.284765625 1.0 0.35
671 0.5 0.51875 1.0 0.07421875
677 0.5 0.6126953125 1.0 0.088671875
677 0.08784722222222222 0.6982421875 0.17569444444444443 0.051953125
4 0.5 0.7234375 1.0 0.0015625
677 0.1920138888888889 0.144140625 0.3104166666666667 0.025
678 0.5 0.4169921875 1.0 0.614453125
112 0.5 0.7748046875 0.7777777777777778 0.068359375
679 0.5 0.776171875 1.0 0.10390625
4 0.5 0.82734375 1.0 0.0015625
673 0.8538194444444445 0.88828125 0.21875 0.0765625
677 0.09930555555555555 0.8501953125 0.125 0.024609375
671 0.3784722222222222 0.8916015625 0.6833333333333333 0.055078125
680 0.0 0.828125 0.0 0.0
681 0.5 0.88125 1.0 0.10625
4 0.5 0.94140625 1.0 0.0140625
8 0.0 0.153125 0.0 0.0546875
671 0.0 0.208203125 0.0 0.0546875
671 0.0 0.26328125 0.0 0.0546875
671 0.0 0.318359375 0.0 0.0546875
671 0.0 0.3734375 0.0 0.0546875
671 0.0 0.428515625 0.0 0.0546875
671 0.0 0.48359375 0.0 0.0546875
671 0.0 0.538671875 0.0 0.0546875
671 0.0 0.59375 0.0 0.0546875
671 0.0 0.648828125 0.0 0.0546875
671 0.0 0.70390625 0.0 0.0546875
671 0.0 0.758984375 0.0 0.0546875
671 0.0 0.8140625 0.0 0.0546875
671 0.0 0.869140625 0.0 0.0546875
671 0.0 0.915625 0.0 0.0375
35 0.0 0.521875 0.0 0.825
5 0.5 0.5 1.0 1.0
4 0.5 0.9671875 1.0 0.065625
4 0.5 0.01640625 1.0 0.0328125
