120 0.0 0.0328125 0.0 0.0
471 0.22777777777777777 0.31953125 0.058333333333333334 0.0328125
429 0.5 0.3796875 0.19444444444444445 0.109375
424 0.4996527777777778 0.4798828125 0.2659722222222222 0.036328125
424 0.5 0.5427734375 0.525 0.056640625
16 0.5 0.448046875 0.525 0.24609375
422 0.5 0.448046875 0.6805555555555556 0.33359375
472 0.5 0.650390625 0.6805555555555556 0.07109375
19 0.1597222222222222 0.28125 0.0 0.0
473 0.5 0.48359375 0.7138888888888889 0.43125
179 0.5 0.48359375 1.0 0.9015625
4 0.5 0.9671875 1.0 0.065625
5 0.5 0.5 1.0 1.0
