56 0.5 0.0765625 1.0 0.0875
4 0.16666666666666666 0.1498046875 0.3333333333333333 0.058984375
4 0.5 0.1498046875 0.3333333333333333 0.058984375
4 0.8333333333333334 0.1498046875 0.3333333333333333 0.058984375
682 0.5 0.1498046875 1.0 0.058984375
683 0.2520833333333333 0.2884765625 0.4986111111111111 0.212890625
684 0.0 0.179296875 0.0 0.0
16 0.2520833333333333 0.364453125 0.4986111111111111 0.0609375
6 0.03194444444444444 0.333984375 0.0 0.0
52 0.4576388888888889 0.206640625 0.0875 0.04921875
685 0.5013888888888889 0.5568359375 0.9972222222222222 0.755078125
106 1.0 0.5568359375 0.0 0.755078125
684 1.0 0.179296875 0.0 0.0
53 0.5 0.4671875 1.0 0.934375
16 0.0 0.1203125 0.0 0.0
50 0.5 0.87421875 0.1361111111111111 0.0765625
57 0.0 0.0328125 0.0 0.0
6 0.08263888888888889 0.0765625 0.06805555555555555 0.03828125
7 0.5267361111111111 0.0765625 0.69375 0.02578125
52 0.9173611111111111 0.0765625 0.06805555555555555 0.03828125
55 1.0 0.07109375 0.0 0.0765625
4 0.5 0.9671875 1.0 0.065625
4 0.5 0.01640625 1.0 0.0328125
5 0.5 0.5 1.0 1.0
