17 0.0 0.0328125 0.0 0.0
43 0.3625 0.0708984375 0.375 0.036328125
22 0.8444444444444444 0.07109375 0.11666666666666667 0.065625
173 0.9513888888888888 0.07109375 0.09722222222222222 0.065625
44 0.06805555555555555 0.07109375 0.1361111111111111 0.0765625
80 0.5 0.07109375 1.0 0.0765625
38 0.0 0.109375 0.0 0.0
112 0.5 0.1435546875 0.7777777777777778 0.068359375
89 0.5 0.1435546875 1.0 0.068359375
128 0.5 0.210546875 1.0 0.065625
8 0.5 0.28125 1.0 0.07109375
32 0.0 0.177734375 0.0 0.0
38 0.04861111111111111 0.209375 0.058333333333333334 0.0328125
127 0.11423611111111111 0.210546875 0.22847222222222222 0.065625
38 0.0875 0.233203125 0.0 0.0
38 0.18333333333333332 0.269140625 0.058333333333333334 0.0328125
8 0.11666666666666667 0.226953125 0.23333333333333334 0.0984375
43 0.3215277777777778 0.210546875 0.12777777777777777 0.02578125
43 0.6263888888888889 0.2361328125 0.7083333333333334 0.033203125
38 0.04861111111111111 0.309375 0.058333333333333334 0.0328125
43 0.16041666666666668 0.3130859375 0.14583333333333334 0.040234375
38 0.0875 0.333203125 0.0 0.0
38 0.18333333333333332 0.340234375 0.058333333333333334 0.0328125
8 0.11666666666666667 0.326953125 0.23333333333333334 0.0984375
686 0.0 0.243359375 0.0 0.0
43 0.27152777777777776 0.2947265625 0.09861111111111111 0.018359375
43 0.6263888888888889 0.3361328125 0.7083333333333334 0.033203125
8 0.5 0.35234375 1.0 0.07109375
38 0.04861111111111111 0.409375 0.058333333333333334 0.0328125
38 0.18333333333333332 0.411328125 0.058333333333333334 0.0328125
38 0.0875 0.433203125 0.0 0.0
43 0.1857638888888889 0.4369140625 0.06319444444444444 0.018359375
8 0.11666666666666667 0.426953125 0.23333333333333334 0.0984375
38 0.0 0.377734375 0.0 0.0
43 0.2701388888888889 0.4115234375 0.09583333333333334 0.033203125
43 0.6263888888888889 0.4361328125 0.7083333333333334 0.033203125
8 0.5 0.4234375 1.0 0.07109375
111 0.5 0.5560546875 1.0 0.756640625
19 0.5 0.503515625 0.18472222222222223 0.10390625
50 0.5 0.503515625 1.0 0.6515625
38 0.22847222222222222 0.177734375 0.0 0.0
127 0.3215277777777778 0.210546875 0.18611111111111112 0.065625
38 0.41458333333333336 0.177734375 0.0 0.0
43 0.5017361111111112 0.210546875 0.07430555555555556 0.02578125
127 0.5020833333333333 0.210546875 0.175 0.065625
8 1.0 0.2982421875 0.0 0.109765625
16 1.0 0.3859375 0.0 0.065625
50 1.0 0.6765625 0.0 0.515625
16 1.0 0.5888671875 0.0 0.691015625
43 0.05347222222222222 0.278515625 0.10694444444444444 0.065625
43 0.27152777777777776 0.2380859375 0.09861111111111111 0.010546875
8 0.2378472222222222 0.2380859375 0.26180555555555557 0.010546875
38 0.44583333333333336 0.2322265625 0.059722222222222225 0.022265625
38 0.36875 0.2185546875 0.0 0.049609375
43 0.5940972222222223 0.23828125 0.08402777777777778 0.01015625
43 0.5479166666666667 0.2125 0.0 0.06171875
38 0.7173611111111111 0.22890625 0.058333333333333334 0.02890625
43 0.778125 0.2380859375 0.06319444444444444 0.010546875
43 0.928125 0.2380859375 0.14375 0.010546875
16 0.5 0.241796875 1.0 0.003125
43 0.1857638888888889 0.2947265625 0.06319444444444444 0.018359375
43 0.2701388888888889 0.2693359375 0.09583333333333334 0.033203125
8 0.2378472222222222 0.2783203125 0.26180555555555557 0.051171875
38 0.44583333333333336 0.278515625 0.059722222222222225 0.02734375
38 0.36875 0.26484375 0.0 0.0
43 0.5940972222222223 0.2951171875 0.08402777777777778 0.018359375
43 0.5479166666666667 0.252734375 0.0 0.0
38 0.7173611111111111 0.269140625 0.058333333333333334 0.0328125
43 0.778125 0.2947265625 0.06319444444444444 0.018359375
43 0.928125 0.2783203125 0.14375 0.051171875
43 0.05347222222222222 0.349609375 0.10694444444444444 0.065625
43 0.27152777777777776 0.3658203125 0.09861111111111111 0.018359375
8 0.2378472222222222 0.3494140625 0.26180555555555557 0.051171875
38 0.44583333333333336 0.349609375 0.059722222222222225 0.02734375
38 0.36875 0.3359375 0.0 0.0
43 0.5940972222222223 0.3662109375 0.08402777777777778 0.018359375
43 0.5479166666666667 0.323828125 0.0 0.0
38 0.7173611111111111 0.340234375 0.058333333333333334 0.0328125
43 0.778125 0.3658203125 0.06319444444444444 0.018359375
43 0.928125 0.3494140625 0.14375 0.051171875
4 0.5 0.387109375 1.0 0.0015625
43 0.27152777777777776 0.4369140625 0.09861111111111111 0.018359375
8 0.2378472222222222 0.4205078125 0.26180555555555557 0.051171875
38 0.44583333333333336 0.420703125 0.059722222222222225 0.02734375
38 0.36875 0.40703125 0.0 0.0
43 0.5940972222222223 0.4373046875 0.08402777777777778 0.018359375
43 0.5479166666666667 0.394921875 0.0 0.0
38 0.7173611111111111 0.411328125 0.058333333333333334 0.0328125
43 0.778125 0.4369140625 0.06319444444444444 0.018359375
43 0.928125 0.4205078125 0.14375 0.051171875
8 0.5 0.49453125 1.0 0.07109375
43 0.05347222222222222 0.491796875 0.10694444444444444 0.065625
38 0.18333333333333332 0.482421875 0.058333333333333334 0.0328125
43 0.27152777777777776 0.5080078125 0.09861111111111111 0.018359375
8 0.2378472222222222 0.4916015625 0.26180555555555557 0.051171875
38 0.44583333333333336 0.491796875 0.059722222222222225 0.02734375
38 0.36875 0.478125 0.0 0.0
43 0.5940972222222223 0.5083984375 0.08402777777777778 0.018359375
43 0.5479166666666667 0.466015625 0.0 0.0
4 0.0 0.458984375 0.0 0.0
38 0.7173611111111111 0.482421875 0.058333333333333334 0.0328125
43 0.778125 0.5080078125 0.06319444444444444 0.018359375
43 0.928125 0.4916015625 0.14375 0.051171875
8 0.5 0.565625 1.0 0.07109375
43 0.05347222222222222 0.562890625 0.10694444444444444 0.065625
38 0.18333333333333332 0.553515625 0.058333333333333334 0.0328125
43 0.27152777777777776 0.5791015625 0.09861111111111111 0.018359375
8 0.2378472222222222 0.5626953125 0.26180555555555557 0.051171875
38 0.44583333333333336 0.562890625 0.059722222222222225 0.02734375
38 0.36875 0.54921875 0.0 0.0
43 0.5940972222222223 0.5794921875 0.08402777777777778 0.018359375
43 0.5479166666666667 0.537109375 0.0 0.0
4 0.0 0.530078125 0.0 0.0
38 0.7173611111111111 0.553515625 0.058333333333333334 0.0328125
43 0.778125 0.5791015625 0.06319444444444444 0.018359375
43 0.928125 0.5626953125 0.14375 0.051171875
8 0.5 0.63671875 1.0 0.07109375
43 0.05347222222222222 0.633984375 0.10694444444444444 0.065625
38 0.18333333333333332 0.624609375 0.058333333333333334 0.0328125
43 0.27152777777777776 0.6501953125 0.09861111111111111 0.018359375
8 0.2378472222222222 0.6337890625 0.26180555555555557 0.051171875
38 0.44583333333333336 0.633984375 0.059722222222222225 0.02734375
38 0.36875 0.6203125 0.0 0.0
43 0.5940972222222223 0.6505859375 0.08402777777777778 0.018359375
43 0.5479166666666667 0.608203125 0.0 0.0
4 0.0 0.601171875 0.0 0.0
38 0.7173611111111111 0.624609375 0.058333333333333334 0.0328125
43 0.778125 0.6501953125 0.06319444444444444 0.018359375
43 0.928125 0.6337890625 0.14375 0.051171875
43 0.5 0.696875 1.0 0.04921875
43 0.05347222222222222 0.754296875 0.10694444444444444 0.065625
38 0.18333333333333332 0.744921875 0.058333333333333334 0.0328125
43 0.27152777777777776 0.7705078125 0.09861111111111111 0.018359375
8 0.2378472222222222 0.7541015625 0.26180555555555557 0.051171875
38 0.44583333333333336 0.754296875 0.059722222222222225 0.02734375
38 0.36875 0.740625 0.0 0.0
43 0.5940972222222223 0.7708984375 0.08402777777777778 0.018359375
43 0.5479166666666667 0.728515625 0.0 0.0
4 0.0 0.721484375 0.0 0.0
38 0.7173611111111111 0.744921875 0.058333333333333334 0.0328125
43 0.778125 0.7705078125 0.06319444444444444 0.018359375
43 0.928125 0.7541015625 0.14375 0.051171875
8 0.5 0.75703125 1.0 0.07109375
43 0.05347222222222222 0.825390625 0.10694444444444444 0.065625
38 0.18333333333333332 0.816015625 0.058333333333333334 0.0328125
43 0.27152777777777776 0.8416015625 0.09861111111111111 0.018359375
8 0.2378472222222222 0.8251953125 0.26180555555555557 0.051171875
38 0.44583333333333336 0.8388671875 0.059722222222222225 0.019921875
43 0.36875 0.8015625 0.0 0.0
43 0.5940972222222223 0.8419921875 0.08402777777777778 0.018359375
43 0.5479166666666667 0.799609375 0.0 0.0
4 0.0 0.792578125 0.0 0.0
38 0.7173611111111111 0.816015625 0.058333333333333334 0.0328125
43 0.778125 0.8416015625 0.06319444444444444 0.018359375
43 0.928125 0.8251953125 0.14375 0.051171875
8 0.5 0.828125 1.0 0.07109375
43 0.05347222222222222 0.896484375 0.10694444444444444 0.065625
38 0.18333333333333332 0.887109375 0.058333333333333334 0.0328125
43 0.27152777777777776 0.9126953125 0.09861111111111111 0.018359375
8 0.2378472222222222 0.8962890625 0.26180555555555557 0.051171875
38 0.44583333333333336 0.9099609375 0.059722222222222225 0.019921875
43 0.36875 0.87265625 0.0 0.0
43 0.5940972222222223 0.9130859375 0.08402777777777778 0.018359375
43 0.5479166666666667 0.870703125 0.0 0.0
4 0.0 0.863671875 0.0 0.0
38 0.7173611111111111 0.887109375 0.058333333333333334 0.0328125
43 0.778125 0.9126953125 0.06319444444444444 0.018359375
43 0.928125 0.8962890625 0.14375 0.051171875
43 0.5 0.9232421875 1.0 0.022265625
32 0.8930555555555556 0.87421875 0.0 0.0
139 0.5 0.48359375 1.0 0.9015625
71 0.8541666666666666 0.88515625 0.23333333333333334 0.065625
4 0.5 0.9671875 1.0 0.065625
4 0.5 0.01640625 1.0 0.0328125
5 0.5 0.5 1.0 1.0
