17 0.0 0.0328125 0.0 0.0
43 0.1388888888888889 0.0708984375 0.2 0.036328125
173 0.9513888888888888 0.07109375 0.09722222222222222 0.065625
80 0.5 0.07109375 1.0 0.0765625
38 0.0 0.109375 0.0 0.0
112 0.5 0.1435546875 0.7777777777777778 0.068359375
89 0.5 0.1435546875 1.0 0.068359375
43 0.5 0.2294921875 1.0 0.103515625
4 0.5 0.28203125 1.0 0.0015625
38 0.0 0.2828125 0.0 0.0
38 0.04861111111111111 0.314453125 0.058333333333333334 0.0328125
43 0.16041666666666668 0.3181640625 0.14583333333333334 0.040234375
38 0.0875 0.33828125 0.0 0.0
43 0.18854166666666666 0.3517578125 0.08263888888888889 0.025390625
8 0.11666666666666667 0.33203125 0.23333333333333334 0.0984375
43 0.30416666666666664 0.3154296875 0.06388888888888888 0.018359375
43 0.6263888888888889 0.3412109375 0.7083333333333334 0.033203125
8 0.5 0.33203125 1.0 0.0984375
38 0.04861111111111111 0.414453125 0.058333333333333334 0.0328125
43 0.16041666666666668 0.4181640625 0.14583333333333334 0.040234375
38 0.0875 0.43828125 0.0 0.0
43 0.18854166666666666 0.4517578125 0.08263888888888889 0.025390625
8 0.11666666666666667 0.43203125 0.23333333333333334 0.0984375
38 0.0 0.3828125 0.0 0.0
43 0.6819444444444445 0.48671875 0.6361111111111111 0.0578125
43 0.6263888888888889 0.4412109375 0.7083333333333334 0.033203125
8 0.5 0.43203125 1.0 0.0984375
38 0.04861111111111111 0.514453125 0.058333333333333334 0.0328125
43 0.16041666666666668 0.5181640625 0.14583333333333334 0.040234375
38 0.0875 0.53828125 0.0 0.0
43 0.18854166666666666 0.5517578125 0.08263888888888889 0.025390625
8 0.11666666666666667 0.53203125 0.23333333333333334 0.0984375
38 0.0 0.4828125 0.0 0.0
43 0.30416666666666664 0.5154296875 0.06388888888888888 0.018359375
43 0.6263888888888889 0.5412109375 0.7083333333333334 0.033203125
8 0.5 0.53203125 1.0 0.0984375
106 0.5 0.60859375 1.0 0.6515625
19 0.5 0.60859375 0.18472222222222223 0.10390625
111 0.5 0.5560546875 1.0 0.756640625
32 0.8930555555555556 0.87421875 0.1361111111111111 0.0765625
139 0.5 0.48359375 1.0 0.9015625
4 0.5 0.9671875 1.0 0.065625
4 0.5 0.01640625 1.0 0.0328125
5 0.5 0.5 1.0 1.0
