0 0.0 0.0 0.0 0.0
687 0.5 0.0669921875 0.7777777777777778 0.068359375
646 0.5 0.0669921875 1.0 0.068359375
8 0.15902777777777777 0.1421875 0.24027777777777778 0.08203125
688 0.19236111111111112 0.1216796875 0.05694444444444444 0.041015625
688 0.22152777777777777 0.1640625 0.11527777777777778 0.03828125
6 0.7083333333333334 0.1421875 0.09722222222222222 0.0546875
6 0.8298611111111112 0.1421875 0.09722222222222222 0.0546875
6 0.9513888888888888 0.1419921875 0.09722222222222222 0.068359375
8 0.5 0.1421875 1.0 0.08203125
688 0.253125 0.2974609375 0.48125 0.030859375
6 0.25277777777777777 0.2580078125 0.3402777777777778 0.048046875
8 0.253125 0.2734375 0.48125 0.18046875
688 0.746875 0.2974609375 0.48125 0.030859375
6 0.7465277777777778 0.2580078125 0.3402777777777778 0.048046875
8 0.746875 0.2734375 0.48125 0.18046875
16 0.5 0.276953125 1.0 0.1875
688 0.253125 0.484765625 0.48125 0.05546875
6 0.25277777777777777 0.4330078125 0.3402777777777778 0.048046875
8 0.253125 0.4609375 0.48125 0.18046875
688 0.746875 0.484765625 0.48125 0.05546875
6 0.7465277777777778 0.4330078125 0.3402777777777778 0.048046875
8 0.746875 0.4609375 0.48125 0.18046875
16 0.5 0.464453125 1.0 0.1875
688 0.253125 0.672265625 0.48125 0.05546875
6 0.25277777777777777 0.6205078125 0.3402777777777778 0.048046875
8 0.253125 0.6484375 0.48125 0.18046875
688 0.746875 0.6724609375 0.48125 0.030859375
6 0.7465277777777778 0.6330078125 0.3402777777777778 0.048046875
8 0.746875 0.6484375 0.48125 0.18046875
16 0.5 0.651953125 1.0 0.1875
6 0.5 0.8203125 0.3402777777777778 0.0546875
688 0.5 0.8630859375 0.975 0.030859375
16 0.5 0.839453125 1.0 0.1875
6 0.25277777777777777 0.9591796875 0.3402777777777778 0.049609375
8 0.253125 0.9337890625 0.48125 0.001171875
6 0.0125 0.933203125 0.0 0.0
6 0.7465277777777778 0.9591796875 0.3402777777777778 0.049609375
8 0.746875 0.9337890625 0.48125 0.001171875
6 0.50625 0.933203125 0.0 0.0
16 0.5 0.9337890625 1.0 0.001171875
16 0.5 0.5587890625 1.0 0.751171875
16 0.5 0.4671875 1.0 0.934375
4 0.5 0.01640625 1.0 0.0328125
5 0.5 0.5 1.0 1.0
