17 0.0 0.0328125 0.0 0.0
43 0.3236111111111111 0.0708984375 0.2972222222222222 0.036328125
44 0.06805555555555555 0.07109375 0.1361111111111111 0.0765625
22 0.9416666666666667 0.07109375 0.11666666666666667 0.065625
80 0.5 0.07109375 1.0 0.0765625
144 0.4513888888888889 0.14765625 0.825 0.0546875
44 0.9319444444444445 0.14765625 0.09722222222222222 0.0546875
16 0.5 0.14765625 1.0 0.0546875
43 0.10798611111111112 0.2025390625 0.13819444444444445 0.033203125
43 0.17673611111111112 0.2578125 0.27569444444444446 0.02578125
43 0.14930555555555555 0.28359375 0.22083333333333333 0.02578125
16 0.1829861111111111 0.2412109375 0.3659722222222222 0.110546875
38 0.0 0.175 0.0 0.0
43 0.8979166666666667 0.2412109375 0.20416666666666666 0.033203125
8 0.5 0.2412109375 1.0 0.132421875
43 0.171875 0.366015625 0.2659722222222222 0.02578125
43 0.1986111111111111 0.391796875 0.3194444444444444 0.02578125
43 0.14930555555555555 0.417578125 0.22083333333333333 0.02578125
16 0.1986111111111111 0.3751953125 0.3972222222222222 0.110546875
38 0.0 0.308984375 0.0 0.0
43 0.8979166666666667 0.3751953125 0.20416666666666666 0.033203125
8 0.5 0.3751953125 1.0 0.132421875
43 0.10972222222222222 0.4705078125 0.14166666666666666 0.033203125
43 0.22916666666666666 0.5 0.38055555555555554 0.02578125
43 0.17743055555555556 0.52578125 0.27708333333333335 0.02578125
43 0.14930555555555555 0.5515625 0.22083333333333333 0.02578125
16 0.22916666666666666 0.5091796875 0.4583333333333333 0.110546875
38 0.0 0.44296875 0.0 0.0
43 0.8979166666666667 0.5091796875 0.20416666666666666 0.033203125
8 0.5 0.5091796875 1.0 0.132421875
43 0.1638888888888889 0.633984375 0.25 0.02578125
43 0.20451388888888888 0.659765625 0.33125 0.02578125
43 0.14930555555555555 0.685546875 0.22083333333333333 0.02578125
16 0.20451388888888888 0.6431640625 0.40902777777777777 0.110546875
38 0.0 0.576953125 0.0 0.0
43 0.8854166666666666 0.6431640625 0.22916666666666666 0.033203125
8 0.5 0.6431640625 1.0 0.132421875
43 0.13923611111111112 0.7384765625 0.20069444444444445 0.033203125
43 0.1954861111111111 0.79375 0.31319444444444444 0.02578125
43 0.14930555555555555 0.81953125 0.22083333333333333 0.02578125
16 0.1954861111111111 0.7771484375 0.3909722222222222 0.110546875
38 0.0 0.7109375 0.0 0.0
43 0.8854166666666666 0.7771484375 0.22916666666666666 0.033203125
8 0.5 0.7771484375 1.0 0.132421875
4 0.5 0.850390625 1.0 0.0109375
16 0.5 0.521875 1.0 0.825
34 0.5 0.48359375 1.0 0.9015625
16 0.0 0.10546875 0.0 0.1453125
8 0.0 0.217578125 0.0 0.07890625
8 0.0 0.296484375 0.0 0.07890625
8 0.0 0.375390625 0.0 0.07890625
8 0.0 0.454296875 0.0 0.07890625
8 0.0 0.533203125 0.0 0.07890625
8 0.0 0.612109375 0.0 0.07890625
8 0.0 0.691015625 0.0 0.07890625
8 0.0 0.769921875 0.0 0.07890625
8 0.0 0.848828125 0.0 0.07890625
8 0.0 0.911328125 0.0 0.04609375
10 0.0 0.48359375 0.0 0.9015625
4 0.5 0.9671875 1.0 0.065625
4 0.5 0.01640625 1.0 0.0328125
5 0.5 0.5 1.0 1.0
