689 0.0 0.0328125 0.0 0.0
690 0.5 0.09296875 0.0 0.0
691 0.5 0.0326171875 0.09722222222222222 0.000390625
692 0.5 0.2224609375 1.0 0.379296875
693 0.259375 0.145703125 0.4409722222222222 0.22578125
693 0.259375 0.596484375 0.4409722222222222 0.56640625
693 0.7392361111111111 0.172265625 0.4409722222222222 0.27890625
693 0.7392361111111111 0.5740234375 0.4409722222222222 0.415234375
693 0.7392361111111111 0.8853515625 0.4409722222222222 0.098046875
694 0.5 0.48359375 1.0 0.9015625
695 0.07291666666666667 0.0765625 0.1361111111111111 0.0765625
38 0.6201388888888889 0.03828125 0.0 0.0
695 0.6881944444444444 0.0765625 0.1361111111111111 0.0765625
38 0.75625 0.03828125 0.0 0.0
38 0.8142361111111112 0.0765625 0.05347222222222222 0.0328125
50 0.8145833333333333 0.0765625 0.11666666666666667 0.0765625
38 0.8729166666666667 0.03828125 0.0 0.0
38 0.93125 0.0765625 0.04861111111111111 0.0328125
16 0.93125 0.0765625 0.11666666666666667 0.0765625
16 0.8048611111111111 0.0765625 0.36944444444444446 0.0765625
696 0.14097222222222222 0.0765625 0.0 0.0
16 0.38055555555555554 0.0765625 0.4791666666666667 0.0
696 0.5 0.0939453125 1.0 0.122265625
43 0.5 0.921484375 1.0 0.02578125
38 0.7388888888888889 0.52109375 0.20416666666666666 0.11484375
697 0.7388888888888889 0.52109375 0.2916666666666667 0.1640625
38 0.2590277777777778 0.54375 0.20416666666666666 0.11484375
697 0.2590277777777778 0.54375 0.2916666666666667 0.1640625
38 0.14583333333333334 0.11484375 0.16527777777777777 0.09296875
697 0.14583333333333334 0.11484375 0.2916666666666667 0.1640625
4 0.5 0.83125 1.0 0.021875
696 0.4996527777777778 0.87734375 0.9215277777777777 0.0703125
4 0.5 0.9671875 1.0 0.065625
4 0.5 0.01640625 1.0 0.0328125
5 0.5 0.5 1.0 1.0
