0 0.0 0.0 0.0 0.0
16 0.10972222222222222 0.063671875 0.21944444444444444 0.06171875
114 0.16458333333333333 0.063671875 0.10972222222222222 0.06171875
16 0.5 0.063671875 0.5611111111111111 0.06171875
114 0.8354166666666667 0.063671875 0.10972222222222222 0.06171875
16 0.9451388888888889 0.063671875 0.10972222222222222 0.06171875
16 0.6097222222222223 0.063671875 0.7805555555555556 0.06171875
247 0.5 0.063671875 1.0 0.06171875
698 0.21006944444444445 0.1314453125 0.4201388888888889 0.068359375
699 0.7590277777777777 0.1314453125 0.14027777777777778 0.064453125
699 0.9208333333333333 0.1314453125 0.15833333333333333 0.064453125
16 0.7100694444444444 0.1314453125 0.5798611111111112 0.064453125
700 0.5 0.1314453125 1.0 0.073828125
343 0.5 0.212109375 1.0 0.0875
343 0.5 0.3015625 1.0 0.0875
343 0.5 0.391015625 1.0 0.0875
343 0.5 0.48046875 1.0 0.0875
343 0.5 0.569921875 1.0 0.0875
343 0.5 0.659375 1.0 0.0875
343 0.5 0.748828125 1.0 0.0875
343 0.5 0.83828125 1.0 0.0875
343 0.5 0.9091796875 1.0 0.050390625
701 0.5 0.5513671875 1.0 0.766015625
247 0.5 0.48359375 1.0 0.9015625
