17 0.0 0.0328125 0.0 0.0
80 0.5 0.07109375 1.0 0.0765625
38 0.0 0.0939453125 0.0 0.030859375
703 0.3888888888888889 0.0341796875 0.7777777777777778 0.068359375
117 0.5 0.9001953125 0.7777777777777778 0.068359375
195 0.5 0.9001953125 1.0 0.068359375
16 0.5 0.8318359375 1.0 0.068359375
71 0.165625 0.8318359375 0.33125 0.068359375
4 0.3326388888888889 0.8318359375 0.002777777777777778 0.068359375
71 0.4996527777777778 0.8318359375 0.33125 0.068359375
4 0.6666666666666666 0.8318359375 0.002777777777777778 0.068359375
71 0.8340277777777778 0.8318359375 0.33194444444444443 0.068359375
38 0.14583333333333334 0.1521484375 0.24305555555555555 0.085546875
43 0.6458333333333334 0.1453125 0.7083333333333334 0.071875
80 0.5 0.14765625 0.9416666666666667 0.0765625
43 0.5 0.2376953125 1.0 0.055078125
38 0.14583333333333334 0.2751953125 0.24305555555555555 0.102734375
38 0.0 0.21015625 0.0 0.0
43 0.6458333333333334 0.2751953125 0.7083333333333334 0.075390625
38 0.0 0.341796875 0.0 0.0
38 0.14583333333333334 0.377734375 0.24305555555555555 0.04140625
43 0.6458333333333334 0.37734375 0.7083333333333334 0.0421875
43 0.5 0.3708984375 1.0 0.055078125
38 0.22430555555555556 0.3845703125 0.06111111111111111 0.027734375
50 0.14583333333333334 0.3708984375 0.2916666666666667 0.055078125
43 0.0 0.4296875 0.0 0.065625
38 0.14583333333333334 0.4650390625 0.24305555555555555 0.102734375
38 0.22430555555555556 0.44453125 0.06111111111111111 0.034375
43 0.6458333333333334 0.46484375 0.7083333333333334 0.10390625
8 0.5 0.4650390625 1.0 0.130078125
43 0.0 0.536328125 0.0 0.04921875
38 0.14583333333333334 0.5966796875 0.24305555555555555 0.102734375
38 0.22430555555555556 0.576171875 0.06111111111111111 0.034375
43 0.6458333333333334 0.5966796875 0.7083333333333334 0.075390625
8 0.5 0.5966796875 1.0 0.130078125
43 0.0 0.683984375 0.0 0.04921875
38 0.14583333333333334 0.7283203125 0.24305555555555555 0.102734375
38 0.22430555555555556 0.7078125 0.06111111111111111 0.034375
43 0.6458333333333334 0.7283203125 0.7083333333333334 0.075390625
8 0.5 0.7283203125 1.0 0.130078125
103 0.5 0.4521484375 1.0 0.685546875
194 0.5 0.083984375 0.0 0.05078125
34 0.5 0.48359375 1.0 0.9015625
43 0.0 0.26953125 0.0 0.04921875
16 0.0 0.2859375 0.0 0.21328125
43 0.0 0.487109375 0.0 0.04921875
43 0.0 0.585546875 0.0 0.04921875
43 0.0 0.733203125 0.0 0.04921875
342 0.0 0.782421875 0.0 0.04921875
43 0.0 0.831640625 0.0 0.04921875
16 0.0 0.6265625 0.0 0.459375
43 0.0 0.9302734375 0.0 0.008203125
43 0.0 0.9548828125 0.0 0.041015625
16 0.0 0.521875 0.0 0.825
71 0.2704861111111111 0.1474609375 0.4340277777777778 0.048046875
71 0.7295138888888889 0.1474609375 0.4340277777777778 0.048046875
16 0.4996527777777778 0.1455078125 0.004861111111111111 0.072265625
52 0.06805555555555555 0.07109375 0.1361111111111111 0.0765625
38 0.8961805555555555 0.0708984375 0.13402777777777777 0.048046875
38 0.7631944444444444 0.0703125 0.058333333333333334 0.0328125
38 0.5881944444444445 0.0703125 0.058333333333333334 0.0328125
43 0.6697916666666667 0.066796875 0.0798611111111111 0.03984375
38 0.13402777777777777 0.0328125 0.0 0.0
43 0.5680555555555555 0.0708984375 0.6930555555555555 0.033203125
8 0.5680555555555555 0.0708984375 0.8638888888888889 0.048046875
38 1.0 0.046875 0.0 0.0
38 0.8486111111111111 0.0703125 0.30277777777777776 0.0328125
16 0.21319444444444444 0.07734375 0.15833333333333333 0.0890625
38 0.26180555555555557 0.0775390625 0.3527777777777778 0.089453125
5 0.5 0.5 1.0 1.0
4 0.5 0.9671875 1.0 0.065625
4 0.5 0.01640625 1.0 0.0328125
