704 0.4378472222222222 0.127734375 0.7979166666666667 0.02578125
704 0.85625 0.127734375 0.0 0.02578125
704 0.2378472222222222 0.153515625 0.39791666666666664 0.02578125
16 0.5 0.14140625 1.0 0.0859375
704 0.9291666666666667 0.1509765625 0.06805555555555555 0.063671875
704 0.0 0.0984375 0.0 0.0
4 0.5194444444444445 0.18359375 0.9611111111111111 0.0015625
8 0.5 0.4828125 1.0 0.76875
6 0.08993055555555556 0.90078125 0.1798611111111111 0.065625
6 0.26006944444444446 0.9 0.16041666666666668 0.065625
6 0.4204861111111111 0.9 0.16041666666666668 0.065625
6 0.5809027777777778 0.9 0.16041666666666668 0.065625
6 0.7413194444444444 0.9 0.16041666666666668 0.065625
704 0.9215277777777777 0.908984375 0.04027777777777778 0.0234375
50 0.9107638888888889 0.90078125 0.17847222222222223 0.0671875
16 0.5 0.90078125 1.0 0.0671875
53 0.5 0.4671875 1.0 0.934375
54 0.0 0.0328125 0.0 0.0
50 0.07777777777777778 0.0765625 0.07777777777777778 0.04375
704 0.19618055555555555 0.077734375 0.12013888888888889 0.00703125
16 0.13784722222222223 0.065625 0.27569444444444446 0.065625
16 0.3736111111111111 0.065625 0.7472222222222222 0.065625
8 0.8104166666666667 0.065625 0.12638888888888888 0.065625
8 0.9368055555555556 0.065625 0.12638888888888888 0.065625
16 0.8736111111111111 0.065625 0.25277777777777777 0.065625
4 0.7472222222222222 0.0328125 0.0 0.0
56 0.5 0.065625 1.0 0.065625
704 1.0 0.0654296875 0.0 0.033203125
19 0.03888888888888889 0.0546875 0.0 0.0
704 0.4 0.0927734375 0.45 0.022265625
704 0.32256944444444446 0.13671875 0.2951388888888889 0.04375
16 0.4111111111111111 0.106640625 0.4722222222222222 0.10390625
16 0.34305555555555556 0.106640625 0.6861111111111111 0.14765625
8 0.425 0.106640625 0.85 0.14765625
4 0.425 0.18125 0.85 0.0015625
6 0.07777777777777778 0.22578125 0.07777777777777778 0.04375
704 0.48333333333333334 0.22578125 0.6166666666666667 0.02578125
704 0.0 0.19296875 0.0 0.0
16 0.425 0.22578125 0.85 0.065625
6 0.07777777777777778 0.29140625 0.07777777777777778 0.04375
704 0.48333333333333334 0.29140625 0.6166666666666667 0.02578125
704 0.0 0.25859375 0.0 0.0
16 0.425 0.29140625 0.85 0.065625
6 0.07777777777777778 0.35703125 0.07777777777777778 0.04375
704 0.48333333333333334 0.35703125 0.6166666666666667 0.02578125
704 0.0 0.32421875 0.0 0.0
16 0.425 0.35703125 0.85 0.065625
6 0.07777777777777778 0.42265625 0.07777777777777778 0.04375
704 0.48333333333333334 0.42265625 0.6166666666666667 0.02578125
704 0.0 0.38984375 0.0 0.0
16 0.425 0.42265625 0.85 0.065625
6 0.07777777777777778 0.48828125 0.07777777777777778 0.04375
704 0.46319444444444446 0.48828125 0.5763888888888888 0.02578125
704 0.7909722222222222 0.48828125 0.04027777777777778 0.0234375
6 0.0 0.45546875 0.0 0.0
16 0.425 0.48828125 0.85 0.065625
6 0.07777777777777778 0.55390625 0.07777777777777778 0.04375
704 0.48333333333333334 0.55390625 0.6166666666666667 0.02578125
704 0.0 0.52109375 0.0 0.0
16 0.425 0.55390625 0.85 0.065625
6 0.07777777777777778 0.61953125 0.07777777777777778 0.04375
704 0.46319444444444446 0.61953125 0.5763888888888888 0.02578125
704 0.7909722222222222 0.61953125 0.04027777777777778 0.0234375
6 0.0 0.58671875 0.0 0.0
16 0.425 0.61953125 0.85 0.065625
6 0.07777777777777778 0.68515625 0.07777777777777778 0.04375
704 0.48333333333333334 0.68515625 0.6166666666666667 0.02578125
704 0.0 0.65234375 0.0 0.0
16 0.425 0.68515625 0.85 0.065625
6 0.07777777777777778 0.75078125 0.07777777777777778 0.04375
704 0.48333333333333334 0.75078125 0.6166666666666667 0.02578125
704 0.0 0.71796875 0.0 0.0
16 0.425 0.75078125 0.85 0.065625
6 0.07777777777777778 0.81640625 0.07777777777777778 0.04375
704 0.48333333333333334 0.81640625 0.6166666666666667 0.02578125
704 0.0 0.78359375 0.0 0.0
16 0.425 0.81640625 0.85 0.065625
16 0.425 0.4671875 0.85 0.934375
