17 0.0 0.0328125 0.0 0.0
418 0.042708333333333334 0.0669921875 0.08541666666666667 0.068359375
416 0.1284722222222222 0.0669921875 0.08611111111111111 0.068359375
418 0.2142361111111111 0.0669921875 0.08541666666666667 0.068359375
16 0.4534722222222222 0.0669921875 0.39305555555555555 0.068359375
418 0.7083333333333334 0.0669921875 0.11666666666666667 0.068359375
418 0.825 0.0669921875 0.11666666666666667 0.068359375
418 0.9416666666666667 0.0669921875 0.11666666666666667 0.068359375
16 0.5 0.0669921875 1.0 0.068359375
16 0.1 0.15859375 0.2 0.00546875
16 0.3 0.15859375 0.2 0.00546875
416 0.0 0.101171875 0.0 0.0
16 0.5 0.15859375 0.2 0.00546875
16 0.7 0.15859375 0.2 0.00546875
16 0.9 0.15859375 0.2 0.00546875
16 0.5 0.1634765625 1.0 0.004296875
16 0.0 0.155859375 0.0 0.0
416 0.16666666666666666 0.20859375 0.3333333333333333 0.02421875
416 0.5 0.20859375 0.3333333333333333 0.02421875
416 0.8333333333333334 0.20859375 0.3333333333333333 0.02421875
16 0.5 0.231640625 1.0 0.0
41 0.0 0.231640625 0.0 0.0
416 0.08263888888888889 0.258984375 0.0875 0.034375
416 0.3350694444444444 0.258984375 0.4173611111111111 0.02421875
416 0.7524305555555556 0.258984375 0.4173611111111111 0.02421875
16 0.54375 0.258984375 0.8347222222222223 0.02421875
16 0.5 0.258984375 1.0 0.0546875
416 0.08263888888888889 0.3140625 0.0875 0.034375
416 0.03888888888888889 0.296875 0.0 0.0
416 0.3350694444444444 0.3140625 0.4173611111111111 0.02421875
416 0.7524305555555556 0.3140625 0.4173611111111111 0.02421875
16 0.54375 0.3140625 0.8347222222222223 0.02421875
16 0.5 0.3140625 1.0 0.0546875
416 0.08263888888888889 0.369140625 0.0875 0.034375
416 0.03888888888888889 0.351953125 0.0 0.0
416 0.3350694444444444 0.369140625 0.4173611111111111 0.02421875
416 0.7524305555555556 0.369140625 0.4173611111111111 0.02421875
16 0.54375 0.369140625 0.8347222222222223 0.02421875
16 0.5 0.369140625 1.0 0.0546875
416 0.08263888888888889 0.42421875 0.0875 0.034375
416 0.03888888888888889 0.40703125 0.0 0.0
416 0.3350694444444444 0.42421875 0.4173611111111111 0.02421875
416 0.7524305555555556 0.42421875 0.4173611111111111 0.02421875
16 0.54375 0.42421875 0.8347222222222223 0.02421875
16 0.5 0.42421875 1.0 0.0546875
16 0.5 0.49296875 1.0 0.08203125
10 0.5 0.3828125 1.0 0.30234375
16 0.5 0.5521484375 1.0 0.641015625
32 0.8930555555555556 0.8125 0.1361111111111111 0.0765625
16 0.5 0.4869140625 1.0 0.771484375
30 0.125 0.9021484375 0.25 0.058984375
30 0.375 0.9021484375 0.25 0.058984375
30 0.625 0.9021484375 0.25 0.058984375
30 0.875 0.9021484375 0.25 0.058984375
16 0.5 0.903515625 1.0 0.06171875
34 0.5 0.48359375 1.0 0.9015625
4 0.5 0.9671875 1.0 0.065625
4 0.5 0.01640625 1.0 0.0328125
5 0.5 0.5 1.0 1.0
