19 0.0 0.0328125 0.0 0.0
414 0.059722222222222225 0.0748046875 0.11944444444444445 0.083984375
7 0.4996527777777778 0.0748046875 0.7604166666666666 0.083984375
52 0.9399305555555556 0.0748046875 0.12013888888888889 0.083984375
16 0.5 0.0748046875 1.0 0.083984375
7 0.5 0.1544921875 1.0 0.075390625
705 0.5 0.522265625 1.0 0.66015625
16 0.0 0.85234375 0.0 0.0
7 0.4753472222222222 0.8787109375 0.20902777777777778 0.031640625
6 0.6163194444444444 0.878515625 0.024305555555555556 0.0234375
8 0.5 0.8787109375 1.0 0.031640625
7 0.4996527777777778 0.9126953125 0.30069444444444443 0.022265625
8 0.5 0.48359375 1.0 0.9015625
4 0.5 0.9671875 1.0 0.065625
4 0.5 0.01640625 1.0 0.0328125
5 0.5 0.5 1.0 1.0
