52 0.0 0.031640625 0.0 0.00234375
7 0.46770833333333334 0.1443359375 0.8965277777777778 0.033203125
6 0.9361111111111111 0.14453125 0.04027777777777778 0.0765625
16 0.5 0.141015625 1.0 0.0890625
7 0.0 0.192578125 0.0 0.0
6 0.090625 0.23359375 0.14097222222222222 0.07578125
16 0.5517361111111111 0.2333984375 0.7756944444444445 0.051953125
6 0.9611111111111111 0.23359375 0.043055555555555555 0.07890625
8 0.5 0.23359375 0.9708333333333333 0.08203125
7 0.0 0.281640625 0.0 0.0
6 0.090625 0.32265625 0.14097222222222222 0.07578125
16 0.5517361111111111 0.3224609375 0.7756944444444445 0.051953125
6 0.9611111111111111 0.32265625 0.043055555555555555 0.07890625
8 0.5 0.32265625 0.9708333333333333 0.08203125
7 0.0 0.370703125 0.0 0.0
6 0.090625 0.41171875 0.14097222222222222 0.07578125
16 0.5517361111111111 0.4115234375 0.7756944444444445 0.051953125
6 0.9611111111111111 0.41171875 0.043055555555555555 0.07890625
8 0.5 0.41171875 0.9708333333333333 0.08203125
7 0.0 0.459765625 0.0 0.0
6 0.090625 0.50078125 0.14097222222222222 0.07578125
16 0.5517361111111111 0.5005859375 0.7756944444444445 0.051953125
6 0.9611111111111111 0.50078125 0.043055555555555555 0.07890625
8 0.5 0.50078125 0.9708333333333333 0.08203125
7 0.0 0.548828125 0.0 0.0
6 0.090625 0.58984375 0.14097222222222222 0.07578125
16 0.5517361111111111 0.5896484375 0.7756944444444445 0.051953125
6 0.9611111111111111 0.58984375 0.043055555555555555 0.07890625
8 0.5 0.58984375 0.9708333333333333 0.08203125
7 0.0 0.637890625 0.0 0.0
6 0.090625 0.67890625 0.14097222222222222 0.07578125
16 0.5517361111111111 0.6787109375 0.7756944444444445 0.051953125
6 0.9611111111111111 0.67890625 0.043055555555555555 0.07890625
8 0.5 0.67890625 0.9708333333333333 0.08203125
7 0.0 0.726953125 0.0 0.0
6 0.090625 0.76796875 0.14097222222222222 0.07578125
16 0.5517361111111111 0.7677734375 0.7756944444444445 0.051953125
6 0.9611111111111111 0.76796875 0.043055555555555555 0.07890625
8 0.5 0.76796875 0.9708333333333333 0.08203125
7 0.0 0.816015625 0.0 0.0
6 0.090625 0.85703125 0.14097222222222222 0.07578125
16 0.5517361111111111 0.8568359375 0.7756944444444445 0.051953125
6 0.9611111111111111 0.85703125 0.043055555555555555 0.07890625
8 0.5 0.85703125 0.9708333333333333 0.08203125
7 0.0 0.905078125 0.0 0.0
52 0.05798611111111111 0.9005859375 0.11597222222222223 0.067578125
16 0.5517361111111111 0.9271484375 0.7756944444444445 0.014453125
52 0.9579861111111111 0.9005859375 0.07430555555555556 0.067578125
8 0.5 0.9197265625 0.9708333333333333 0.029296875
8 0.5 0.48359375 1.0 0.9015625
16 0.8055555555555556 0.064453125 0.3388888888888889 0.06328125
114 0.7208333333333333 0.064453125 0.16944444444444445 0.06328125
114 0.8902777777777777 0.064453125 0.16944444444444445 0.06328125
8 0.5 0.0658203125 1.0 0.066015625
52 0.13194444444444445 0.0646484375 0.2638888888888889 0.043359375
52 0.18020833333333333 0.9005859375 0.1284722222222222 0.067578125
52 0.3013888888888889 0.9005859375 0.11388888888888889 0.067578125
19 0.37777777777777777 0.900390625 0.03888888888888889 0.021875
52 0.8711805555555555 0.9005859375 0.07430555555555556 0.041796875
19 0.3972222222222222 0.866796875 0.0 0.0
7 0.7840277777777778 0.9005859375 0.075 0.022265625
8 0.6961805555555556 0.9005859375 0.5979166666666667 0.067578125
5 0.5 0.4671875 1.0 0.934375
