0 0.0 0.0 0.0 0.0
114 0.8416666666666667 0.073828125 0.04861111111111111 0.02734375
114 0.9513888888888888 0.073828125 0.04861111111111111 0.02734375
8 0.5 0.073828125 1.0 0.08203125
7 0.14618055555555556 0.1400390625 0.1701388888888889 0.036328125
7 0.30243055555555554 0.1400390625 0.09375 0.036328125
4 0.2798611111111111 0.166015625 0.4375 0.0015625
7 0.1795138888888889 0.2123046875 0.23680555555555555 0.091015625
4 0.2798611111111111 0.25859375 0.4375 0.0015625
7 0.096875 0.2845703125 0.07152777777777777 0.036328125
7 0.22465277777777778 0.2845703125 0.07152777777777777 0.036328125
8 0.2798611111111111 0.2123046875 0.4375 0.180859375
4 0.6336805555555556 0.12265625 0.2701388888888889 0.0015625
6 0.8538194444444445 0.2123046875 0.1701388888888889 0.095703125
16 0.5 0.2123046875 0.8777777777777778 0.180859375
7 0.26979166666666665 0.3482421875 0.3173611111111111 0.036328125
16 0.5 0.3888671875 0.7777777777777778 0.041015625
114 0.3055555555555556 0.3888671875 0.3888888888888889 0.041015625
114 0.6944444444444444 0.3888671875 0.3888888888888889 0.041015625
4 0.5 0.4103515625 0.7777777777777778 0.001953125
6 0.1840277777777778 0.68359375 0.058333333333333334 0.0328125
16 0.1840277777777778 0.7 0.14583333333333334 0.065625
4 0.2548611111111111 0.5755859375 0.001388888888888889 0.314453125
6 0.33611111111111114 0.68359375 0.058333333333333334 0.0328125
16 0.33611111111111114 0.7 0.1638888888888889 0.065625
4 0.3375 0.5755859375 0.1638888888888889 0.314453125
4 0.4201388888888889 0.5755859375 0.001388888888888889 0.314453125
6 0.5013888888888889 0.68359375 0.058333333333333334 0.0328125
7 0.5010416666666667 0.719921875 0.0798611111111111 0.02578125
16 0.5013888888888889 0.7 0.1638888888888889 0.065625
4 0.5027777777777778 0.5755859375 0.1638888888888889 0.314453125
4 0.5854166666666667 0.5755859375 0.001388888888888889 0.314453125
6 0.6666666666666666 0.68359375 0.058333333333333334 0.0328125
7 0.6663194444444445 0.719921875 0.0798611111111111 0.02578125
16 0.6666666666666666 0.7 0.1638888888888889 0.065625
4 0.6680555555555555 0.5755859375 0.1638888888888889 0.314453125
4 0.7923611111111111 0.5755859375 0.08194444444444444 0.314453125
16 0.8194444444444444 0.7 0.1388888888888889 0.065625
7 0.8190972222222223 0.719921875 0.0798611111111111 0.02578125
88 0.5 0.5755859375 0.7777777777777778 0.314453125
16 0.8888888888888888 0.7 0.0 0.065625
8 0.8888888888888888 0.5755859375 0.0 0.314453125
706 0.8888888888888888 0.54140625 0.0 0.24609375
6 0.3177083333333333 0.798046875 0.12152777777777778 0.0546875
4 0.4041666666666667 0.798046875 0.002777777777777778 0.034375
7 0.5072916666666667 0.7978515625 0.15486111111111112 0.033203125
4 0.6100694444444444 0.754296875 0.0020833333333333333 0.0015625
7 0.6892361111111112 0.7978515625 0.1076388888888889 0.033203125
16 0.5 0.8166015625 0.5347222222222222 0.126171875
6 0.3177083333333333 0.880078125 0.12152777777777778 0.00078125
4 0.4041666666666667 0.88515625 0.002777777777777778 0.0109375
7 0.5020833333333333 0.8853515625 0.14444444444444443 0.011328125
4 0.6048611111111111 0.8640625 0.0125 0.0015625
7 0.6892361111111112 0.8853515625 0.1076388888888889 0.011328125
16 0.5 0.871484375 0.5347222222222222 0.01640625
6 0.3177083333333333 0.9349609375 0.12152777777777778 0.110546875
4 0.6395833333333333 0.9263671875 0.0 0.093359375
16 0.5 0.9263671875 0.5347222222222222 0.093359375
8 0.5 0.6048828125 1.0 0.549609375
4 0.22083333333333333 0.90703125 0.44166666666666665 0.0546875
7 0.6722222222222223 0.90703125 0.46111111111111114 0.0546875
6 0.9513888888888888 0.90703125 0.09722222222222222 0.0546875
16 0.5 0.90703125 1.0 0.0546875
5 0.5 0.4671875 1.0 0.934375
