38 0.0 0.0 0.0 0.0
43 0.40625 0.0708984375 0.4625 0.036328125
44 0.06805555555555555 0.07109375 0.1361111111111111 0.0765625
322 0.8833333333333333 0.03828125 0.0 0.0
38 0.9416666666666667 0.07109375 0.11666666666666667 0.065625
707 0.5 0.07109375 1.0 0.0765625
19 0.5 0.48359375 0.09722222222222222 0.0546875
34 0.5 0.4671875 1.0 0.934375
4 0.0 0.109375 0.0 0.0
43 0.5 0.137890625 1.0 0.05703125
38 0.08020833333333334 0.2013671875 0.12152777777777778 0.068359375
43 0.23715277777777777 0.1890625 0.15347222222222223 0.0296875
38 0.18472222222222223 0.2162109375 0.04861111111111111 0.024609375
8 0.45 0.2013671875 0.5791666666666667 0.054296875
38 0.8 0.190234375 0.03888888888888889 0.021875
38 0.9052083333333333 0.201171875 0.06319444444444444 0.034375
8 0.5 0.2013671875 1.0 0.068359375
38 0.08020833333333334 0.2705078125 0.12152777777777778 0.068359375
43 0.2520833333333333 0.258203125 0.18333333333333332 0.0296875
38 0.18472222222222223 0.2853515625 0.04861111111111111 0.024609375
8 0.45 0.2705078125 0.5791666666666667 0.054296875
38 0.8 0.259375 0.03888888888888889 0.021875
38 0.9052083333333333 0.2703125 0.06319444444444444 0.034375
8 0.5 0.2705078125 1.0 0.068359375
38 0.08020833333333334 0.3396484375 0.12152777777777778 0.068359375
43 0.30486111111111114 0.32734375 0.28888888888888886 0.0296875
38 0.18472222222222223 0.3544921875 0.04861111111111111 0.024609375
43 0.26493055555555556 0.3544921875 0.09236111111111112 0.024609375
8 0.45 0.3396484375 0.5791666666666667 0.054296875
38 0.8 0.328515625 0.03888888888888889 0.021875
38 0.9052083333333333 0.339453125 0.06319444444444444 0.034375
8 0.5 0.3396484375 1.0 0.068359375
38 0.08020833333333334 0.4087890625 0.12152777777777778 0.068359375
43 0.27361111111111114 0.396484375 0.2263888888888889 0.0296875
38 0.18472222222222223 0.4236328125 0.04861111111111111 0.024609375
43 0.2701388888888889 0.4236328125 0.10277777777777777 0.024609375
8 0.45 0.4087890625 0.5791666666666667 0.054296875
38 0.8 0.39765625 0.03888888888888889 0.021875
38 0.9052083333333333 0.40859375 0.06319444444444444 0.034375
8 0.5 0.4087890625 1.0 0.068359375
38 0.08020833333333334 0.4779296875 0.12152777777777778 0.068359375
43 0.21875 0.465625 0.11666666666666667 0.0296875
38 0.18472222222222223 0.4927734375 0.04861111111111111 0.024609375
43 0.26493055555555556 0.4927734375 0.09236111111111112 0.024609375
8 0.45 0.4779296875 0.5791666666666667 0.054296875
38 0.8 0.466796875 0.03888888888888889 0.021875
38 0.9052083333333333 0.477734375 0.06319444444444444 0.034375
8 0.5 0.4779296875 1.0 0.068359375
38 0.08020833333333334 0.5470703125 0.12152777777777778 0.068359375
43 0.23125 0.534765625 0.14166666666666666 0.0296875
38 0.18472222222222223 0.5619140625 0.04861111111111111 0.024609375
43 0.26493055555555556 0.5619140625 0.09236111111111112 0.024609375
8 0.45 0.5470703125 0.5791666666666667 0.054296875
38 0.8 0.5359375 0.03888888888888889 0.021875
38 0.9052083333333333 0.546875 0.06319444444444444 0.034375
8 0.5 0.5470703125 1.0 0.068359375
38 0.08020833333333334 0.6162109375 0.12152777777777778 0.068359375
43 0.221875 0.60390625 0.12291666666666666 0.0296875
38 0.18472222222222223 0.6310546875 0.04861111111111111 0.024609375
43 0.26493055555555556 0.6310546875 0.09236111111111112 0.024609375
8 0.45 0.6162109375 0.5791666666666667 0.054296875
38 0.8 0.605078125 0.03888888888888889 0.021875
38 0.9052083333333333 0.616015625 0.06319444444444444 0.034375
8 0.5 0.6162109375 1.0 0.068359375
38 0.08020833333333334 0.6853515625 0.12152777777777778 0.068359375
43 0.30868055555555557 0.673046875 0.2965277777777778 0.0296875
38 0.18472222222222223 0.7001953125 0.04861111111111111 0.024609375
43 0.2701388888888889 0.7001953125 0.10277777777777777 0.024609375
8 0.45 0.6853515625 0.5791666666666667 0.054296875
38 0.8 0.67421875 0.03888888888888889 0.021875
38 0.9052083333333333 0.68515625 0.06319444444444444 0.034375
8 0.5 0.6853515625 1.0 0.068359375
38 0.08020833333333334 0.7544921875 0.12152777777777778 0.068359375
43 0.28506944444444443 0.7421875 0.24930555555555556 0.0296875
38 0.18472222222222223 0.7693359375 0.04861111111111111 0.024609375
43 0.26493055555555556 0.7693359375 0.09236111111111112 0.024609375
8 0.45 0.7544921875 0.5791666666666667 0.054296875
38 0.8 0.743359375 0.03888888888888889 0.021875
38 0.9052083333333333 0.754296875 0.06319444444444444 0.034375
8 0.5 0.7544921875 1.0 0.068359375
38 0.08020833333333334 0.8236328125 0.12152777777777778 0.068359375
43 0.23020833333333332 0.811328125 0.13958333333333334 0.0296875
38 0.18472222222222223 0.8384765625 0.04861111111111111 0.024609375
8 0.45 0.8236328125 0.5791666666666667 0.054296875
38 0.8 0.8125 0.03888888888888889 0.021875
38 0.9052083333333333 0.8234375 0.06319444444444444 0.034375
8 0.5 0.8236328125 1.0 0.068359375
38 0.08020833333333334 0.9310546875 0.12152777777777778 0.006640625
38 0.18472222222222223 0.9076171875 0.04861111111111111 0.024609375
43 0.2569444444444444 0.9076171875 0.0763888888888889 0.024609375
8 0.45 0.8927734375 0.5791666666666667 0.054296875
38 0.8 0.881640625 0.03888888888888889 0.021875
38 0.9052083333333333 0.892578125 0.06319444444444444 0.034375
8 0.5 0.9310546875 1.0 0.006640625
43 0.2454861111111111 0.9345703125 0.1701388888888889 0.000390625
38 0.18472222222222223 0.9494140625 0.04861111111111111 0.030078125
8 0.45 0.9345703125 0.5791666666666667 0.000390625
38 0.8 0.937109375 0.03888888888888889 0.00546875
38 0.9052083333333333 0.939453125 0.06319444444444444 0.01015625
4 0.5 0.9671875 1.0 0.065625
4 0.5 0.01640625 1.0 0.0328125
5 0.5 0.5 1.0 1.0
