120 0.0 0.0328125 0.0 0.0
708 0.050694444444444445 0.065625 0.06111111111111111 0.02890625
709 0.1 0.065625 0.2 0.065625
710 0.5 0.0654296875 0.46944444444444444 0.044140625
708 0.9597222222222223 0.065625 0.06111111111111111 0.02890625
709 0.5 0.065625 1.0 0.065625
710 0.5 0.1205078125 0.22916666666666666 0.044140625
709 0.5 0.1205078125 1.0 0.044140625
711 0.0798611111111111 0.178515625 0.1 0.05625
712 0.029861111111111113 0.150390625 0.0 0.0
710 0.34270833333333334 0.1646484375 0.33402777777777776 0.038671875
710 0.2791666666666667 0.1978515625 0.20694444444444443 0.027734375
709 0.575 0.178515625 0.85 0.06640625
709 0.5 0.178515625 1.0 0.06640625
709 0.5 0.2158203125 0.9597222222222223 0.002734375
711 0.0798611111111111 0.253125 0.1 0.05625
712 0.029861111111111113 0.225 0.0 0.0
710 0.34131944444444445 0.2724609375 0.33125 0.027734375
709 0.575 0.253125 0.85 0.06640625
709 0.5 0.253125 1.0 0.06640625
709 0.5 0.2904296875 0.9597222222222223 0.002734375
711 0.0798611111111111 0.327734375 0.1 0.05625
712 0.029861111111111113 0.299609375 0.0 0.0
710 0.3892361111111111 0.3138671875 0.4270833333333333 0.038671875
710 0.37743055555555555 0.3470703125 0.40347222222222223 0.027734375
709 0.575 0.327734375 0.85 0.06640625
709 0.5 0.327734375 1.0 0.06640625
710 0.5 0.3998046875 0.225 0.044140625
709 0.5 0.3998046875 1.0 0.044140625
711 0.0798611111111111 0.4578125 0.1 0.05625
712 0.029861111111111113 0.4296875 0.0 0.0
710 0.2861111111111111 0.4439453125 0.22083333333333333 0.038671875
710 0.2704861111111111 0.4771484375 0.18958333333333333 0.027734375
709 0.575 0.4578125 0.85 0.06640625
709 0.5 0.4578125 1.0 0.06640625
709 0.5 0.4951171875 0.9597222222222223 0.002734375
711 0.0798611111111111 0.532421875 0.1 0.05625
712 0.029861111111111113 0.504296875 0.0 0.0
710 0.29791666666666666 0.5185546875 0.24444444444444444 0.038671875
710 0.2704861111111111 0.5517578125 0.18958333333333333 0.027734375
709 0.575 0.532421875 0.85 0.06640625
709 0.5 0.532421875 1.0 0.06640625
710 0.5 0.6044921875 0.5458333333333333 0.044140625
709 0.5 0.6044921875 1.0 0.044140625
711 0.0798611111111111 0.657421875 0.1 0.05625
712 0.029861111111111113 0.629296875 0.0 0.0
710 0.35347222222222224 0.6572265625 0.35555555555555557 0.038671875
709 0.575 0.6572265625 0.85 0.038671875
709 0.5 0.657421875 1.0 0.05625
709 0.5 0.6896484375 0.9597222222222223 0.002734375
711 0.0798611111111111 0.726953125 0.1 0.05625
712 0.029861111111111113 0.698828125 0.0 0.0
710 0.27395833333333336 0.7130859375 0.19652777777777777 0.038671875
710 0.4166666666666667 0.7462890625 0.48194444444444445 0.027734375
709 0.575 0.726953125 0.85 0.06640625
709 0.5 0.726953125 1.0 0.06640625
179 0.5 0.48359375 1.0 0.9015625
5 0.5 0.5 1.0 1.0
4 0.5 0.9671875 1.0 0.065625
4 0.5 0.01640625 1.0 0.0328125
