17 0.0 0.0328125 0.0 0.0
38 0.12256944444444444 0.0767578125 0.08402777777777778 0.047265625
713 0.12256944444444444 0.078125 0.16180555555555556 0.090625
38 0.30868055555555557 0.0767578125 0.08402777777777778 0.047265625
713 0.30868055555555557 0.078125 0.16180555555555556 0.090625
38 0.49756944444444445 0.0767578125 0.08402777777777778 0.047265625
713 0.49756944444444445 0.078125 0.16180555555555556 0.090625
38 0.6864583333333333 0.0767578125 0.08402777777777778 0.047265625
713 0.6864583333333333 0.078125 0.16180555555555556 0.090625
38 0.8753472222222223 0.0767578125 0.08402777777777778 0.047265625
713 0.8753472222222223 0.078125 0.16180555555555556 0.090625
43 0.7006944444444444 0.049609375 0.0 0.0
16 0.7565972222222223 0.0654296875 0.11180555555555556 0.031640625
43 0.8895833333333333 0.049609375 0.0 0.0
16 0.9447916666666667 0.0654296875 0.11041666666666666 0.031640625
18 0.5 0.078125 1.0 0.090625
43 0.09965277777777778 0.15078125 0.07291666666666667 0.0546875
43 0.2309027777777778 0.15078125 0.05347222222222222 0.0546875
43 0.3704861111111111 0.15078125 0.08958333333333333 0.0546875
714 0.33993055555555557 0.153125 0.6798611111111111 0.059375
4 0.7267361111111111 0.1533203125 0.003472222222222222 0.025390625
713 0.8086805555555555 0.153125 0.08958333333333333 0.059375
43 0.9263888888888889 0.153125 0.14722222222222223 0.059375
118 0.5 0.153125 1.0 0.059375
713 1.0 0.2302734375 0.0 0.001171875
8 1.0 0.8349609375 0.0 0.198828125
106 1.0 0.55859375 0.0 0.7515625
713 0.5 0.2302734375 1.0 0.001171875
38 0.25 0.35859375 0.48055555555555557 0.23671875
43 0.25 0.4259765625 0.43194444444444446 0.031640625
38 0.11493055555555555 0.4576171875 0.034027777777777775 0.015234375
38 0.19444444444444445 0.4576171875 0.019444444444444445 0.015234375
43 0.2652777777777778 0.4576171875 0.09722222222222222 0.018359375
38 0.009722222222222222 0.240234375 0.0 0.0
38 0.009722222222222222 0.487890625 0.0 0.0
38 0.5097222222222222 0.240234375 0.0 0.0
38 0.5097222222222222 0.487890625 0.0 0.0
38 0.75 0.35859375 0.48055555555555557 0.23671875
43 0.75 0.4259765625 0.43194444444444446 0.031640625
38 0.6149305555555555 0.4576171875 0.034027777777777775 0.015234375
38 0.6909722222222222 0.4576171875 0.019444444444444445 0.015234375
43 0.7618055555555555 0.4576171875 0.09722222222222222 0.018359375
4 0.9864583333333333 0.4900390625 0.007638888888888889 0.004296875
38 0.25 0.60625 0.48055555555555557 0.23671875
43 0.25 0.6736328125 0.43194444444444446 0.031640625
38 0.11493055555555555 0.7052734375 0.034027777777777775 0.015234375
38 0.1909722222222222 0.7052734375 0.019444444444444445 0.015234375
43 0.26180555555555557 0.7052734375 0.09722222222222222 0.018359375
4 0.013541666666666667 0.7376953125 0.007638888888888889 0.004296875
4 0.5135416666666667 0.7224609375 0.007638888888888889 0.004296875
38 0.75 0.60625 0.48055555555555557 0.23671875
43 0.75 0.6736328125 0.43194444444444446 0.031640625
38 0.6149305555555555 0.7052734375 0.034027777777777775 0.015234375
38 0.6909722222222222 0.7052734375 0.019444444444444445 0.015234375
43 0.7614583333333333 0.7052734375 0.09652777777777778 0.018359375
4 0.9864583333333333 0.7376953125 0.007638888888888889 0.004296875
38 0.5 0.8349609375 0.9805555555555555 0.198828125
43 0.853125 0.7587890625 0.11736111111111111 0.018359375
38 0.9364583333333333 0.7587890625 0.024305555555555556 0.013671875
38 0.07430555555555556 0.933203125 0.08055555555555556 0.00234375
43 0.47465277777777776 0.928515625 0.6715277777777777 0.01171875
43 0.9052083333333333 0.934375 0.12152777777777778 0.0
8 0.5 0.928515625 0.9805555555555555 0.01171875
38 0.009722222222222222 0.9662109375 0.0 0.063671875
4 0.9864583333333333 0.9662109375 0.007638888888888889 0.063671875
38 0.25 0.9662109375 0.48055555555555557 0.063671875
38 0.5097222222222222 0.9662109375 0.0 0.063671875
38 0.75 0.9662109375 0.48055555555555557 0.063671875
106 0.5 0.55859375 1.0 0.7515625
4 0.03576388888888889 0.2068359375 0.05625 0.031640625
43 0.3736111111111111 0.2068359375 0.6194444444444445 0.048046875
4 0.7288194444444445 0.2068359375 0.05625 0.031640625
43 0.8208333333333333 0.2068359375 0.12777777777777777 0.048046875
43 0.9166666666666666 0.2068359375 0.03888888888888889 0.048046875
44 0.903125 0.8798828125 0.15486111111111112 0.087109375
34 0.5 0.48359375 1.0 0.9015625
4 0.5 0.9671875 1.0 0.065625
4 0.5 0.01640625 1.0 0.0328125
5 0.5 0.5 1.0 1.0
