44 0.0 0.0328125 0.0 0.0
43 0.17743055555555556 0.0708984375 0.08263888888888889 0.046484375
43 0.2986111111111111 0.07109375 0.13055555555555556 0.05546875
43 0.8986111111111111 0.0708984375 0.10555555555555556 0.036328125
38 0.1361111111111111 0.043359375 0.0 0.0
8 0.5680555555555555 0.07109375 0.8638888888888889 0.05546875
44 0.06805555555555555 0.07109375 0.1361111111111111 0.0765625
45 1.0 0.07109375 0.0 0.0765625
715 0.5 0.0328125 1.0 0.0
43 0.5 0.0693359375 0.13472222222222222 0.040234375
38 0.09027777777777778 0.162109375 0.058333333333333334 0.0328125
43 0.38229166666666664 0.162109375 0.47708333333333336 0.0296875
8 0.5 0.162109375 0.8777777777777778 0.0328125
41 0.5 0.162109375 0.9708333333333333 0.0890625
38 0.0 0.21484375 0.0 0.0
43 0.24965277777777778 0.2529296875 0.3784722222222222 0.022265625
127 0.25 0.253125 0.5 0.0765625
38 0.5 0.21484375 0.0 0.0
43 0.75 0.2529296875 0.25972222222222224 0.024609375
127 0.75 0.253125 0.5 0.0765625
128 0.5 0.253125 1.0 0.0765625
38 0.25625 0.3494140625 0.19444444444444445 0.101953125
43 0.25625 0.469140625 0.41805555555555557 0.05546875
41 0.25625 0.43515625 0.48194444444444445 0.2734375
38 0.74375 0.3494140625 0.19444444444444445 0.101953125
43 0.74375 0.469140625 0.41805555555555557 0.05546875
41 0.74375 0.43515625 0.48194444444444445 0.2734375
38 0.25625 0.6875 0.19444444444444445 0.109375
43 0.25625 0.8109375 0.41805555555555557 0.05546875
41 0.25625 0.7427734375 0.48194444444444445 0.341796875
38 0.74375 0.6875 0.19444444444444445 0.109375
43 0.74375 0.8109375 0.41805555555555557 0.05546875
41 0.74375 0.7427734375 0.48194444444444445 0.341796875
38 0.25625 0.9509765625 0.19444444444444445 0.047265625
41 0.25625 0.9205078125 0.48194444444444445 0.013671875
38 0.74375 0.9509765625 0.19444444444444445 0.047265625
41 0.74375 0.9205078125 0.48194444444444445 0.013671875
111 0.5 0.612890625 1.0 0.64296875
194 0.5 0.2984375 0.09722222222222222 0.0
43 0.46597222222222223 0.8521484375 0.7375 0.027734375
71 0.8979166666666667 0.85234375 0.058333333333333334 0.0328125
8 0.9003472222222222 0.85234375 0.13125 0.11484375
716 0.5 0.8513671875 0.9611111111111111 0.144140625
16 1.0 0.612890625 0.0 0.64296875
118 0.5 0.574609375 1.0 0.71953125
44 0.058333333333333334 0.0328125 0.11666666666666667 0.0
44 0.9416666666666667 0.0328125 0.11666666666666667 0.0
4 0.5 0.0703125 1.0 0.075
34 0.5 0.4671875 1.0 0.934375
717 0.10694444444444444 0.830078125 0.10694444444444444 0.06015625
43 0.1798611111111111 0.8158203125 0.0 0.031640625
43 0.4288194444444444 0.847265625 0.4979166666666667 0.02578125
16 0.5631944444444444 0.830078125 0.7666666666666667 0.06015625
43 0.8552083333333333 0.8869140625 0.18263888888888888 0.037109375
43 0.69375 0.8869140625 0.12083333333333333 0.037109375
8 0.0 0.13671875 0.0 0.2734375
82 0.0 0.3171875 0.0 0.065625
82 0.0 0.3828125 0.0 0.065625
82 0.0 0.4484375 0.0 0.065625
50 0.0 0.49296875 0.0 0.0234375
82 0.0 0.5375 0.0 0.065625
82 0.0 0.603125 0.0 0.065625
82 0.0 0.66875 0.0 0.065625
82 0.0 0.734375 0.0 0.065625
113 0.0 0.4671875 0.0 0.934375
4 0.5 0.9671875 1.0 0.065625
4 0.5 0.01640625 1.0 0.0328125
5 0.5 0.5 1.0 1.0
