16 0.06388888888888888 0.114453125 0.0 0.0
48 0.5 0.1572265625 0.7555555555555555 0.036328125
16 0.5 0.144921875 0.8722222222222222 0.0609375
718 0.5 0.201171875 0.7291666666666666 0.0515625
718 0.3038194444444444 0.2580078125 0.3368055555555556 0.062109375
16 0.5 0.24453125 0.8458333333333333 0.13828125
412 0.5 0.5447265625 0.8458333333333333 0.462109375
411 0.07708333333333334 0.5447265625 0.0 0.462109375
411 0.9229166666666667 0.5447265625 0.0 0.462109375
719 0.17916666666666667 0.36015625 0.11666666666666667 0.065625
719 0.8208333333333333 0.36015625 0.11666666666666667 0.065625
718 0.5 0.32890625 0.8458333333333333 0.03046875
718 0.5 0.37734375 0.8458333333333333 0.065625
718 0.5 0.443359375 0.8458333333333333 0.065625
718 0.5 0.509375 0.8458333333333333 0.065625
718 0.5 0.575390625 0.8458333333333333 0.065625
718 0.5 0.64140625 0.8458333333333333 0.065625
718 0.5 0.707421875 0.8458333333333333 0.065625
718 0.5 0.758203125 0.8458333333333333 0.03515625
8 0.5 0.4755859375 0.8722222222222222 0.600390625
720 0.06388888888888888 0.77578125 0.0 0.0
414 0.328125 0.846875 0.4701388888888889 0.0
720 0.6572916666666667 0.8140625 0.18819444444444444 0.065625
720 0.8291666666666667 0.8140625 0.15555555555555556 0.065625
47 0.5 0.8140625 0.8722222222222222 0.0765625
16 0.5 0.4833984375 0.8722222222222222 0.737890625
5 0.5 0.4833984375 0.95 0.781640625
