53 0.5 0.4671875 1.0 0.934375
90 0.5 0.3953125 1.0 0.75
91 0.0 0.0 0.0 0.0
92 0.9121527777777778 0.6388671875 0.1701388888888889 0.095703125
52 0.20833333333333334 0.72109375 0.11666666666666667 0.065625
52 0.3541666666666667 0.72109375 0.11666666666666667 0.065625
52 0.5 0.72109375 0.11666666666666667 0.065625
52 0.6458333333333334 0.72109375 0.11666666666666667 0.065625
52 0.7916666666666666 0.72109375 0.11666666666666667 0.065625
93 0.5 0.72109375 1.0 0.0984375
52 0.13541666666666666 0.72109375 0.11666666666666667 0.065625
94 0.28125 0.72109375 0.11666666666666667 0.065625
94 0.4270833333333333 0.72109375 0.11666666666666667 0.065625
94 0.5729166666666666 0.72109375 0.11666666666666667 0.065625
94 0.71875 0.72109375 0.11666666666666667 0.065625
6 0.7958333333333333 0.6875 0.0 0.0
6 0.9125 0.7203125 0.058333333333333334 0.0328125
16 0.8833333333333333 0.720703125 0.175 0.06640625
93 0.5 0.8359375 1.0 0.13125
50 0.0 0.7703125 0.0 0.0
52 0.09722222222222222 0.8359375 0.19444444444444445 0.109375
52 0.5 0.8359375 0.20416666666666666 0.11484375
50 0.5 0.8359375 0.6111111111111112 0.11484375
52 0.9027777777777778 0.8359375 0.19444444444444445 0.109375
7 0.2621527777777778 0.348828125 0.17430555555555555 0.0765625
95 0.10694444444444444 0.348828125 0.1361111111111111 0.0765625
96 0.1892361111111111 0.3529296875 0.3784722222222222 0.084765625
7 0.2621527777777778 0.441796875 0.17430555555555555 0.0765625
95 0.10694444444444444 0.441796875 0.1361111111111111 0.0765625
96 0.1892361111111111 0.4376953125 0.3784722222222222 0.084765625
16 0.1892361111111111 0.3953125 0.3784722222222222 0.16953125
97 0.7763888888888889 0.6048828125 0.3888888888888889 0.166796875
98 1.0 0.4671875 0.0 0.934375
99 1.0 0.0494140625 0.0 0.098828125
4 0.10416666666666667 0.84765625 0.20833333333333334 0.0015625
52 0.26666666666666666 0.8796875 0.11666666666666667 0.065625
100 0.325 0.846875 0.0 0.0
4 0.5 0.84765625 0.11666666666666667 0.0015625
4 0.6166666666666667 0.84765625 0.11666666666666667 0.0015625
16 0.5 0.84765625 0.35 0.0015625
52 0.7333333333333333 0.8796875 0.11666666666666667 0.065625
16 0.5 0.8796875 0.5833333333333334 0.065625
16 0.20833333333333334 0.846875 0.0 0.0
7 0.5 0.859765625 0.0 0.02578125
4 0.8958333333333334 0.84765625 0.20833333333333334 0.0015625
4 0.5 0.9671875 1.0 0.065625
