61 0.0 0.0328125 0.0 0.0
727 0.0 0.109375 0.0 0.0
8 0.5 0.1677734375 0.6319444444444444 0.116796875
728 0.5 0.1953125 0.6319444444444444 0.06171875
729 0.7090277777777778 0.258984375 0.21388888888888888 0.065625
16 0.5 0.4876953125 0.6319444444444444 0.756640625
62 0.5 0.521875 1.0 0.825
117 0.5 0.9001953125 0.7777777777777778 0.068359375
8 0.5 0.9001953125 1.0 0.068359375
730 0.0 0.2015625 0.0 0.06171875
730 0.0 0.262890625 0.0 0.06171875
730 0.0 0.32421875 0.0 0.06171875
730 0.0 0.385546875 0.0 0.06171875
730 0.0 0.446875 0.0 0.06171875
730 0.0 0.508203125 0.0 0.06171875
730 0.0 0.56953125 0.0 0.06171875
10 0.0 0.521875 0.0 0.825
7 0.31006944444444445 0.0708984375 0.3284722222222222 0.036328125
52 0.06805555555555555 0.07109375 0.1361111111111111 0.0765625
165 0.7277777777777777 0.07109375 0.11666666666666667 0.065625
165 0.8444444444444444 0.07109375 0.11666666666666667 0.065625
167 0.9513888888888888 0.07109375 0.09722222222222222 0.065625
45 0.8347222222222223 0.07109375 0.33055555555555555 0.0765625
74 0.5 0.07109375 1.0 0.0765625
77 0.5 0.48359375 1.0 0.9015625
4 0.5 0.9671875 1.0 0.065625
4 0.5 0.01640625 1.0 0.0328125
5 0.5 0.5 1.0 1.0
