0 0.0 0.0 0.0 0.0
16 0.2378472222222222 0.634375 0.4756944444444444 0.0015625
16 0.7621527777777778 0.634375 0.4756944444444444 0.0015625
8 0.5 0.6248046875 1.0 0.020703125
6 0.5 0.6283203125 0.04861111111111111 0.013671875
6 0.04618055555555556 0.6669921875 0.04375 0.024609375
16 0.5 0.6669921875 0.9513888888888888 0.036328125
7 0.5 0.7703125 0.7527777777777778 0.14296875
114 0.5 0.894921875 0.2916666666666667 0.0515625
16 0.5 0.894921875 0.975 0.07890625
16 0.5 0.7744140625 1.0 0.319921875
5 0.5 0.4671875 1.0 0.934375
