61 0.0 0.0328125 0.0 0.0
43 0.5 0.1255859375 0.9888888888888889 0.023046875
62 0.5 0.521875 1.0 0.825
38 0.07534722222222222 0.144921875 0.10208333333333333 0.04375
43 0.2642361111111111 0.144921875 0.27569444444444446 0.03359375
8 0.21875 0.144921875 0.4375 0.07109375
38 0.07534722222222222 0.215625 0.10208333333333333 0.04375
43 0.25729166666666664 0.215625 0.26180555555555557 0.03359375
8 0.21875 0.215625 0.4375 0.07109375
38 0.07534722222222222 0.286328125 0.10208333333333333 0.04375
43 0.18263888888888888 0.286328125 0.1125 0.03359375
8 0.21875 0.286328125 0.4375 0.07109375
38 0.07534722222222222 0.35703125 0.10208333333333333 0.04375
43 0.21979166666666666 0.35703125 0.18680555555555556 0.03359375
8 0.21875 0.35703125 0.4375 0.07109375
10 0.21875 0.521875 0.4375 0.825
7 0.2833333333333333 0.0708984375 0.275 0.036328125
52 0.06805555555555555 0.07109375 0.1361111111111111 0.0765625
45 1.0 0.07109375 0.0 0.0765625
74 0.5 0.07109375 1.0 0.0765625
77 0.5 0.48359375 1.0 0.9015625
4 0.5 0.9671875 1.0 0.065625
4 0.5 0.01640625 1.0 0.0328125
5 0.5 0.5 1.0 1.0
