36 0.0 0.0328125 0.0 0.0
43 0.5 0.20546875 0.375 0.0390625
71 0.5 0.751171875 0.3402777777777778 0.065625
38 0.5 0.29140625 0.14583333333333334 0.08203125
43 0.4996527777777778 0.521875 0.9965277777777778 0.02578125
112 0.5 0.9001953125 1.0 0.068359375
42 0.5 0.48359375 1.0 0.9015625
43 0.24340277777777777 0.0708984375 0.40902777777777777 0.036328125
22 0.7277777777777777 0.07109375 0.11666666666666667 0.065625
22 0.8444444444444444 0.07109375 0.11666666666666667 0.065625
173 0.9513888888888888 0.07109375 0.09722222222222222 0.065625
45 0.8347222222222223 0.07109375 0.33055555555555555 0.0765625
46 0.5 0.07109375 1.0 0.0765625
5 0.5 0.5 1.0 1.0
4 0.5 0.9671875 1.0 0.065625
4 0.5 0.01640625 1.0 0.0328125
