43 0.7520833333333333 0.07109375 0.39861111111111114 0.0296875
43 0.5527777777777778 0.05625 0.0 0.0
38 0.5138888888888888 0.03828125 0.0 0.0
475 0.7520833333333333 0.07109375 0.47638888888888886 0.065625
43 0.7520833333333333 0.13671875 0.39861111111111114 0.0296875
43 0.5527777777777778 0.121875 0.0 0.0
38 0.5138888888888888 0.10390625 0.0 0.0
475 0.7520833333333333 0.13671875 0.47638888888888886 0.065625
43 0.7520833333333333 0.20234375 0.39861111111111114 0.0296875
43 0.5527777777777778 0.1875 0.0 0.0
38 0.5138888888888888 0.16953125 0.0 0.0
475 0.7520833333333333 0.20234375 0.47638888888888886 0.065625
43 0.7520833333333333 0.26796875 0.39861111111111114 0.0296875
43 0.5527777777777778 0.253125 0.0 0.0
38 0.5138888888888888 0.23515625 0.0 0.0
475 0.7520833333333333 0.26796875 0.47638888888888886 0.065625
43 0.7520833333333333 0.33359375 0.39861111111111114 0.0296875
43 0.5527777777777778 0.31875 0.0 0.0
38 0.5138888888888888 0.30078125 0.0 0.0
475 0.7520833333333333 0.33359375 0.47638888888888886 0.065625
43 0.7520833333333333 0.39921875 0.39861111111111114 0.0296875
43 0.5527777777777778 0.384375 0.0 0.0
38 0.5138888888888888 0.36640625 0.0 0.0
475 0.7520833333333333 0.39921875 0.47638888888888886 0.065625
43 0.7520833333333333 0.46484375 0.39861111111111114 0.0296875
43 0.5527777777777778 0.45 0.0 0.0
38 0.5138888888888888 0.43203125 0.0 0.0
475 0.7520833333333333 0.46484375 0.47638888888888886 0.065625
43 0.7520833333333333 0.53046875 0.39861111111111114 0.0296875
43 0.5527777777777778 0.515625 0.0 0.0
38 0.5138888888888888 0.49765625 0.0 0.0
475 0.7520833333333333 0.53046875 0.47638888888888886 0.065625
43 0.7520833333333333 0.59609375 0.39861111111111114 0.0296875
43 0.5527777777777778 0.58125 0.0 0.0
38 0.5138888888888888 0.56328125 0.0 0.0
475 0.7520833333333333 0.59609375 0.47638888888888886 0.065625
43 0.7520833333333333 0.66171875 0.39861111111111114 0.0296875
43 0.5527777777777778 0.646875 0.0 0.0
38 0.5138888888888888 0.62890625 0.0 0.0
475 0.7520833333333333 0.66171875 0.47638888888888886 0.065625
43 0.7520833333333333 0.72734375 0.39861111111111114 0.0296875
43 0.5527777777777778 0.7125 0.0 0.0
38 0.5138888888888888 0.69453125 0.0 0.0
475 0.7520833333333333 0.72734375 0.47638888888888886 0.065625
43 0.7520833333333333 0.79296875 0.39861111111111114 0.0296875
43 0.5527777777777778 0.778125 0.0 0.0
38 0.5138888888888888 0.76015625 0.0 0.0
475 0.7520833333333333 0.79296875 0.47638888888888886 0.065625
731 0.7520833333333333 0.43203125 0.47638888888888886 0.7875
