0 0.0 0.0 0.0 0.0
6 0.19756944444444444 0.0771484375 0.34652777777777777 0.041796875
6 0.8944444444444445 0.0328125 0.0 0.0
16 0.9472222222222222 0.07734375 0.10555555555555556 0.0890625
50 0.5 0.07734375 1.0 0.0890625
117 0.5 0.1560546875 0.7777777777777778 0.068359375
16 0.5 0.1560546875 1.0 0.068359375
16 0.24965277777777778 0.3037109375 0.2673611111111111 0.177734375
7 0.24930555555555556 0.37890625 0.20972222222222223 0.02734375
16 0.7496527777777777 0.3037109375 0.2673611111111111 0.177734375
7 0.7496527777777777 0.37890625 0.17708333333333334 0.02734375
16 0.24965277777777778 0.5087890625 0.2673611111111111 0.177734375
7 0.24930555555555556 0.583984375 0.2013888888888889 0.02734375
16 0.7496527777777777 0.5087890625 0.2673611111111111 0.177734375
7 0.7493055555555556 0.583984375 0.21944444444444444 0.02734375
16 0.24965277777777778 0.7138671875 0.2673611111111111 0.177734375
7 0.24965277777777778 0.7890625 0.19652777777777777 0.02734375
16 0.5 0.5677734375 1.0 0.733203125
5 0.5 0.4671875 1.0 0.934375
