8 0.5 0.51640625 1.0 0.8359375
19 0.0 0.0984375 0.0 0.0
7 0.5 0.48203125 1.0 0.0890625
112 0.5 0.9001953125 1.0 0.068359375
57 0.0 0.0328125 0.0 0.0
54 0.07604166666666666 0.065625 0.11180555555555556 0.065625
7 0.23229166666666667 0.0544921875 0.20069444444444445 0.033203125
16 0.30694444444444446 0.0654296875 0.35 0.055078125
16 0.25104166666666666 0.065625 0.4618055555555556 0.065625
143 0.7958333333333333 0.065625 0.1361111111111111 0.065625
91 0.9319444444444445 0.065625 0.1361111111111111 0.065625
56 0.5 0.065625 1.0 0.065625
56 0.0 0.0 0.0 0.0
53 0.5 0.4671875 1.0 0.934375
