17 0.0 0.0328125 0.0 0.0
732 0.5 0.1720703125 0.9027777777777778 0.116015625
38 0.2309027777777778 0.3408203125 0.3645833333333333 0.205078125
733 0.2309027777777778 0.42421875 0.32569444444444445 0.03828125
732 0.7017361111111111 0.2736328125 0.49930555555555556 0.051171875
733 0.7017361111111111 0.31640625 0.49930555555555556 0.02578125
732 0.7017361111111111 0.3775390625 0.49930555555555556 0.051171875
733 0.7017361111111111 0.4203125 0.49930555555555556 0.02578125
8 0.7017361111111111 0.3408203125 0.49930555555555556 0.205078125
19 0.5 0.4953125 0.9027777777777778 0.04921875
732 0.3423611111111111 0.5564453125 0.25555555555555554 0.051171875
733 0.6371527777777778 0.5640625 0.2951388888888889 0.02578125
16 0.5 0.5564453125 0.9027777777777778 0.051171875
8 0.5 0.355078125 1.0 0.64453125
44 0.11041666666666666 0.788671875 0.15555555555555556 0.0875
733 0.11041666666666666 0.853515625 0.09722222222222222 0.02578125
16 0.11076388888888888 0.805859375 0.21180555555555555 0.25703125
44 0.3576388888888889 0.77578125 0.23333333333333334 0.13125
733 0.3576388888888889 0.8755859375 0.23333333333333334 0.051953125
16 0.3579861111111111 0.805859375 0.2826388888888889 0.25703125
44 0.6409722222222223 0.77578125 0.23333333333333334 0.13125
733 0.6409722222222223 0.8755859375 0.23333333333333334 0.051953125
16 0.6409722222222223 0.805859375 0.2833333333333333 0.25703125
44 0.8888888888888888 0.788671875 0.15555555555555556 0.0875
733 0.8885416666666667 0.853515625 0.10902777777777778 0.02578125
16 0.8888888888888888 0.805859375 0.2125 0.25703125
16 0.5 0.805859375 1.0 0.25703125
139 0.5 0.48359375 1.0 0.9015625
4 0.5 0.9671875 1.0 0.065625
4 0.5 0.01640625 1.0 0.0328125
5 0.5 0.5 1.0 1.0
