8 0.5 0.48359375 1.0 0.9015625
19 0.5 0.445703125 0.11666666666666667 0.065625
6 0.0 0.0328125 0.0 0.0
50 0.9194444444444444 0.5919921875 0.14722222222222223 0.105078125
50 0.9194444444444444 0.6970703125 0.14722222222222223 0.105078125
7 0.9569444444444445 0.66484375 0.05694444444444444 0.03203125
50 0.9194444444444444 0.8021484375 0.14722222222222223 0.105078125
7 0.9569444444444445 0.769921875 0.05694444444444444 0.03203125
114 0.8388888888888889 0.535546875 0.0 0.0
16 0.9194444444444444 0.6970703125 0.16111111111111112 0.323046875
7 0.4131944444444444 0.7330078125 0.7527777777777778 0.022265625
7 0.4131944444444444 0.7775390625 0.7527777777777778 0.022265625
8 0.4131944444444444 0.8328125 0.7527777777777778 0.04375
734 0.23993055555555556 0.8328125 0.40625 0.04375
7 0.7729166666666667 0.8326171875 0.03333333333333333 0.022265625
16 0.4131944444444444 0.7771484375 0.8263888888888888 0.162890625
114 0.1 0.896484375 0.2 0.07578125
114 0.3 0.896484375 0.2 0.07578125
114 0.5 0.896484375 0.2 0.07578125
114 0.7 0.896484375 0.2 0.07578125
114 0.9 0.896484375 0.2 0.07578125
16 0.5 0.896484375 1.0 0.07578125
5 0.5 0.4671875 1.0 0.934375
