6 0.0 0.0328125 0.0 0.0
114 0.7496527777777777 0.375390625 0.3368055555555556 0.07109375
114 0.27326388888888886 0.375390625 0.3368055555555556 0.07109375
114 0.29375 0.64140625 0.37222222222222223 0.22265625
114 0.7201388888888889 0.64140625 0.37222222222222223 0.22265625
6 0.4965277777777778 0.7765625 0.175 0.028125
6 0.496875 0.181640625 0.7048611111111112 0.07109375
8 0.5 0.48359375 1.0 0.9015625
484 0.5 0.9001953125 0.7777777777777778 0.068359375
4 0.5 0.9671875 1.0 0.065625
4 0.5 0.01640625 1.0 0.0328125
5 0.5 0.5 1.0 1.0
