0 0.0 0.0 0.0 0.0
7 0.4996527777777778 0.0328125 0.004861111111111111 0.065625
6 0.5 0.23671875 0.7777777777777778 0.328125
114 0.5 0.4046875 0.09722222222222222 0.0546875
114 0.3784722222222222 0.4046875 0.09722222222222222 0.0546875
114 0.6215277777777778 0.4046875 0.09722222222222222 0.0546875
7 0.30416666666666664 0.0328125 0.3861111111111111 0.065625
7 0.6954861111111111 0.0328125 0.38680555555555557 0.065625
7 0.5 0.459375 0.7680555555555556 0.0546875
7 0.5 0.5140625 0.7680555555555556 0.04375
7 0.5 0.5822265625 0.7680555555555556 0.092578125
8 0.5 0.3142578125 1.0 0.628515625
5 0.5 0.4671875 1.0 0.934375
114 0.4996527777777778 0.0412109375 0.12152777777777778 0.068359375
114 0.365625 0.0412109375 0.12152777777777778 0.068359375
114 0.6336805555555556 0.0412109375 0.12152777777777778 0.068359375
114 0.4996527777777778 0.1029296875 0.65625 0.041015625
7 0.5 0.1642578125 0.975 0.041015625
7 0.5 0.206640625 0.24305555555555555 0.03828125
7 0.24444444444444444 0.206640625 0.24305555555555555 0.03828125
7 0.7555555555555555 0.206640625 0.24305555555555555 0.03828125
7 0.5 0.2626953125 0.24305555555555555 0.068359375
7 0.24444444444444444 0.2626953125 0.24305555555555555 0.068359375
7 0.7555555555555555 0.2626953125 0.24305555555555555 0.068359375
7 0.5 0.31875 0.975 0.03828125
7 0.5 0.3591796875 0.9902777777777778 0.037109375
114 0.9510416666666667 0.8388671875 0.07291666666666667 0.041015625
8 0.5 0.470703125 1.0 0.92734375
112 0.5 0.9001953125 0.7777777777777778 0.068359375
646 0.5 0.9001953125 1.0 0.068359375
