17 0.0 0.0 0.0 0.0
43 0.3298611111111111 0.0380859375 0.30972222222222223 0.036328125
44 0.06805555555555555 0.03828125 0.1361111111111111 0.0765625
173 0.9513888888888888 0.03828125 0.09722222222222222 0.065625
80 0.5 0.03828125 1.0 0.0765625
38 0.0 0.0765625 0.0 0.0
16 0.5 0.10390625 1.0 0.0546875
35 0.5 0.50546875 1.0 0.8578125
71 0.5 0.8625 0.20694444444444443 0.11640625
44 0.029166666666666667 0.78046875 0.058333333333333334 0.10234375
8 0.029166666666666667 0.4671875 0.058333333333333334 0.934375
71 0.5 0.15859375 0.24305555555555555 0.13671875
8 0.5 0.1791015625 1.0 0.205078125
7 0.21284722222222222 0.308984375 0.40208333333333335 0.028125
736 0.5 0.308984375 1.0 0.0546875
7 0.46458333333333335 0.3751953125 0.9055555555555556 0.048046875
6 0.9586805555555555 0.3744140625 0.059027777777777776 0.033203125
736 0.5 0.3751953125 1.0 0.074609375
7 0.46458333333333335 0.4736328125 0.9055555555555556 0.092578125
6 0.9586805555555555 0.4505859375 0.059027777777777776 0.033203125
736 0.5 0.4736328125 1.0 0.119140625
7 0.46458333333333335 0.5720703125 0.9055555555555556 0.048046875
6 0.9586805555555555 0.5712890625 0.059027777777777776 0.033203125
736 0.5 0.5720703125 1.0 0.074609375
7 0.46458333333333335 0.6482421875 0.9055555555555556 0.048046875
6 0.9586805555555555 0.6474609375 0.059027777777777776 0.033203125
736 0.5 0.6482421875 1.0 0.074609375
7 0.46458333333333335 0.7244140625 0.9055555555555556 0.048046875
6 0.9586805555555555 0.7236328125 0.059027777777777776 0.033203125
736 0.5 0.7244140625 1.0 0.074609375
7 0.46458333333333335 0.8228515625 0.9055555555555556 0.092578125
6 0.9586805555555555 0.7998046875 0.059027777777777776 0.033203125
736 0.5 0.8228515625 1.0 0.119140625
736 0.5 0.9091796875 1.0 0.050390625
6 0.9586805555555555 0.919140625 0.059027777777777776 0.03046875
8 0.5 0.6080078125 1.0 0.652734375
5 0.5 0.5 1.0 1.0
4 0.5 0.9671875 1.0 0.065625
