120 0.0 0.0 0.0 0.0
7 0.2152777777777778 0.0708984375 0.1388888888888889 0.036328125
52 0.06805555555555555 0.07109375 0.1361111111111111 0.0765625
45 1.0 0.07109375 0.0 0.0765625
80 0.5 0.07109375 1.0 0.0765625
43 0.5 0.1765625 0.6138888888888889 0.04375
43 0.5 0.2404296875 0.8388888888888889 0.048046875
16 0.5 0.19375 1.0 0.14140625
43 0.20381944444444444 0.3142578125 0.36319444444444443 0.033203125
71 0.8930555555555556 0.3140625 0.11666666666666667 0.0328125
8 0.50625 0.3142578125 0.9680555555555556 0.033203125
6 0.17291666666666666 0.459375 0.2972222222222222 0.21875
43 0.17291666666666666 0.632421875 0.28194444444444444 0.02578125
43 0.17291666666666666 0.665234375 0.28194444444444444 0.02578125
41 0.17291666666666666 0.5162109375 0.30694444444444446 0.337890625
6 0.4996527777777778 0.459375 0.29791666666666666 0.21875
43 0.4996527777777778 0.632421875 0.2826388888888889 0.02578125
43 0.4996527777777778 0.665234375 0.2826388888888889 0.02578125
41 0.4996527777777778 0.5162109375 0.3076388888888889 0.337890625
6 0.8267361111111111 0.459375 0.29791666666666666 0.21875
43 0.8267361111111111 0.632421875 0.2826388888888889 0.02578125
43 0.8267361111111111 0.665234375 0.2826388888888889 0.02578125
41 0.8267361111111111 0.5162109375 0.3076388888888889 0.337890625
16 0.5 0.5162109375 0.9805555555555555 0.348828125
41 0.17291666666666666 0.815234375 0.30694444444444446 0.23828125
43 0.17291666666666666 0.9513671875 0.28194444444444444 0.033984375
41 0.4996527777777778 0.815234375 0.3076388888888889 0.23828125
43 0.4996527777777778 0.9513671875 0.2826388888888889 0.033984375
41 0.8267361111111111 0.815234375 0.3076388888888889 0.23828125
43 0.8267361111111111 0.9513671875 0.2826388888888889 0.033984375
16 0.5 0.8125 0.9805555555555555 0.24375
16 0.5 0.6001953125 1.0 0.668359375
455 0.5 0.521875 1.0 0.825
43 0.0 0.109375 0.0 0.0
19 0.5 0.521875 0.11666666666666667 0.065625
16 0.0 0.521875 0.0 0.825
446 0.5 0.4671875 1.0 0.934375
4 0.5 0.9671875 1.0 0.065625
4 0.5 0.01640625 1.0 0.0328125
