737 0.5 0.0765625 1.0 0.0875
4 0.16666666666666666 0.1498046875 0.3333333333333333 0.058984375
4 0.5 0.1498046875 0.3333333333333333 0.058984375
4 0.8333333333333334 0.1498046875 0.3333333333333333 0.058984375
737 0.5 0.1640625 1.0 0.0875
6 0.5 0.4798828125 1.0 0.172265625
16 0.5 0.615625 1.0 0.0875
7 0.4996527777777778 0.64140625 0.3770833333333333 0.04765625
16 0.5 0.703125 1.0 0.0875
684 0.5 0.5568359375 1.0 0.326171875
88 0.5 0.5568359375 1.0 0.755078125
106 1.0 0.5568359375 0.0 0.755078125
684 1.0 0.179296875 0.0 0.0
738 0.5 0.48359375 1.0 0.9015625
16 0.0 0.1203125 0.0 0.0
19 0.0 0.0328125 0.0 0.0
56 0.5 0.01640625 1.0 0.0328125
4 0.0 0.48359375 0.0 0.9015625
6 0.0875 0.0765625 0.09722222222222222 0.0546875
7 0.5472222222222223 0.073828125 0.75 0.0296875
6 0.0875 0.1640625 0.09722222222222222 0.0546875
7 0.5472222222222223 0.161328125 0.75 0.0296875
6 0.0875 0.2515625 0.09722222222222222 0.0546875
7 0.5472222222222223 0.248828125 0.75 0.0296875
737 0.5 0.2515625 1.0 0.0875
414 0.5 0.9234375 1.0 0.021875
4 0.5 0.200390625 1.0 0.33515625
4 0.5 0.3748046875 1.0 0.013671875
16 0.0 0.381640625 0.0 0.0
52 0.07048611111111111 0.42265625 0.10208333333333333 0.06015625
739 0.5020833333333333 0.42265625 0.7222222222222222 0.08203125
52 0.9315972222222222 0.42265625 0.13680555555555557 0.08203125
16 0.5 0.42265625 1.0 0.08203125
414 0.5 0.4748046875 1.0 0.019140625
414 0.03333333333333333 0.528125 0.06666666666666667 0.0875
740 0.2107638888888889 0.51484375 0.022916666666666665 0.03515625
7 0.19027777777777777 0.5478515625 0.0 0.022265625
741 0.2111111111111111 0.528125 0.28888888888888886 0.0875
740 0.4996527777777778 0.5146484375 0.04097222222222222 0.035546875
741 0.5 0.528125 0.28888888888888886 0.0875
740 0.7885416666666667 0.5146484375 0.03958333333333333 0.036328125
741 0.7888888888888889 0.528125 0.28888888888888886 0.0875
414 0.9666666666666667 0.528125 0.06666666666666667 0.0875
16 0.5 0.528125 1.0 0.0875
414 0.03333333333333333 0.615625 0.06666666666666667 0.0875
740 0.2111111111111111 0.60234375 0.044444444444444446 0.03515625
741 0.2111111111111111 0.615625 0.28888888888888886 0.0875
740 0.4996527777777778 0.60234375 0.03819444444444445 0.0359375
741 0.5 0.615625 0.28888888888888886 0.0875
740 0.7888888888888889 0.6021484375 0.03888888888888889 0.036328125
7 0.7888888888888889 0.6357421875 0.06666666666666667 0.022265625
741 0.7888888888888889 0.615625 0.28888888888888886 0.0875
414 0.9666666666666667 0.615625 0.06666666666666667 0.0875
414 0.03333333333333333 0.703125 0.06666666666666667 0.0875
740 0.21041666666666667 0.68984375 0.041666666666666664 0.03515625
7 0.2107638888888889 0.7228515625 0.07430555555555556 0.022265625
741 0.2111111111111111 0.703125 0.28888888888888886 0.0875
740 0.49930555555555556 0.6896484375 0.04027777777777778 0.036328125
741 0.5 0.703125 0.28888888888888886 0.0875
740 0.7881944444444444 0.68984375 0.03888888888888889 0.0359375
7 0.7885416666666667 0.7232421875 0.07847222222222222 0.022265625
741 0.7888888888888889 0.703125 0.28888888888888886 0.0875
414 0.9666666666666667 0.703125 0.06666666666666667 0.0875
414 0.03333333333333333 0.790625 0.06666666666666667 0.0875
740 0.2107638888888889 0.7814453125 0.035416666666666666 0.019921875
741 0.2111111111111111 0.790625 0.28888888888888886 0.0875
740 0.5 0.7787109375 0.03888888888888889 0.036328125
741 0.5 0.790625 0.28888888888888886 0.0875
740 0.7885416666666667 0.781640625 0.03125 0.02265625
741 0.7888888888888889 0.790625 0.28888888888888886 0.0875
414 0.9666666666666667 0.790625 0.06666666666666667 0.0875
16 0.5 0.790625 1.0 0.0875
414 0.5 0.87890625 1.0 0.0890625
16 0.5 0.70390625 1.0 0.4390625
742 0.5 0.6580078125 1.0 0.552734375
50 0.5 0.87421875 0.1361111111111111 0.0765625
50 0.39305555555555555 0.0328125 0.0 0.0
6 0.08263888888888889 0.0041015625 0.06805555555555555 0.008203125
7 0.5267361111111111 0.0009765625 0.69375 0.001953125
52 0.9173611111111111 0.0041015625 0.06805555555555555 0.008203125
55 1.0 0.0109375 0.0 0.021875
5 0.5 0.5 1.0 1.0
