743 0.0 0.0984375 0.0 0.0
744 0.16770833333333332 0.127734375 0.3284722222222222 0.0546875
744 0.6677083333333333 0.127734375 0.6576388888888889 0.0546875
745 0.5 0.127734375 1.0 0.05859375
746 0.5 0.90703125 1.0 0.0546875
747 0.3954861111111111 0.90703125 0.7909722222222222 0.0546875
748 0.7934027777777778 0.90703125 0.004861111111111111 0.0546875
746 0.9003472222222222 0.90703125 0.19930555555555557 0.0546875
749 0.07326388888888889 0.1982421875 0.07291666666666667 0.041015625
748 0.4753472222222222 0.1982421875 0.6826388888888889 0.021484375
749 0.03680555555555556 0.177734375 0.0 0.0
748 0.9020833333333333 0.198046875 0.12222222222222222 0.01640625
750 0.5 0.1982421875 0.9263888888888889 0.041015625
748 0.5 0.269140625 0.9263888888888889 0.059375
748 0.0 0.15703125 0.0 0.0
751 0.5 0.23828125 1.0 0.1625
749 0.07326388888888889 0.3744140625 0.07291666666666667 0.041015625
748 0.4753472222222222 0.3744140625 0.6826388888888889 0.021484375
749 0.03680555555555556 0.35390625 0.0 0.0
748 0.9020833333333333 0.37421875 0.12222222222222222 0.01640625
750 0.5 0.3744140625 0.9263888888888889 0.041015625
748 0.5 0.5548828125 0.9263888888888889 0.278515625
19 0.0 0.333203125 0.0 0.0
751 0.5 0.5240234375 1.0 0.381640625
749 0.07326388888888889 0.7697265625 0.07291666666666667 0.041015625
748 0.46979166666666666 0.7697265625 0.6715277777777777 0.021484375
749 0.03680555555555556 0.74921875 0.0 0.0
748 0.8965277777777778 0.76953125 0.13333333333333333 0.01640625
750 0.5 0.7697265625 0.9263888888888889 0.041015625
748 0.5 0.841796875 0.9263888888888889 0.06171875
19 0.0 0.728515625 0.0 0.0
751 0.5 0.8005859375 1.0 0.144140625
752 0.5 0.545703125 1.0 0.77734375
19 0.5 0.545703125 0.11666666666666667 0.065625
747 1.0 0.90703125 0.0 0.0546875
750 1.0 0.545703125 0.0 0.77734375
750 0.5 0.51640625 1.0 0.8359375
54 0.0 0.0328125 0.0 0.0
55 1.0 0.065625 0.0 0.065625
16 0.024305555555555556 0.065625 0.04861111111111111 0.0140625
7 0.353125 0.065625 0.6090277777777777 0.02421875
56 0.5 0.065625 1.0 0.065625
16 0.5 0.065625 0.0 0.0
53 0.5 0.4671875 1.0 0.934375
