753 0.0 0.0328125 0.0 0.0
7 0.3038194444444444 0.0619140625 0.6076388888888888 0.058203125
7 0.3038194444444444 0.1216796875 0.6076388888888888 0.058203125
7 0.3038194444444444 0.1814453125 0.6076388888888888 0.058203125
7 0.3038194444444444 0.2412109375 0.6076388888888888 0.058203125
16 0.3038194444444444 0.1515625 0.6076388888888888 0.2375
114 0.3038194444444444 0.295703125 0.6076388888888888 0.04765625
114 0.3038194444444444 0.344921875 0.6076388888888888 0.04765625
114 0.3038194444444444 0.394140625 0.6076388888888888 0.04765625
114 0.3038194444444444 0.443359375 0.6076388888888888 0.04765625
114 0.3038194444444444 0.492578125 0.6076388888888888 0.04765625
114 0.3038194444444444 0.541796875 0.6076388888888888 0.04765625
114 0.3038194444444444 0.591015625 0.6076388888888888 0.04765625
114 0.3038194444444444 0.640234375 0.6076388888888888 0.04765625
114 0.3038194444444444 0.689453125 0.6076388888888888 0.04765625
114 0.3038194444444444 0.738671875 0.6076388888888888 0.04765625
114 0.3038194444444444 0.787890625 0.6076388888888888 0.04765625
114 0.3038194444444444 0.8693359375 0.6076388888888888 0.013671875
10 0.3038194444444444 0.5732421875 0.6076388888888888 0.605859375
7 0.3038194444444444 0.9052734375 0.6076388888888888 0.058203125
8 0.3038194444444444 0.48359375 0.6076388888888888 0.9015625
50 0.06944444444444445 0.0642578125 0.1388888888888889 0.062890625
7 0.2503472222222222 0.0513671875 0.22291666666666668 0.033203125
7 0.26979166666666665 0.080859375 0.26180555555555557 0.02578125
16 0.5329861111111112 0.0642578125 0.7881944444444444 0.058984375
7 0.5 0.0642578125 0.0 0.033203125
50 0.9635416666666666 0.0640625 0.07291666666666667 0.0
754 0.5 0.0642578125 1.0 0.062890625
224 0.1125 0.1216796875 0.18611111111111112 0.041015625
50 0.26284722222222223 0.1216796875 0.11458333333333333 0.051953125
52 0.20555555555555555 0.095703125 0.0 0.0
16 0.16006944444444443 0.1216796875 0.32013888888888886 0.051953125
7 0.7892361111111111 0.1232421875 0.07847222222222222 0.022265625
755 0.8555555555555555 0.1232421875 0.25 0.044140625
6 0.9423611111111111 0.123046875 0.0375 0.015625
8 0.5 0.15078125 1.0 0.0
19 0.5 0.346875 0.11666666666666667 0.065625
19 0.0 0.15078125 0.0 0.0
88 0.5 0.3470703125 1.0 0.392578125
114 0.51875 0.5828125 0.5083333333333333 0.06796875
114 0.0 0.543359375 0.0 0.0
16 0.5 0.5828125 1.0 0.07890625
8 0.5 0.657421875 1.0 0.0671875
52 0.08159722222222222 0.657421875 0.12430555555555556 0.0453125
7 0.5 0.657421875 0.7125 0.03515625
52 0.9184027777777778 0.657421875 0.12430555555555556 0.0453125
756 0.5 0.4208984375 1.0 0.540234375
206 0.5 0.542578125 1.0 0.78359375
5 0.5 0.4671875 1.0 0.934375
