36 0.0 0.0328125 0.0 0.0
43 0.4951388888888889 0.138671875 0.9902777777777778 0.02578125
144 0.4951388888888889 0.1998046875 0.9513888888888888 0.033203125
16 0.4951388888888889 0.2390625 0.9513888888888888 0.0015625
144 0.4951388888888889 0.2783203125 0.9513888888888888 0.033203125
16 0.4951388888888889 0.2390625 0.9902777777777778 0.15546875
16 0.4951388888888889 0.317578125 0.9902777777777778 0.0015625
43 0.4951388888888889 0.375 0.9902777777777778 0.02578125
145 0.4951388888888889 0.43046875 0.9513888888888888 0.04375
16 0.4951388888888889 0.4640625 0.9902777777777778 0.0015625
757 0.0 0.117578125 0.0 0.0
16 0.4951388888888889 0.3021484375 0.9902777777777778 0.369140625
146 0.5 0.4671875 1.0 0.715625
44 0.24305555555555555 0.84609375 0.4861111111111111 0.0421875
16 0.5 0.9015625 1.0 0.065625
71 0.25 0.9015625 0.5 0.065625
71 0.75 0.9015625 0.5 0.065625
42 0.5 0.48359375 1.0 0.9015625
7 0.27118055555555554 0.0708984375 0.46458333333333335 0.036328125
45 1.0 0.07109375 0.0 0.0765625
46 0.5 0.07109375 1.0 0.0765625
5 0.5 0.5 1.0 1.0
4 0.5 0.9671875 1.0 0.065625
4 0.5 0.01640625 1.0 0.0328125
