0 0.0 0.0 0.0 0.0
52 0.058333333333333334 0.0328125 0.11666666666666667 0.065625
7 0.5 0.0328125 0.0 0.04375
52 0.9416666666666667 0.0328125 0.11666666666666667 0.065625
8 0.5 0.0328125 1.0 0.065625
7 0.0 0.746875 0.0 0.0
16 0.5 0.7626953125 1.0 0.031640625
51 0.5 0.757421875 0.75 0.02109375
52 0.18888888888888888 0.822265625 0.15555555555555556 0.0875
52 0.34444444444444444 0.822265625 0.15555555555555556 0.0875
52 0.5 0.822265625 0.15555555555555556 0.0875
52 0.6555555555555556 0.822265625 0.15555555555555556 0.0875
52 0.8111111111111111 0.822265625 0.15555555555555556 0.0875
16 0.5 0.822265625 1.0 0.0875
117 0.5 0.9001953125 0.7777777777777778 0.068359375
5 0.5 0.4671875 1.0 0.934375
