43 0.06388888888888888 0.22578125 0.0 0.0
48 0.5 0.2685546875 0.7555555555555555 0.036328125
16 0.5 0.25625 0.8722222222222222 0.0609375
43 0.4392361111111111 0.3341796875 0.7020833333333333 0.040234375
43 0.8510416666666667 0.3365234375 0.12152777777777778 0.033203125
16 0.5 0.3341796875 0.8722222222222222 0.067578125
71 0.209375 0.405078125 0.27569444444444446 0.065625
71 0.5003472222222223 0.405078125 0.27569444444444446 0.065625
71 0.7909722222222222 0.405078125 0.275 0.065625
16 0.5 0.405078125 0.8722222222222222 0.07421875
71 0.209375 0.479296875 0.27569444444444446 0.065625
71 0.5003472222222223 0.479296875 0.27569444444444446 0.065625
71 0.7909722222222222 0.479296875 0.275 0.065625
16 0.5 0.479296875 0.8722222222222222 0.07421875
71 0.209375 0.553515625 0.27569444444444446 0.065625
71 0.5003472222222223 0.553515625 0.27569444444444446 0.065625
71 0.7909722222222222 0.553515625 0.275 0.065625
16 0.5 0.553515625 0.8722222222222222 0.07421875
71 0.209375 0.627734375 0.27569444444444446 0.065625
71 0.5003472222222223 0.627734375 0.27569444444444446 0.065625
71 0.7909722222222222 0.627734375 0.275 0.065625
16 0.5 0.627734375 0.8722222222222222 0.07421875
16 0.5 0.51640625 0.8722222222222222 0.296875
16 0.5 0.47578125 0.8722222222222222 0.378125
71 0.06388888888888888 0.66484375 0.0 0.0
414 0.328125 0.7359375 0.4701388888888889 0.0
71 0.6572916666666667 0.703125 0.18819444444444444 0.065625
71 0.8291666666666667 0.703125 0.15555555555555556 0.065625
47 0.5 0.703125 0.8722222222222222 0.0765625
16 0.5 0.48359375 0.8722222222222222 0.515625
5 0.5 0.48359375 0.95 0.559375
