17 0.0 0.0328125 0.0 0.0
7 0.26840277777777777 0.0708984375 0.24513888888888888 0.036328125
52 0.06805555555555555 0.07109375 0.1361111111111111 0.0765625
173 0.9513888888888888 0.07109375 0.09722222222222222 0.065625
80 0.5 0.07109375 1.0 0.0765625
50 0.5 0.4876953125 1.0 0.756640625
19 0.5 0.4875 0.11666666666666667 0.065625
43 0.0 0.109375 0.0 0.0
195 0.5 0.9001953125 0.7777777777777778 0.068359375
196 0.5 0.9001953125 1.0 0.068359375
34 0.5 0.48359375 1.0 0.9015625
4 0.5 0.9671875 1.0 0.065625
4 0.5 0.01640625 1.0 0.0328125
5 0.5 0.5 1.0 1.0
