7 0.0 0.0328125 0.0 0.0
7 0.7736111111111111 0.0697265625 0.4041666666666667 0.033203125
6 0.07361111111111111 0.06953125 0.09861111111111111 0.05390625
761 0.5 0.0697265625 1.0 0.073828125
7 0.2673611111111111 0.1357421875 0.49027777777777776 0.033203125
177 0.5 0.1921875 0.9555555555555556 0.065625
7 0.5 0.525390625 0.6916666666666667 0.60078125
16 0.5 0.479296875 0.975 0.73125
114 0.25 0.8931640625 0.475 0.068359375
114 0.75 0.8931640625 0.475 0.068359375
16 0.5 0.8931640625 1.0 0.082421875
5 0.5 0.4671875 1.0 0.934375
