22 0.0 0.0 0.0 0.0
760 0.5 0.4671875 1.0 0.934375
38 0.6357638888888889 0.2236328125 0.09652777777777778 0.058203125
38 0.4059027777777778 0.335546875 0.04375 0.02890625
38 0.1625 0.272265625 0.125 0.15546875
38 0.30625 0.272265625 0.125 0.15546875
38 0.50625 0.272265625 0.125 0.15546875
50 0.023958333333333335 0.4671875 0.04791666666666667 0.934375
43 0.3638888888888889 0.1708984375 0.35138888888888886 0.028515625
50 0.3642361111111111 0.092578125 0.6326388888888889 0.18515625
50 0.3642361111111111 0.18984375 0.6326388888888889 0.009375
19 0.3642361111111111 0.2603515625 0.17152777777777778 0.096484375
43 0.3638888888888889 0.209375 0.0 0.0296875
8 0.3642361111111111 0.282421875 0.6326388888888889 0.17578125
8 0.3642361111111111 0.65234375 0.6326388888888889 0.5640625
16 0.3642361111111111 0.4671875 0.6326388888888889 0.934375
50 0.8402777777777778 0.4671875 0.3194444444444444 0.934375
43 0.5 0.1595703125 0.6069444444444444 0.319140625
38 0.5 0.6267578125 0.5 0.342578125
8 0.5 0.6267578125 0.5 0.615234375
38 0.5 0.035546875 1.0 0.07109375
655 0.5 0.0341796875 0.7777777777777778 0.068359375
8 0.5 0.084765625 1.0 0.02734375
4 0.5 0.9671875 1.0 0.065625
