44 0.0 0.0328125 0.0 0.0
43 0.4079861111111111 0.0564453125 0.3298611111111111 0.036328125
44 0.06805555555555555 0.07109375 0.1361111111111111 0.0765625
38 0.20902777777777778 0.0708984375 0.06805555555555555 0.062890625
43 0.28194444444444444 0.0892578125 0.07777777777777778 0.029296875
45 1.0 0.07109375 0.0 0.0765625
80 0.5 0.07109375 1.0 0.0765625
38 0.5 0.121875 1.0 0.025
34 0.5 0.48359375 1.0 0.9015625
117 0.5 0.8974609375 0.7777777777777778 0.068359375
4 0.22777777777777777 0.8974609375 0.23333333333333334 0.068359375
43 0.5583333333333333 0.8974609375 0.42777777777777776 0.068359375
4 0.8305555555555556 0.8974609375 0.11666666666666667 0.068359375
762 0.5 0.2115234375 1.0 0.176953125
43 0.5 0.3294921875 1.0 0.048046875
763 0.0 0.3294921875 0.0 0.048046875
764 0.0 0.2115234375 0.0 0.176953125
19 0.16666666666666666 0.302734375 0.13333333333333333 0.00546875
763 0.16666666666666666 0.3294921875 0.3333333333333333 0.048046875
764 0.16666666666666666 0.2115234375 0.3333333333333333 0.176953125
38 0.0 0.123046875 0.0 0.0
19 0.3333333333333333 0.30546875 0.0 0.0
763 0.5 0.3294921875 0.3333333333333333 0.048046875
764 0.5 0.2142578125 0.3333333333333333 0.182421875
38 0.3333333333333333 0.123046875 0.0 0.0
19 0.8333333333333334 0.302734375 0.13333333333333333 0.00546875
763 0.8333333333333334 0.3294921875 0.3333333333333333 0.048046875
764 0.8333333333333334 0.2115234375 0.3333333333333333 0.176953125
38 0.6666666666666666 0.123046875 0.0 0.0
762 0.5 0.4419921875 1.0 0.176953125
43 0.5 0.5599609375 1.0 0.048046875
19 0.0 0.5359375 0.0 0.0
763 0.16666666666666666 0.5599609375 0.3333333333333333 0.048046875
764 0.16666666666666666 0.4447265625 0.3333333333333333 0.182421875
38 0.0 0.353515625 0.0 0.0
19 0.3333333333333333 0.5359375 0.0 0.0
763 0.5 0.5599609375 0.3333333333333333 0.048046875
764 0.5 0.4447265625 0.3333333333333333 0.182421875
38 0.3333333333333333 0.353515625 0.0 0.0
19 0.8333333333333334 0.5359375 0.13333333333333333 0.0
763 0.8333333333333334 0.5599609375 0.3333333333333333 0.048046875
764 0.8333333333333334 0.4447265625 0.3333333333333333 0.182421875
38 0.6666666666666666 0.353515625 0.0 0.0
762 0.5 0.666015625 1.0 0.1640625
43 0.5 0.7775390625 1.0 0.048046875
19 0.0 0.753515625 0.0 0.0
763 0.16666666666666666 0.7775390625 0.3333333333333333 0.048046875
764 0.16666666666666666 0.66875 0.3333333333333333 0.16953125
38 0.29930555555555555 0.734375 0.058333333333333334 0.0328125
763 0.5 0.7775390625 0.3333333333333333 0.048046875
764 0.5 0.66875 0.3333333333333333 0.16953125
38 0.6326388888888889 0.734375 0.058333333333333334 0.0328125
763 0.8333333333333334 0.7775390625 0.3333333333333333 0.048046875
764 0.8333333333333334 0.66875 0.3333333333333333 0.16953125
38 0.9659722222222222 0.734375 0.058333333333333334 0.0328125
8 0.5 0.4841796875 1.0 0.749609375
44 0.4996527777777778 0.8248046875 0.12152777777777778 0.068359375
50 0.5 0.8248046875 1.0 0.068359375
4 0.8600694444444444 0.48359375 0.007638888888888889 0.9015625
38 0.428125 0.16953125 0.85625 0.2734375
8 0.428125 0.292578125 0.8173611111111111 0.00546875
38 0.7663194444444444 0.0833984375 0.14097222222222222 0.079296875
43 0.7659722222222223 0.1359375 0.10138888888888889 0.02578125
38 0.4479166666666667 0.2642578125 0.04861111111111111 0.040234375
38 0.42777777777777776 0.1439453125 0.19722222222222222 0.106640625
38 0.07777777777777778 0.34453125 0.07777777777777778 0.04375
38 0.7784722222222222 0.34453125 0.07777777777777778 0.04375
43 0.45729166666666665 0.3443359375 0.5645833333333333 0.033203125
8 0.428125 0.34453125 0.85625 0.065625
38 0.07777777777777778 0.41171875 0.07777777777777778 0.04375
38 0.7784722222222222 0.41171875 0.07777777777777778 0.04375
43 0.45729166666666665 0.4115234375 0.5645833333333333 0.033203125
8 0.428125 0.41171875 0.85625 0.065625
38 0.07777777777777778 0.47890625 0.07777777777777778 0.04375
38 0.7784722222222222 0.47890625 0.07777777777777778 0.04375
43 0.45729166666666665 0.4787109375 0.5645833333333333 0.033203125
8 0.428125 0.47890625 0.85625 0.065625
38 0.07777777777777778 0.54609375 0.07777777777777778 0.04375
38 0.7784722222222222 0.54609375 0.07777777777777778 0.04375
43 0.45729166666666665 0.5458984375 0.5645833333333333 0.033203125
8 0.428125 0.54609375 0.85625 0.065625
38 0.07777777777777778 0.61328125 0.07777777777777778 0.04375
38 0.7784722222222222 0.61328125 0.07777777777777778 0.04375
43 0.45729166666666665 0.6130859375 0.5645833333333333 0.033203125
8 0.428125 0.61328125 0.85625 0.065625
38 0.07777777777777778 0.68046875 0.07777777777777778 0.04375
209 0.7597222222222222 0.68046875 0.11527777777777778 0.065625
43 0.43854166666666666 0.6802734375 0.5270833333333333 0.033203125
8 0.428125 0.68046875 0.85625 0.065625
38 0.07777777777777778 0.74765625 0.07777777777777778 0.04375
38 0.7784722222222222 0.74765625 0.07777777777777778 0.04375
43 0.45729166666666665 0.7474609375 0.5645833333333333 0.033203125
8 0.428125 0.74765625 0.85625 0.065625
16 0.428125 0.48359375 0.85625 0.9015625
4 0.5 0.9671875 1.0 0.065625
4 0.5 0.01640625 1.0 0.0328125
5 0.5 0.5 1.0 1.0
