765 0.0 0.0 0.0 0.0
7 0.3302083333333333 0.0708984375 0.36875 0.036328125
52 0.06805555555555555 0.07109375 0.1361111111111111 0.0765625
22 0.8444444444444444 0.07109375 0.11666666666666667 0.065625
568 0.9513888888888888 0.07109375 0.09722222222222222 0.065625
118 0.5 0.10390625 1.0 0.1421875
38 0.0 0.109375 0.0 0.0
43 0.16666666666666666 0.1421875 0.1125 0.02578125
766 0.16666666666666666 0.1421875 0.3333333333333333 0.065625
38 0.3333333333333333 0.109375 0.0 0.0
43 0.5 0.1421875 0.1361111111111111 0.02578125
766 0.5 0.1421875 0.3333333333333333 0.065625
38 0.6666666666666666 0.109375 0.0 0.0
43 0.8329861111111111 0.1421875 0.13680555555555557 0.02578125
766 0.8333333333333334 0.1421875 0.3333333333333333 0.065625
767 0.5 0.1421875 1.0 0.065625
106 0.0 0.5169921875 0.0 0.683984375
768 0.25 0.315625 0.4847222222222222 0.27265625
43 0.15347222222222223 0.5130859375 0.21388888888888888 0.022265625
16 0.25 0.4984375 0.4847222222222222 0.09296875
16 0.25 0.362109375 0.4847222222222222 0.365625
768 0.75 0.315625 0.4847222222222222 0.27265625
43 0.7072916666666667 0.487109375 0.3215277777777778 0.0296875
43 0.6534722222222222 0.5130859375 0.21388888888888888 0.022265625
16 0.75 0.4984375 0.4847222222222222 0.09296875
16 0.75 0.362109375 0.4847222222222222 0.365625
768 0.25 0.68984375 0.4847222222222222 0.27265625
43 0.15347222222222223 0.867578125 0.21388888888888888 0.0171875
16 0.25 0.842578125 0.4847222222222222 0.0328125
768 0.75 0.68984375 0.4847222222222222 0.27265625
43 0.66875 0.867578125 0.24444444444444444 0.0171875
16 0.75 0.842578125 0.4847222222222222 0.0328125
106 0.5 0.5169921875 1.0 0.683984375
38 0.0 0.175 0.0 0.0
769 0.5 0.48359375 1.0 0.9015625
18 0.5 0.2583984375 1.0 0.451171875
4 0.46111111111111114 0.07109375 0.65 0.0765625
38 0.15763888888888888 0.573828125 0.25277777777777777 0.1421875
43 0.1673611111111111 0.6841796875 0.23333333333333334 0.022265625
106 0.5 0.6001953125 1.0 0.205078125
38 0.07326388888888889 0.7767578125 0.12152777777777778 0.068359375
43 0.4513888888888889 0.792578125 0.5611111111111111 0.0265625
770 0.8145833333333333 0.775390625 0.11666666666666667 0.065625
38 0.9388888888888889 0.7765625 0.08333333333333333 0.046875
8 0.50625 0.7767578125 0.9875 0.068359375
106 0.5 0.671484375 1.0 0.375
38 0.5 0.8966796875 1.0 0.075390625
43 0.4996527777777778 0.956640625 0.22291666666666668 0.04453125
43 0.0 0.858984375 0.0 0.0
768 0.06701388888888889 0.8966796875 0.13402777777777777 0.075390625
16 0.5670138888888889 0.8904296875 0.8659722222222223 0.062890625
43 0.2152777777777778 0.8837890625 0.10416666666666667 0.027734375
43 0.26666666666666666 0.909765625 0.20694444444444443 0.02421875
771 0.9267361111111111 0.8966796875 0.05625 0.031640625
38 0.9708333333333333 0.04921875 0.019444444444444445 0.0109375
38 0.0 0.1421875 0.0 0.284375
16 0.0 0.245703125 0.0 0.07734375
82 0.0 0.328125 0.0 0.065625
82 0.0 0.39375 0.0 0.065625
82 0.0 0.459375 0.0 0.065625
82 0.0 0.525 0.0 0.065625
50 0.0 0.56953125 0.0 0.0234375
82 0.0 0.6140625 0.0 0.065625
82 0.0 0.6796875 0.0 0.065625
82 0.0 0.7453125 0.0 0.065625
113 0.0 0.4671875 0.0 0.934375
5 0.5 0.5 1.0 1.0
4 0.5 0.9671875 1.0 0.065625
4 0.5 0.01640625 1.0 0.0328125
