17 0.0 0.0328125 0.0 0.0
38 0.09722222222222222 0.0765625 0.11666666666666667 0.065625
43 0.44166666666666665 0.0763671875 0.5722222222222222 0.060546875
772 0.03888888888888889 0.04375 0.0 0.0
38 0.7861111111111111 0.0765625 0.11666666666666667 0.065625
38 0.9027777777777778 0.0765625 0.11666666666666667 0.065625
38 0.7277777777777777 0.04375 0.0 0.0
773 0.5 0.0765625 0.9222222222222223 0.065625
38 0.0 0.109375 0.0 0.0
43 0.16631944444444444 0.1421875 0.14097222222222222 0.02421875
243 0.16666666666666666 0.1421875 0.3333333333333333 0.065625
38 0.3333333333333333 0.109375 0.0 0.0
43 0.5 0.1421875 0.19583333333333333 0.02421875
243 0.5 0.1421875 0.3333333333333333 0.065625
38 0.6666666666666666 0.109375 0.0 0.0
43 0.8329861111111111 0.1421875 0.21875 0.02421875
243 0.8333333333333334 0.1421875 0.3333333333333333 0.065625
118 0.5 0.10390625 1.0 0.1421875
104 0.5 0.175 0.09722222222222222 0.0
43 0.35868055555555556 0.196875 0.6784722222222223 0.021875
116 0.0 0.175 0.0 0.0
8 0.5 0.196875 1.0 0.04375
19 0.0 0.21875 0.0 0.0
43 0.13680555555555557 0.20234375 0.2152777777777778 0.0328125
38 0.12638888888888888 0.2556640625 0.19444444444444445 0.073828125
43 0.4326388888888889 0.2134765625 0.3402777777777778 0.010546875
43 0.37256944444444445 0.2244140625 0.22013888888888888 0.011328125
43 0.3440972222222222 0.2572265625 0.16319444444444445 0.032421875
16 0.5239583333333333 0.24609375 0.5229166666666667 0.0546875
38 0.8826388888888889 0.23828125 0.11666666666666667 0.0390625
43 0.8975694444444444 0.270703125 0.14652777777777778 0.02578125
8 0.5 0.276171875 1.0 0.11484375
43 0.0 0.334375 0.0 0.0
38 0.12638888888888888 0.430078125 0.19444444444444445 0.109375
43 0.35520833333333335 0.3865234375 0.18541666666666667 0.027734375
43 0.4027777777777778 0.411328125 0.28055555555555556 0.021875
43 0.34375 0.4494140625 0.1625 0.032421875
16 0.5388888888888889 0.419140625 0.5527777777777778 0.09296875
38 0.9125 0.430078125 0.11666666666666667 0.065625
43 0.8541666666666666 0.397265625 0.0 0.0
8 0.5 0.430078125 1.0 0.19140625
43 0.0 0.5265625 0.0 0.0
38 0.12638888888888888 0.622265625 0.19444444444444445 0.109375
43 0.46979166666666666 0.5787109375 0.41458333333333336 0.027734375
43 0.4201388888888889 0.603515625 0.31527777777777777 0.021875
43 0.34375 0.6416015625 0.1625 0.032421875
16 0.5388888888888889 0.611328125 0.5527777777777778 0.09296875
38 0.9125 0.622265625 0.11666666666666667 0.065625
43 0.8541666666666666 0.589453125 0.0 0.0
8 0.5 0.622265625 1.0 0.19140625
43 0.13680555555555557 0.748828125 0.2152777777777778 0.02734375
38 0.12638888888888888 0.8087890625 0.19444444444444445 0.098046875
43 0.49895833333333334 0.7708984375 0.47291666666666665 0.027734375
43 0.38819444444444445 0.795703125 0.2513888888888889 0.021875
43 0.3440972222222222 0.8337890625 0.16319444444444445 0.032421875
16 0.5239583333333333 0.803515625 0.5229166666666667 0.09296875
38 0.8826388888888889 0.8015625 0.11666666666666667 0.065625
43 0.8975694444444444 0.84609375 0.14652777777777778 0.0234375
8 0.5 0.78828125 1.0 0.1390625
774 0.5 0.51640625 1.0 0.6828125
50 1.0 0.30625 0.0 0.2625
50 1.0 0.56875 0.0 0.2625
50 1.0 0.77890625 0.0 0.1578125
774 1.0 0.51640625 0.0 0.6828125
0 1.0 0.175 0.0 0.0
775 0.5 0.48359375 1.0 0.9015625
38 0.0 0.8578125 0.0 0.0
38 0.125 0.882421875 0.05555555555555555 0.0328125
776 0.125 0.89609375 0.25 0.0765625
38 0.3746527777777778 0.88515625 0.08958333333333333 0.0328125
776 0.375 0.89609375 0.25 0.0765625
38 0.6246527777777777 0.88515625 0.0798611111111111 0.0328125
776 0.625 0.89609375 0.25 0.0765625
38 0.8746527777777777 0.88515625 0.06041666666666667 0.0328125
776 0.875 0.89609375 0.25 0.0765625
16 0.5 0.89609375 1.0 0.0765625
5 0.5 0.5 1.0 1.0
4 0.5 0.9671875 1.0 0.065625
4 0.5 0.01640625 1.0 0.0328125
