17 0.0 0.0328125 0.0 0.0
7 0.24722222222222223 0.0669921875 0.20277777777777778 0.036328125
52 0.06805555555555555 0.0669921875 0.1361111111111111 0.068359375
45 1.0 0.0669921875 0.0 0.068359375
80 0.5 0.0669921875 1.0 0.068359375
777 0.16041666666666668 0.19140625 0.32083333333333336 0.18046875
43 0.6545138888888888 0.1615234375 0.6423611111111112 0.051953125
778 0.6545138888888888 0.219921875 0.6423611111111112 0.05390625
43 0.4996527777777778 0.4013671875 0.5076388888888889 0.239453125
43 0.5 0.41796875 0.24305555555555555 0.27265625
16 0.5 0.4013671875 0.9027777777777778 0.239453125
38 0.25 0.516796875 0.0875 0.4703125
38 0.75 0.516796875 0.0875 0.4703125
43 0.25 0.1759765625 0.15833333333333333 0.027734375
43 0.75 0.1759765625 0.1875 0.027734375
778 0.5 0.4345703125 0.041666666666666664 0.305859375
778 0.5 0.2365234375 0.059722222222222225 0.040234375
779 0.5 0.19140625 1.0 0.18046875
780 0.16666666666666666 0.314453125 0.3333333333333333 0.065625
4 0.25069444444444444 0.3078125 0.019444444444444445 0.0109375
780 0.5 0.314453125 0.3333333333333333 0.065625
4 0.3333333333333333 0.281640625 0.0 0.0
780 0.8333333333333334 0.314453125 0.3333333333333333 0.065625
4 0.9173611111111111 0.3078125 0.019444444444444445 0.0109375
781 0.5 0.314453125 1.0 0.065625
118 0.5 0.1900390625 1.0 0.314453125
782 0.08263888888888889 0.34765625 0.06805555555555555 0.00078125
43 0.3920138888888889 0.34765625 0.4534722222222222 0.00078125
16 0.5 0.34765625 0.9027777777777778 0.00078125
43 0.5 0.3912109375 0.5236111111111111 0.022265625
43 0.5121527777777778 0.448828125 0.8298611111111112 0.06015625
16 0.5 0.4361328125 1.0 0.177734375
106 0.5 0.7296875 1.0 0.409375
43 0.4996527777777778 0.7640625 0.46041666666666664 0.2046875
43 0.0 0.66171875 0.0 0.0
50 0.5 0.798046875 1.0 0.27265625
88 0.5 0.6408203125 1.0 0.587109375
8 1.0 0.4287109375 0.0 0.162890625
8 1.0 0.619921875 0.0 0.21953125
106 1.0 0.6408203125 0.0 0.587109375
783 1.0 0.347265625 0.0 0.0
50 0.0 0.6408203125 0.0 0.587109375
34 0.5 0.48359375 1.0 0.9015625
44 0.8881944444444444 0.871484375 0.0 0.0
8 0.0 0.150390625 0.0 0.23515625
16 0.0 0.3158203125 0.0 0.068359375
16 0.0 0.3841796875 0.0 0.068359375
16 0.0 0.4525390625 0.0 0.068359375
16 0.0 0.555078125 0.0 0.0
16 0.0 0.600390625 0.0 0.090625
16 0.0 0.7482421875 0.0 0.068359375
16 0.0 0.8166015625 0.0 0.068359375
16 0.0 0.601171875 0.0 0.66640625
16 0.0 0.48359375 0.0 0.9015625
4 0.5 0.9671875 1.0 0.065625
4 0.5 0.01640625 1.0 0.0328125
5 0.5 0.5 1.0 1.0
