50 0.06388888888888888 0.168359375 0.0 0.0
48 0.5 0.2111328125 0.7555555555555555 0.036328125
16 0.5 0.198828125 0.8722222222222222 0.0609375
16 0.5 0.487890625 0.8722222222222222 0.46796875
414 0.06388888888888888 0.25390625 0.0 0.0
114 0.06388888888888888 0.721875 0.0 0.0
414 0.4222222222222222 0.79296875 0.6583333333333333 0.0
114 0.8291666666666667 0.76015625 0.15555555555555556 0.065625
47 0.5 0.76015625 0.8722222222222222 0.0765625
16 0.5 0.4833984375 0.8722222222222222 0.630078125
5 0.5 0.4833984375 0.95 0.673828125
