17 0.0 0.0328125 0.0 0.0
80 0.5 0.07109375 1.0 0.0765625
44 0.0 0.109375 0.0 0.0
117 0.5 0.9001953125 0.7777777777777778 0.068359375
195 0.5 0.9001953125 1.0 0.068359375
16 0.5 0.8318359375 1.0 0.068359375
71 0.165625 0.8318359375 0.33125 0.068359375
4 0.3326388888888889 0.8318359375 0.002777777777777778 0.068359375
71 0.4996527777777778 0.8318359375 0.33125 0.068359375
4 0.6666666666666666 0.8318359375 0.002777777777777778 0.068359375
71 0.8340277777777778 0.8318359375 0.33194444444444443 0.068359375
43 0.0 0.0572265625 0.0 0.104296875
38 0.14583333333333334 0.1154296875 0.24305555555555555 0.012109375
38 0.22430555555555556 0.0880859375 0.06111111111111111 0.042578125
43 0.6458333333333334 0.10859375 0.7083333333333334 0.0015625
38 0.14583333333333334 0.2017578125 0.24305555555555555 0.102734375
43 0.6458333333333334 0.2017578125 0.7083333333333334 0.075390625
8 0.5 0.2017578125 1.0 0.130078125
43 0.0 0.268359375 0.0 0.0
38 0.14583333333333334 0.3333984375 0.24305555555555555 0.102734375
38 0.22430555555555556 0.312890625 0.06111111111111111 0.034375
43 0.6458333333333334 0.3333984375 0.7083333333333334 0.075390625
8 0.5 0.3333984375 1.0 0.130078125
43 0.0 0.4 0.0 0.0
38 0.14583333333333334 0.4650390625 0.24305555555555555 0.102734375
38 0.22430555555555556 0.44453125 0.06111111111111111 0.034375
43 0.6458333333333334 0.46484375 0.7083333333333334 0.046875
8 0.5 0.4650390625 1.0 0.130078125
43 0.0 0.531640625 0.0 0.0
38 0.14583333333333334 0.5966796875 0.24305555555555555 0.102734375
38 0.22430555555555556 0.576171875 0.06111111111111111 0.034375
43 0.6458333333333334 0.5966796875 0.7083333333333334 0.075390625
8 0.5 0.5966796875 1.0 0.130078125
43 0.5 0.6908203125 1.0 0.055078125
38 0.14583333333333334 0.7283203125 0.24305555555555555 0.102734375
38 0.22430555555555556 0.7078125 0.06111111111111111 0.034375
43 0.6458333333333334 0.728125 0.7083333333333334 0.10390625
784 0.0 0.66328125 0.0 0.0
103 0.5 0.4521484375 1.0 0.685546875
194 0.5 0.083984375 0.0 0.05078125
34 0.5 0.48359375 1.0 0.9015625
43 0.4083333333333333 0.1421875 0.7388888888888889 0.065625
341 0.4253472222222222 0.175 0.7048611111111112 0.0
43 0.4083333333333333 0.212109375 0.7388888888888889 0.065625
43 0.4253472222222222 0.26953125 0.7048611111111112 0.04921875
43 0.4253472222222222 0.31875 0.7048611111111112 0.04921875
43 0.4253472222222222 0.36796875 0.7048611111111112 0.04921875
43 0.4253472222222222 0.4171875 0.7048611111111112 0.04921875
43 0.4253472222222222 0.46640625 0.7048611111111112 0.04921875
43 0.4253472222222222 0.515625 0.7048611111111112 0.04921875
43 0.4253472222222222 0.56484375 0.7048611111111112 0.04921875
43 0.4253472222222222 0.6140625 0.7048611111111112 0.04921875
43 0.4253472222222222 0.66328125 0.7048611111111112 0.04921875
43 0.4253472222222222 0.7125 0.7048611111111112 0.04921875
341 0.4253472222222222 0.491015625 0.7048611111111112 0.4921875
16 0.3888888888888889 0.458203125 0.7777777777777778 0.5578125
43 0.4083333333333333 0.77421875 0.7388888888888889 0.065625
43 0.4253472222222222 0.831640625 0.7048611111111112 0.04921875
43 0.4253472222222222 0.919921875 0.7048611111111112 0.02890625
43 0.4253472222222222 0.94453125 0.7048611111111112 0.0203125
16 0.3888888888888889 0.837890625 0.7777777777777778 0.19296875
16 0.3888888888888889 0.521875 0.7777777777777778 0.825
71 0.2704861111111111 0.1474609375 0.4340277777777778 0.048046875
71 0.7295138888888889 0.1474609375 0.4340277777777778 0.048046875
80 0.5 0.14765625 0.9416666666666667 0.0765625
16 0.4996527777777778 0.1455078125 0.004861111111111111 0.072265625
52 0.06805555555555555 0.07109375 0.1361111111111111 0.0765625
38 0.8961805555555555 0.0708984375 0.13402777777777777 0.048046875
38 0.7631944444444444 0.0703125 0.058333333333333334 0.0328125
38 0.5881944444444445 0.0703125 0.058333333333333334 0.0328125
43 0.6697916666666667 0.066796875 0.0798611111111111 0.03984375
38 0.1361111111111111 0.046875 0.0 0.0
43 0.5680555555555555 0.0708984375 0.6208333333333333 0.033203125
8 0.5680555555555555 0.0708984375 0.8638888888888889 0.048046875
38 1.0 0.046875 0.0 0.0
38 0.8486111111111111 0.0703125 0.30277777777777776 0.0328125
38 0.16458333333333333 0.0765625 0.06111111111111111 0.02734375
16 0.21319444444444444 0.07734375 0.15833333333333333 0.0890625
38 0.2673611111111111 0.07265625 0.2916666666666667 0.0796875
5 0.5 0.5 1.0 1.0
4 0.5 0.9671875 1.0 0.065625
4 0.5 0.01640625 1.0 0.0328125
