17 0.0 0.0 0.0 0.0
7 0.21145833333333333 0.0708984375 0.13125 0.036328125
52 0.06805555555555555 0.07109375 0.1361111111111111 0.0765625
45 1.0 0.07109375 0.0 0.0765625
80 0.5 0.07109375 1.0 0.0765625
43 0.25 0.1421875 0.5 0.065625
43 0.75 0.1421875 0.5 0.065625
786 0.5 0.1421875 1.0 0.065625
16 1.0 0.557421875 0.0 0.75390625
10 1.0 0.18046875 0.0 0.0
38 0.5 0.541015625 0.11666666666666667 0.065625
88 0.5 0.557421875 1.0 0.75390625
10 0.0 0.18046875 0.0 0.0
43 0.4996527777777778 0.59375 0.28958333333333336 0.02578125
787 0.8930555555555556 0.86171875 0.175 0.0984375
34 0.5 0.4671875 1.0 0.934375
16 0.0 0.226953125 0.0 0.0765625
8 0.0 0.1490234375 0.0 0.232421875
16 0.0 0.303515625 0.0 0.0765625
16 0.0 0.37421875 0.0 0.065625
16 0.0 0.439453125 0.0 0.065625
38 0.0 0.48359375 0.0 0.0015625
16 0.0 0.51640625 0.0 0.0890625
16 0.0 0.593359375 0.0 0.065625
16 0.0 0.65859375 0.0 0.065625
35 0.0 0.5998046875 0.0 0.669140625
16 0.0 0.4671875 0.0 0.934375
4 0.5 0.9671875 1.0 0.065625
4 0.5 0.01640625 1.0 0.0328125
5 0.5 0.5 1.0 1.0
