17 0.0 0.0328125 0.0 0.0
789 0.07604166666666666 0.0751953125 0.15208333333333332 0.084765625
38 0.5 0.1724609375 0.45416666666666666 0.042578125
8 0.5 0.12421875 1.0 0.1828125
38 0.19930555555555557 0.28515625 0.10972222222222222 0.06171875
43 0.5739583333333333 0.28515625 0.5618055555555556 0.02578125
16 0.4996527777777778 0.28515625 0.7104166666666667 0.06171875
38 0.19930555555555557 0.346875 0.10972222222222222 0.06171875
43 0.49756944444444445 0.346875 0.40902777777777777 0.02578125
16 0.4996527777777778 0.346875 0.7104166666666667 0.06171875
38 0.19930555555555557 0.425 0.10972222222222222 0.06171875
43 0.49583333333333335 0.425 0.40555555555555556 0.02578125
16 0.4996527777777778 0.425 0.7104166666666667 0.06171875
38 0.19930555555555557 0.503125 0.10972222222222222 0.06171875
43 0.5263888888888889 0.503125 0.4666666666666667 0.02578125
16 0.4996527777777778 0.503125 0.7104166666666667 0.06171875
16 0.4996527777777778 0.394140625 0.7104166666666667 0.35703125
43 0.5 0.659375 0.46111111111111114 0.0296875
43 0.5 0.724609375 0.7569444444444444 0.05703125
43 0.4996527777777778 0.77890625 0.035416666666666666 0.0296875
16 0.5 0.77890625 1.0 0.0296875
71 0.5 0.835546875 0.9222222222222223 0.06171875
16 0.5 0.748828125 1.0 0.35234375
34 0.5 0.48359375 1.0 0.9015625
4 0.5 0.9671875 1.0 0.065625
4 0.5 0.01640625 1.0 0.0328125
5 0.5 0.5 1.0 1.0
