38 0.0 0.0328125 0.0 0.0
43 0.09965277777777778 0.073828125 0.12152777777777778 0.08203125
38 0.9295138888888889 0.0736328125 0.10208333333333333 0.057421875
43 0.5194444444444445 0.073828125 0.3736111111111111 0.0328125
38 0.03888888888888889 0.0328125 0.0 0.0
791 0.5 0.073828125 1.0 0.08203125
43 0.03888888888888889 0.073828125 0.0 0.0328125
45 1.0 0.073828125 0.0 0.0765625
44 0.0 0.11484375 0.0 0.0
792 0.5 0.2736328125 1.0 0.317578125
38 0.5 0.2734375 0.14027777777777778 0.07890625
43 0.5 0.4875 1.0 0.11015625
43 0.5 0.5677734375 1.0 0.050390625
4 0.5 0.61015625 0.9513888888888888 0.0015625
43 0.024305555555555556 0.624609375 0.0 0.0
43 0.8510416666666667 0.641796875 0.09097222222222222 0.034375
43 0.9409722222222222 0.641796875 0.06944444444444445 0.034375
50 0.5 0.641796875 1.0 0.06171875
201 0.07291666666666667 0.713671875 0.09722222222222222 0.0546875
43 0.22534722222222223 0.7013671875 0.18263888888888888 0.030078125
43 0.3236111111111111 0.7306640625 0.37916666666666665 0.028515625
16 0.5548611111111111 0.715625 0.8416666666666667 0.05859375
16 0.5 0.715625 1.0 0.0859375
4 0.0 0.67265625 0.0 0.0
16 0.5 0.43671875 1.0 0.64375
43 0.0 0.75859375 0.0 0.0
43 0.5 0.8181640625 1.0 0.119140625
16 0.5 0.8892578125 0.7291666666666666 0.023046875
43 0.834375 0.8892578125 0.06041666666666667 0.023046875
195 0.5 0.917578125 0.7291666666666666 0.03359375
43 0.0 0.877734375 0.0 0.0
8 0.5 0.9060546875 1.0 0.056640625
264 0.5 0.524609375 1.0 0.81953125
19 0.5 0.50625 0.11666666666666667 0.065625
43 0.5 0.5642578125 0.16111111111111112 0.023046875
38 0.5 0.355859375 0.12638888888888888 0.07109375
43 0.5 0.44765625 0.7277777777777777 0.0796875
43 0.5 0.534375 0.7277777777777777 0.05
71 0.35381944444444446 0.6140625 0.2423611111111111 0.065625
71 0.6402777777777777 0.6140625 0.25277777777777777 0.065625
16 0.5 0.6140625 0.7277777777777777 0.065625
16 0.5 0.48359375 0.8055555555555556 0.3703125
34 0.5 0.48359375 1.0 0.9015625
4 0.5 0.9671875 1.0 0.065625
4 0.5 0.01640625 1.0 0.0328125
5 0.5 0.5 1.0 1.0
