0 0.0 0.0 0.0 0.0
52 0.04861111111111111 0.0671875 0.09722222222222222 0.0546875
6 0.1579861111111111 0.0669921875 0.12152777777777778 0.068359375
7 0.5729166666666666 0.07421875 0.6597222222222222 0.05390625
52 0.9513888888888888 0.0671875 0.09722222222222222 0.0546875
16 0.5 0.0669921875 1.0 0.068359375
177 0.4326388888888889 0.883203125 0.8375 0.08671875
16 0.9326388888888889 0.883203125 0.13472222222222222 0.10234375
16 0.5 0.883203125 1.0 0.10234375
6 0.06840277777777778 0.10859375 0.12152777777777778 0.01484375
7 0.4173611111111111 0.1173828125 0.5513888888888889 0.032421875
16 0.5 0.1181640625 1.0 0.033984375
6 0.06840277777777778 0.1689453125 0.12152777777777778 0.068359375
7 0.4232638888888889 0.178515625 0.5631944444444444 0.084375
16 0.5 0.178515625 1.0 0.0875
6 0.06840277777777778 0.2560546875 0.12152777777777778 0.068359375
7 0.4253472222222222 0.265625 0.5673611111111111 0.084375
16 0.5 0.265625 1.0 0.0875
6 0.06840277777777778 0.3431640625 0.12152777777777778 0.068359375
7 0.4375 0.352734375 0.5916666666666667 0.084375
16 0.5 0.352734375 1.0 0.0875
6 0.06840277777777778 0.4302734375 0.12152777777777778 0.068359375
7 0.4232638888888889 0.43984375 0.5631944444444444 0.084375
16 0.5 0.43984375 1.0 0.0875
6 0.06840277777777778 0.5173828125 0.12152777777777778 0.068359375
7 0.4486111111111111 0.526953125 0.6138888888888889 0.084375
16 0.5 0.526953125 1.0 0.0875
6 0.06840277777777778 0.6044921875 0.12152777777777778 0.068359375
7 0.4173611111111111 0.6140625 0.5513888888888889 0.084375
16 0.5 0.6140625 1.0 0.0875
6 0.06840277777777778 0.6916015625 0.12152777777777778 0.068359375
7 0.4486111111111111 0.701171875 0.6138888888888889 0.084375
16 0.5 0.701171875 1.0 0.0875
6 0.06840277777777778 0.7787109375 0.12152777777777778 0.068359375
7 0.44166666666666665 0.78828125 0.6 0.084375
16 0.5 0.78828125 1.0 0.0875
16 0.5 0.4666015625 1.0 0.730859375
19 0.5 0.4515625 0.2916666666666667 0.1640625
7 0.4996527777777778 0.5484375 0.2743055555555556 0.0296875
8 0.5 0.48359375 1.0 0.9015625
4 0.5 0.9671875 1.0 0.065625
4 0.5 0.01640625 1.0 0.0328125
5 0.5 0.5 1.0 1.0
