17 0.0 0.0328125 0.0 0.0
8 0.0 0.07109375 0.0 0.0765625
793 0.5003472222222223 0.0708984375 0.22152777777777777 0.033203125
22 0.9416666666666667 0.07109375 0.11666666666666667 0.065625
80 0.5 0.07109375 1.0 0.0765625
16 0.5 0.1494140625 1.0 0.060546875
793 0.5 0.1556640625 1.0 0.048046875
794 0.0 0.119140625 0.0 0.0
795 0.059722222222222225 0.209375 0.08055555555555556 0.034375
793 0.27361111111111114 0.2091796875 0.3472222222222222 0.031640625
793 0.1 0.18515625 0.0 0.0
8 0.5142361111111111 0.2091796875 0.8284722222222223 0.048046875
795 0.9520833333333333 0.209375 0.04722222222222222 0.02109375
16 0.5 0.209375 1.0 0.05625
793 0.5 0.2759765625 1.0 0.048046875
793 0.0 0.2390625 0.0 0.0
793 0.019444444444444445 0.30546875 0.0 0.0
793 0.23020833333333332 0.3294921875 0.4215277777777778 0.031640625
8 0.4392361111111111 0.3294921875 0.8395833333333333 0.048046875
796 0.9173611111111111 0.3296875 0.07777777777777778 0.04375
16 0.5 0.3296875 1.0 0.05625
793 0.019444444444444445 0.36328125 0.0 0.0
793 0.225 0.3873046875 0.4111111111111111 0.031640625
8 0.4392361111111111 0.3873046875 0.8395833333333333 0.048046875
796 0.9173611111111111 0.3875 0.07777777777777778 0.04375
16 0.5 0.3875 1.0 0.05625
793 0.5 0.4541015625 1.0 0.048046875
82 0.0 0.415625 0.0 0.065625
793 0.019444444444444445 0.4796875 0.0 0.0
8 0.4392361111111111 0.517578125 0.8395833333333333 0.07578125
796 0.9173611111111111 0.517578125 0.07777777777777778 0.04375
16 0.5 0.517578125 1.0 0.07578125
793 0.019444444444444445 0.5609375 0.0 0.0
793 0.22465277777777778 0.5849609375 0.41041666666666665 0.031640625
8 0.4739583333333333 0.5849609375 0.9090277777777778 0.048046875
795 0.9520833333333333 0.58515625 0.04722222222222222 0.02109375
793 0.5 0.6517578125 1.0 0.048046875
793 0.0 0.625 0.0 0.065625
793 0.019444444444444445 0.68125 0.0 0.0
793 0.11770833333333333 0.7052734375 0.19652777777777777 0.031640625
8 0.4392361111111111 0.7052734375 0.8395833333333333 0.048046875
796 0.9392361111111112 0.4076171875 0.12152777777777778 0.815234375
16 0.9173611111111111 0.70546875 0.11666666666666667 0.05625
16 0.5 0.70546875 1.0 0.05625
793 0.5 0.7720703125 1.0 0.048046875
82 0.009722222222222222 0.75625 0.019444444444444445 0.065625
82 0.009722222222222222 0.821875 0.019444444444444445 0.065625
16 0.019444444444444445 0.866015625 0.0 0.13671875
8 0.4392361111111111 0.866015625 0.8395833333333333 0.13671875
796 0.9173611111111111 0.876953125 0.07777777777777778 0.04375
16 0.9173611111111111 0.866015625 0.11666666666666667 0.13671875
16 0.5 0.866015625 1.0 0.13671875
16 0.5 0.5267578125 1.0 0.815234375
34 0.5 0.48359375 1.0 0.9015625
16 0.0 0.0765625 0.0 0.0875
82 0.3402777777777778 0.21875 0.6805555555555556 0.065625
82 0.0 0.284375 0.0 0.065625
82 0.0 0.35 0.0 0.065625
82 0.0 0.48125 0.0 0.065625
82 0.0 0.546875 0.0 0.065625
82 0.0 0.690625 0.0 0.065625
50 0.009722222222222222 0.86640625 0.019444444444444445 0.0234375
82 0.009722222222222222 0.90625 0.019444444444444445 0.05625
113 0.0 0.48359375 0.0 0.9015625
4 0.5 0.9671875 1.0 0.065625
4 0.5 0.01640625 1.0 0.0328125
5 0.5 0.5 1.0 1.0
