7 0.4996527777777778 0.0998046875 0.40069444444444446 0.033203125
8 0.5 0.0998046875 1.0 0.068359375
7 0.9145833333333333 0.099609375 0.07777777777777778 0.0296875
16 0.9149305555555556 0.0998046875 0.1701388888888889 0.068359375
4 0.828125 0.0998046875 0.003472222222222222 0.054296875
16 0.5 0.4423828125 1.0 0.616796875
455 0.5 0.5 1.0 0.86875
8 0.3038194444444444 0.1681640625 0.6076388888888888 0.205078125
7 0.0 0.065625 0.0 0.0
6 0.078125 0.3046875 0.12152777777777778 0.06796875
7 0.225 0.3048828125 0.09861111111111111 0.027734375
6 0.5833333333333334 0.3046875 0.04861111111111111 0.02734375
8 0.3038194444444444 0.3048828125 0.6076388888888888 0.068359375
6 0.078125 0.3740234375 0.12152777777777778 0.068359375
7 0.321875 0.3740234375 0.2923611111111111 0.027734375
6 0.5833333333333334 0.373828125 0.04861111111111111 0.02734375
8 0.3038194444444444 0.3740234375 0.6076388888888888 0.068359375
6 0.078125 0.4431640625 0.12152777777777778 0.068359375
7 0.25277777777777777 0.44296875 0.15416666666666667 0.0296875
6 0.5833333333333334 0.44296875 0.04861111111111111 0.02734375
8 0.3038194444444444 0.4431640625 0.6076388888888888 0.068359375
8 0.0 0.270703125 0.0 0.0
6 0.078125 0.5123046875 0.12152777777777778 0.068359375
7 0.26458333333333334 0.512109375 0.17777777777777778 0.0296875
6 0.5833333333333334 0.512109375 0.04861111111111111 0.02734375
8 0.3038194444444444 0.5123046875 0.6076388888888888 0.068359375
6 0.078125 0.5814453125 0.12152777777777778 0.068359375
7 0.2875 0.58125 0.22361111111111112 0.0296875
6 0.5833333333333334 0.58125 0.04861111111111111 0.02734375
8 0.3038194444444444 0.5814453125 0.6076388888888888 0.068359375
6 0.078125 0.6505859375 0.12152777777777778 0.068359375
7 0.3454861111111111 0.650390625 0.33958333333333335 0.0296875
6 0.5833333333333334 0.650390625 0.04861111111111111 0.02734375
8 0.3038194444444444 0.6505859375 0.6076388888888888 0.068359375
6 0.078125 0.7197265625 0.12152777777777778 0.068359375
7 0.3753472222222222 0.71953125 0.3993055555555556 0.0296875
6 0.5833333333333334 0.71953125 0.04861111111111111 0.02734375
8 0.3038194444444444 0.7197265625 0.6076388888888888 0.068359375
6 0.078125 0.7888671875 0.12152777777777778 0.068359375
7 0.346875 0.788671875 0.3423611111111111 0.0296875
6 0.5833333333333334 0.788671875 0.04861111111111111 0.02734375
8 0.3038194444444444 0.7888671875 0.6076388888888888 0.068359375
6 0.078125 0.8580078125 0.12152777777777778 0.068359375
7 0.2548611111111111 0.8578125 0.15833333333333333 0.0296875
6 0.5833333333333334 0.8578125 0.04861111111111111 0.02734375
8 0.3038194444444444 0.8580078125 0.6076388888888888 0.068359375
6 0.078125 0.913671875 0.12152777777777778 0.04140625
7 0.2465277777777778 0.9232421875 0.14166666666666666 0.022265625
6 0.5833333333333334 0.923828125 0.04861111111111111 0.02109375
8 0.3038194444444444 0.913671875 0.6076388888888888 0.04140625
16 0.3038194444444444 0.6025390625 0.6076388888888888 0.663671875
16 0.3038194444444444 0.5 0.6076388888888888 0.86875
6 0.019444444444444445 0.0328125 0.03888888888888889 0.021875
54 0.06354166666666666 0.0328125 0.12708333333333333 0.065625
16 0.19166666666666668 0.0326171875 0.12916666666666668 0.033203125
7 0.12708333333333333 0.016015625 0.0 0.0
16 0.128125 0.0328125 0.25625 0.065625
143 0.9319444444444445 0.0328125 0.1361111111111111 0.065625
56 0.5 0.0328125 1.0 0.065625
57 0.0 0.0 0.0 0.0
53 0.5 0.4671875 1.0 0.934375
