797 0.0 0.0328125 0.0 0.0
8 0.1 0.88203125 0.2 0.04921875
8 0.0 0.85234375 0.0 0.0
7 0.09965277777777778 0.9177734375 0.11736111111111111 0.022265625
16 0.1 0.893359375 0.2 0.08203125
8 0.3 0.88203125 0.2 0.04921875
114 0.4 0.855859375 0.0 0.0
7 0.3 0.9177734375 0.13472222222222222 0.022265625
16 0.3 0.893359375 0.2 0.08203125
8 0.5 0.88046875 0.2 0.04921875
7 0.4996527777777778 0.91796875 0.05625 0.02578125
16 0.5 0.893359375 0.2 0.08203125
8 0.7 0.88203125 0.2 0.04921875
6 0.6 0.857421875 0.0 0.0
7 0.6996527777777778 0.9177734375 0.1076388888888889 0.022265625
16 0.7 0.893359375 0.2 0.08203125
8 0.9 0.88203125 0.2 0.04921875
114 0.9690972222222223 0.8748046875 0.03680555555555556 0.020703125
6 0.8 0.857421875 0.0 0.0
7 0.8996527777777777 0.9177734375 0.06736111111111111 0.022265625
16 0.9 0.893359375 0.2 0.08203125
8 0.5 0.893359375 1.0 0.08203125
6 0.8652777777777778 0.0328125 0.0 0.0
16 0.9326388888888889 0.0669921875 0.13472222222222222 0.068359375
7 0.13819444444444445 0.0669921875 0.2763888888888889 0.033203125
8 0.5 0.101171875 1.0 0.0
8 0.5 0.14296875 0.9513888888888888 0.05625
8 0.08506944444444445 0.239453125 0.12152777777777778 0.0546875
7 0.46597222222222223 0.2505859375 0.5083333333333333 0.033203125
6 0.9329861111111111 0.2505859375 0.03680555555555556 0.020703125
8 0.5 0.239453125 0.9513888888888888 0.08046875
6 0.1267361111111111 0.3943359375 0.12152777777777778 0.068359375
7 0.43194444444444446 0.3943359375 0.44027777777777777 0.033203125
6 0.9329861111111111 0.3943359375 0.03680555555555556 0.020703125
8 0.5 0.3943359375 0.9513888888888888 0.123046875
6 0.1267361111111111 0.5380859375 0.12152777777777778 0.068359375
7 0.4309027777777778 0.5380859375 0.43819444444444444 0.033203125
6 0.9329861111111111 0.5380859375 0.03680555555555556 0.020703125
8 0.5 0.5380859375 0.9513888888888888 0.123046875
7 0.34618055555555555 0.628515625 0.5465277777777777 0.0296875
16 0.5 0.372265625 1.0 0.5421875
798 0.5 0.4767578125 1.0 0.751171875
6 0.8104166666666667 0.0669921875 0.10972222222222222 0.046484375
16 0.8715277777777778 0.0669921875 0.2569444444444444 0.068359375
7 0.3715277777777778 0.0669921875 0.7430555555555556 0.033203125
799 0.5 0.85234375 1.0 0.0
799 0.0 0.101171875 0.0 0.0
6 0.06701388888888889 0.0908203125 0.03680555555555556 0.020703125
8 0.5 0.09765625 0.9513888888888888 0.00703125
8 0.08506944444444445 0.14296875 0.12152777777777778 0.0546875
6 0.024305555555555556 0.115625 0.0 0.0
16 0.8805555555555555 0.1259765625 0.19027777777777777 0.022265625
7 0.3020833333333333 0.1291015625 0.3125 0.028515625
16 0.459375 0.1291015625 0.6270833333333333 0.028515625
8 0.5607638888888888 0.1572265625 0.8298611111111112 0.027734375
6 0.14583333333333334 0.143359375 0.0 0.0
8 0.5607638888888888 0.2134765625 0.8298611111111112 0.028515625
799 0.5 0.185546875 1.0 0.0
799 0.0 0.185546875 0.0 0.0
6 0.07291666666666667 0.239453125 0.09722222222222222 0.0546875
6 0.024305555555555556 0.212109375 0.0 0.0
16 0.8909722222222223 0.2103515625 0.16944444444444445 0.022265625
7 0.2763888888888889 0.2134765625 0.2611111111111111 0.028515625
16 0.46979166666666666 0.2134765625 0.6479166666666667 0.028515625
6 0.14583333333333334 0.227734375 0.0 0.0
8 0.5607638888888888 0.2537109375 0.8298611111111112 0.051953125
8 0.5607638888888888 0.3220703125 0.8298611111111112 0.028515625
16 0.5 0.29375 1.0 0.00078125
799 0.0 0.294140625 0.0 0.0
8 0.08506944444444445 0.348046875 0.12152777777777778 0.0546875
6 0.024305555555555556 0.320703125 0.0 0.0
16 0.8909722222222223 0.3189453125 0.16944444444444445 0.022265625
16 0.46979166666666666 0.3220703125 0.6479166666666667 0.028515625
6 0.14583333333333334 0.336328125 0.0 0.0
8 0.5607638888888888 0.3623046875 0.8298611111111112 0.051953125
8 0.5 0.348046875 0.9513888888888888 0.08046875
4 0.5729166666666666 0.40234375 0.8541666666666666 0.00078125
16 0.5 0.40234375 1.0 0.00078125
5 0.5 0.4671875 1.0 0.934375
