17 0.0 0.0328125 0.0 0.0
43 0.24375 0.0708984375 0.1375 0.036328125
44 0.06805555555555555 0.07109375 0.1361111111111111 0.0765625
22 0.8444444444444444 0.07109375 0.11666666666666667 0.065625
173 0.9513888888888888 0.07109375 0.09722222222222222 0.065625
80 0.5 0.07109375 1.0 0.0765625
7 0.16666666666666666 0.1423828125 0.3333333333333333 0.066015625
7 0.5 0.1423828125 0.3333333333333333 0.066015625
7 0.8333333333333334 0.1423828125 0.3333333333333333 0.066015625
800 0.5 0.1423828125 1.0 0.066015625
43 0.08472222222222223 0.208203125 0.09166666666666666 0.065625
16 0.5 0.208203125 1.0 0.065625
43 0.08263888888888889 0.275390625 0.0875 0.065625
16 0.5 0.275390625 1.0 0.065625
43 0.08541666666666667 0.342578125 0.09305555555555556 0.065625
16 0.5 0.342578125 1.0 0.065625
43 0.0875 0.409765625 0.09722222222222222 0.065625
16 0.5 0.409765625 1.0 0.065625
43 0.08055555555555556 0.476953125 0.08333333333333333 0.065625
16 0.5 0.476953125 1.0 0.065625
88 0.5 0.5548828125 1.0 0.758984375
16 1.0 0.208203125 0.0 0.065625
16 1.0 0.275390625 0.0 0.065625
16 1.0 0.342578125 0.0 0.065625
16 1.0 0.409765625 0.0 0.065625
16 1.0 0.476953125 0.0 0.065625
35 1.0 0.5548828125 0.0 0.758984375
34 0.5 0.48359375 1.0 0.9015625
18 0.3541666666666667 0.1447265625 0.7083333333333334 0.223828125
7 0.21770833333333334 0.289453125 0.14375 0.02578125
16 0.3541666666666667 0.289453125 0.7083333333333334 0.065625
7 0.21597222222222223 0.356640625 0.14027777777777778 0.02578125
16 0.3541666666666667 0.356640625 0.7083333333333334 0.065625
7 0.19340277777777778 0.423828125 0.09513888888888888 0.02578125
16 0.3541666666666667 0.423828125 0.7083333333333334 0.065625
7 0.19895833333333332 0.491015625 0.10625 0.02578125
16 0.3541666666666667 0.491015625 0.7083333333333334 0.065625
6 0.07291666666666667 0.558203125 0.06805555555555555 0.03828125
7 0.18854166666666666 0.558203125 0.08541666666666667 0.02578125
16 0.3541666666666667 0.558203125 0.7083333333333334 0.065625
6 0.07291666666666667 0.625390625 0.06805555555555555 0.03828125
7 0.20173611111111112 0.625390625 0.11180555555555556 0.02578125
16 0.3541666666666667 0.625390625 0.7083333333333334 0.065625
6 0.07291666666666667 0.692578125 0.06805555555555555 0.03828125
7 0.22743055555555555 0.692578125 0.16319444444444445 0.02578125
16 0.3541666666666667 0.692578125 0.7083333333333334 0.065625
6 0.07291666666666667 0.759765625 0.06805555555555555 0.03828125
7 0.2204861111111111 0.759765625 0.14930555555555555 0.02578125
16 0.3541666666666667 0.759765625 0.7083333333333334 0.065625
6 0.07291666666666667 0.826953125 0.06805555555555555 0.03828125
7 0.23715277777777777 0.826953125 0.18263888888888888 0.02578125
16 0.3541666666666667 0.826953125 0.7083333333333334 0.065625
6 0.07291666666666667 0.894140625 0.06805555555555555 0.03828125
7 0.1857638888888889 0.894140625 0.0798611111111111 0.02578125
16 0.3541666666666667 0.9314453125 0.7083333333333334 0.005859375
6 0.07291666666666667 0.93828125 0.06805555555555555 0.0078125
7 0.2795138888888889 0.94140625 0.2673611111111111 0.0140625
16 0.3541666666666667 0.9650390625 0.7083333333333334 0.061328125
10 0.3541666666666667 0.5955078125 0.7083333333333334 0.677734375
111 0.3541666666666667 0.48359375 0.7083333333333334 0.9015625
4 0.5 0.9671875 1.0 0.065625
4 0.5 0.01640625 1.0 0.0328125
5 0.5 0.5 1.0 1.0
