8 0.0 0.0328125 0.0 0.0
8 0.5 0.0705078125 1.0 0.075390625
6 0.058333333333333334 0.0703125 0.03888888888888889 0.021875
16 0.058333333333333334 0.0705078125 0.11666666666666667 0.075390625
16 0.9326388888888889 0.0705078125 0.13472222222222222 0.075390625
16 0.8652777777777778 0.0328125 0.0 0.0
16 0.49722222222222223 0.0703125 0.7361111111111112 0.06171875
7 0.2388888888888889 0.0890625 0.21944444444444444 0.02421875
16 0.0 0.566796875 0.0 0.0
16 0.04895833333333333 0.599609375 0.09791666666666667 0.0484375
50 0.9434027777777778 0.5998046875 0.11319444444444444 0.050390625
6 0.11041666666666666 0.573828125 0.0 0.0
801 0.4986111111111111 0.5998046875 0.7472222222222222 0.046484375
799 0.5 0.63359375 1.0 0.0
6 0.16666666666666666 0.686328125 0.1361111111111111 0.0765625
7 0.16631944444444444 0.7427734375 0.11458333333333333 0.027734375
16 0.16666666666666666 0.701171875 0.3333333333333333 0.13671875
6 0.5 0.686328125 0.1361111111111111 0.0765625
7 0.4996527777777778 0.7427734375 0.09375 0.027734375
16 0.5 0.701171875 0.3333333333333333 0.13671875
6 0.8333333333333334 0.686328125 0.1361111111111111 0.0765625
7 0.8329861111111111 0.7427734375 0.1423611111111111 0.027734375
16 0.8333333333333334 0.701171875 0.3333333333333333 0.13671875
16 0.0 0.6328125 0.0 0.0
16 0.5 0.701171875 1.0 0.13671875
6 0.07083333333333333 0.7974609375 0.125 0.041015625
6 0.19305555555555556 0.7974609375 0.125 0.041015625
6 0.31527777777777777 0.7974609375 0.125 0.041015625
6 0.4375 0.7974609375 0.125 0.041015625
6 0.5597222222222222 0.7974609375 0.125 0.041015625
6 0.6819444444444445 0.7974609375 0.125 0.041015625
6 0.8041666666666667 0.7974609375 0.125 0.041015625
6 0.9263888888888889 0.7974609375 0.125 0.041015625
6 0.07083333333333333 0.8423828125 0.125 0.041015625
6 0.19305555555555556 0.8423828125 0.125 0.041015625
6 0.31527777777777777 0.8423828125 0.125 0.041015625
6 0.4375 0.8423828125 0.125 0.041015625
6 0.5597222222222222 0.8423828125 0.125 0.041015625
6 0.6819444444444445 0.8423828125 0.125 0.041015625
6 0.8041666666666667 0.8423828125 0.125 0.041015625
6 0.9263888888888889 0.8423828125 0.125 0.041015625
6 0.07083333333333333 0.8873046875 0.125 0.041015625
6 0.19305555555555556 0.8873046875 0.125 0.041015625
6 0.31527777777777777 0.8873046875 0.125 0.041015625
6 0.4375 0.8873046875 0.125 0.041015625
6 0.5597222222222222 0.8873046875 0.125 0.041015625
6 0.6819444444444445 0.8873046875 0.125 0.041015625
6 0.8041666666666667 0.8873046875 0.125 0.041015625
6 0.9263888888888889 0.8873046875 0.125 0.041015625
802 0.5 0.8515625 1.0 0.1640625
606 1.0 0.84140625 0.0 0.14375
16 0.5208333333333334 0.9234375 0.020833333333333332 0.00390625
16 0.5 0.9234375 1.0 0.0203125
16 0.5 0.7505859375 1.0 0.367578125
803 0.5 0.108203125 1.0 0.0
8 0.0 0.108203125 0.0 0.0
4 0.40694444444444444 0.17421875 0.7847222222222222 0.0
16 0.7993055555555556 0.17421875 0.0 0.0
16 0.8236111111111111 0.142578125 0.0 0.0
804 0.8954861111111111 0.1732421875 0.04375 0.027734375
16 0.9045138888888888 0.1744140625 0.16180555555555556 0.063671875
16 0.5 0.1572265625 1.0 0.098046875
16 0.5 0.18125 1.0 0.14609375
805 0.5 0.3375 1.0 0.45859375
5 0.5 0.4671875 1.0 0.934375
16 1.0 0.48359375 0.0 0.9015625
