806 0.0 0.0984375 0.0 0.0
7 0.5 0.1357421875 0.9513888888888888 0.033203125
16 0.18263888888888888 0.2287109375 0.31666666666666665 0.083984375
224 0.18229166666666666 0.2501953125 0.10208333333333333 0.041015625
16 0.4996527777777778 0.2287109375 0.3173611111111111 0.083984375
224 0.4996527777777778 0.2501953125 0.10208333333333333 0.041015625
16 0.8170138888888889 0.2287109375 0.3173611111111111 0.083984375
224 0.8170138888888889 0.2501953125 0.10208333333333333 0.041015625
16 0.5 0.2287109375 0.9513888888888888 0.111328125
807 0.5 0.332421875 0.9513888888888888 0.0546875
6 0.024305555555555556 0.284375 0.0 0.0
6 0.9319444444444445 0.332421875 0.0875 0.0546875
8 0.5 0.3220703125 0.9513888888888888 0.075390625
807 0.5 0.4078125 0.9513888888888888 0.0546875
6 0.9319444444444445 0.4078125 0.0875 0.0546875
7 0.22395833333333334 0.4724609375 0.3506944444444444 0.033203125
7 0.653125 0.4724609375 0.4826388888888889 0.033203125
6 0.9291666666666667 0.4705078125 0.044444444444444446 0.029296875
808 0.5 0.4728515625 0.9513888888888888 0.075390625
6 0.10208333333333333 0.554296875 0.15555555555555556 0.0875
7 0.42291666666666666 0.5271484375 0.4861111111111111 0.033203125
6 0.8979166666666667 0.554296875 0.15555555555555556 0.0875
808 0.5 0.5482421875 0.9513888888888888 0.075390625
7 0.0920138888888889 0.613671875 0.13541666666666666 0.03125
16 0.18194444444444444 0.6248046875 0.20416666666666666 0.036328125
7 0.3628472222222222 0.613671875 0.13541666666666666 0.03125
16 0.4979166666666667 0.6248046875 0.19027777777777777 0.036328125
7 0.6336805555555556 0.613671875 0.13541666666666666 0.03125
16 0.815625 0.6248046875 0.2298611111111111 0.036328125
7 0.9045138888888888 0.613671875 0.13541666666666666 0.03125
809 0.49895833333333334 0.613671875 0.9493055555555555 0.03125
810 0.0920138888888889 0.6673828125 0.13541666666666666 0.076171875
810 0.22743055555555555 0.6673828125 0.13541666666666666 0.076171875
810 0.3628472222222222 0.6673828125 0.13541666666666666 0.076171875
810 0.4982638888888889 0.6673828125 0.13541666666666666 0.076171875
810 0.6336805555555556 0.6673828125 0.13541666666666666 0.076171875
810 0.7690972222222222 0.6673828125 0.13541666666666666 0.076171875
810 0.9045138888888888 0.6673828125 0.13541666666666666 0.076171875
809 0.49895833333333334 0.6673828125 0.9493055555555555 0.076171875
810 0.0920138888888889 0.7435546875 0.13541666666666666 0.076171875
810 0.22743055555555555 0.7435546875 0.13541666666666666 0.076171875
810 0.3628472222222222 0.7435546875 0.13541666666666666 0.076171875
810 0.4982638888888889 0.7435546875 0.13541666666666666 0.076171875
810 0.6336805555555556 0.7435546875 0.13541666666666666 0.076171875
810 0.7690972222222222 0.7435546875 0.13541666666666666 0.076171875
810 0.9045138888888888 0.7435546875 0.13541666666666666 0.076171875
809 0.49895833333333334 0.7435546875 0.9493055555555555 0.076171875
810 0.0920138888888889 0.848046875 0.13541666666666666 0.01953125
810 0.22743055555555555 0.848046875 0.13541666666666666 0.01953125
810 0.3628472222222222 0.848046875 0.13541666666666666 0.01953125
810 0.4982638888888889 0.848046875 0.13541666666666666 0.01953125
810 0.6336805555555556 0.848046875 0.13541666666666666 0.01953125
810 0.7690972222222222 0.848046875 0.13541666666666666 0.01953125
810 0.9045138888888888 0.848046875 0.13541666666666666 0.01953125
809 0.49895833333333334 0.848046875 0.9493055555555555 0.01953125
810 0.0920138888888889 0.8861328125 0.13541666666666666 0.095703125
810 0.22743055555555555 0.8861328125 0.13541666666666666 0.095703125
810 0.3628472222222222 0.8861328125 0.13541666666666666 0.095703125
810 0.4982638888888889 0.8861328125 0.13541666666666666 0.095703125
810 0.6336805555555556 0.8861328125 0.13541666666666666 0.095703125
810 0.7690972222222222 0.8861328125 0.13541666666666666 0.095703125
810 0.9045138888888888 0.8861328125 0.13541666666666666 0.095703125
809 0.49895833333333334 0.8861328125 0.9493055555555555 0.095703125
811 0.49895833333333334 0.7181640625 0.9493055555555555 0.240234375
806 0.5 0.6744140625 0.9513888888888888 0.327734375
7 0.22395833333333334 0.5478515625 0.3506944444444444 0.033203125
7 0.653125 0.5478515625 0.4826388888888889 0.033203125
6 0.9291666666666667 0.5458984375 0.044444444444444446 0.029296875
7 0.16215277777777778 0.6248046875 0.16458333333333333 0.036328125
7 0.2704861111111111 0.6248046875 0.027083333333333334 0.036328125
8 0.18194444444444444 0.6615234375 0.2263888888888889 0.109765625
812 0.18229166666666666 0.6615234375 0.3159722222222222 0.109765625
7 0.5795138888888889 0.6248046875 0.027083333333333334 0.036328125
8 0.4979166666666667 0.6845703125 0.2263888888888889 0.063671875
52 0.5545138888888889 0.6845703125 0.11319444444444444 0.063671875
812 0.4982638888888889 0.6615234375 0.3159722222222222 0.109765625
7 0.9170138888888889 0.6248046875 0.027083333333333334 0.036328125
8 0.815625 0.6615234375 0.2298611111111111 0.109765625
812 0.8159722222222222 0.6615234375 0.3194444444444444 0.109765625
813 0.024305555555555556 0.720703125 0.0 0.0
7 0.18263888888888888 0.7494140625 0.31666666666666665 0.057421875
8 0.49930555555555556 0.7310546875 0.2263888888888889 0.020703125
7 0.5809027777777778 0.7310546875 0.027083333333333334 0.020703125
8 0.49930555555555556 0.7541015625 0.2263888888888889 0.066796875
52 0.5559027777777777 0.7541015625 0.11319444444444444 0.066796875
812 0.4996527777777778 0.7310546875 0.3173611111111111 0.020703125
812 0.8170138888888889 0.7310546875 0.3173611111111111 0.020703125
7 0.9184027777777778 0.7310546875 0.027083333333333334 0.020703125
52 0.7600694444444445 0.7541015625 0.11319444444444444 0.066796875
52 0.8732638888888888 0.7541015625 0.11319444444444444 0.066796875
814 0.5 0.7310546875 0.9513888888888888 0.020703125
16 0.5 0.468359375 1.0 0.73984375
16 0.0 0.83828125 0.0 0.0
16 0.125 0.886328125 0.25 0.0875
7 0.125 0.9171875 0.25 0.02578125
16 0.375 0.886328125 0.25 0.0875
7 0.3746527777777778 0.9171875 0.14375 0.02578125
6 0.625 0.8734375 0.10972222222222222 0.06171875
7 0.6246527777777777 0.9171875 0.05763888888888889 0.02578125
16 0.625 0.886328125 0.25 0.0875
6 0.875 0.8734375 0.10972222222222222 0.06171875
7 0.875 0.9171875 0.07916666666666666 0.02578125
16 0.875 0.886328125 0.25 0.0875
8 0.5 0.886328125 1.0 0.09609375
8 0.5 0.51640625 1.0 0.8359375
54 0.0 0.0328125 0.0 0.0
52 0.5 0.065625 0.30277777777777776 0.065625
56 0.5 0.065625 1.0 0.065625
55 1.0 0.065625 0.0 0.065625
53 0.5 0.4671875 1.0 0.934375
