36 0.0 0.0328125 0.0 0.0
19 0.5 0.521875 0.11666666666666667 0.065625
43 0.0 0.109375 0.0 0.0
818 0.25729166666666664 0.3853515625 0.47152777777777777 0.265234375
43 0.08472222222222223 0.530859375 0.12638888888888888 0.02578125
38 0.4395833333333333 0.280078125 0.10694444444444444 0.0546875
43 0.5048611111111111 0.2515625 0.0 0.0
43 0.20381944444444444 0.559375 0.3645833333333333 0.03125
43 0.019444444444444445 0.2515625 0.0 0.0
818 0.7427083333333333 0.3853515625 0.47152777777777777 0.265234375
43 0.5701388888888889 0.530859375 0.12638888888888888 0.02578125
38 0.925 0.280078125 0.10694444444444444 0.0546875
43 0.9534722222222223 0.265625 0.030555555555555555 0.01484375
43 0.6892361111111112 0.559375 0.3645833333333333 0.03125
818 0.25729166666666664 0.7154296875 0.47152777777777777 0.265234375
43 0.08472222222222223 0.8609375 0.12638888888888888 0.02578125
38 0.4395833333333333 0.61015625 0.10694444444444444 0.0546875
43 0.5048611111111111 0.581640625 0.0 0.0
43 0.20381944444444444 0.889453125 0.3645833333333333 0.03125
43 0.019444444444444445 0.581640625 0.0 0.0
818 0.7427083333333333 0.7154296875 0.47152777777777777 0.265234375
43 0.5701388888888889 0.8609375 0.12638888888888888 0.02578125
38 0.925 0.61015625 0.10694444444444444 0.0546875
43 0.9534722222222223 0.595703125 0.030555555555555555 0.01484375
43 0.6892361111111112 0.889453125 0.3645833333333333 0.03125
818 0.25729166666666664 0.9236328125 0.47152777777777777 0.021484375
38 0.4395833333333333 0.9236328125 0.10694444444444444 0.021484375
43 0.019444444444444445 0.91171875 0.0 0.0
818 0.7427083333333333 0.9236328125 0.47152777777777777 0.021484375
38 0.925 0.9236328125 0.10694444444444444 0.021484375
43 0.5048611111111111 0.91171875 0.0 0.0
42 0.5 0.48359375 1.0 0.9015625
194 0.5 0.13671875 0.09722222222222222 0.0546875
43 0.17881944444444445 0.1279296875 0.3090277777777778 0.020703125
38 0.31493055555555555 0.1517578125 0.03680555555555556 0.020703125
43 0.5121527777777778 0.1279296875 0.3090277777777778 0.020703125
38 0.6482638888888889 0.1517578125 0.03680555555555556 0.020703125
43 0.8454861111111112 0.1279296875 0.3090277777777778 0.020703125
38 0.9815972222222222 0.1517578125 0.03680555555555556 0.020703125
43 0.7791666666666667 0.1322265625 0.020833333333333332 0.020703125
8 0.5 0.171875 1.0 0.125
43 0.12361111111111112 0.2033203125 0.059722222222222225 0.034765625
43 0.24166666666666667 0.2033203125 0.12638888888888888 0.034765625
43 0.384375 0.2033203125 0.10902777777777778 0.034765625
43 0.5107638888888889 0.2033203125 0.09375 0.034765625
43 0.675 0.2033203125 0.18472222222222223 0.034765625
43 0.8493055555555555 0.2033203125 0.11388888888888889 0.034765625
213 0.5 0.2033203125 0.8375 0.062109375
16 0.5 0.2033203125 1.0 0.062109375
819 0.8930555555555556 0.87421875 0.1361111111111111 0.0765625
44 0.06805555555555555 0.07109375 0.1361111111111111 0.0765625
43 0.18888888888888888 0.0708984375 0.027777777777777776 0.036328125
38 0.24166666666666667 0.0453125 0.0 0.0
38 0.3 0.070703125 0.07777777777777778 0.04375
820 0.6013888888888889 0.069921875 0.5180555555555556 0.04921875
38 0.91875 0.069921875 0.11666666666666667 0.04921875
45 0.6111111111111112 0.07109375 0.7777777777777778 0.0765625
46 0.5 0.07109375 1.0 0.0765625
5 0.5 0.5 1.0 1.0
4 0.5 0.9671875 1.0 0.065625
4 0.5 0.01640625 1.0 0.0328125
