17 0.0 0.0328125 0.0 0.0
7 0.48194444444444445 0.8578125 0.029166666666666667 0.01640625
7 0.5472222222222223 0.8578125 0.029166666666666667 0.01640625
16 0.5 0.8578125 1.0 0.01640625
822 1.0 0.48359375 0.0 0.9015625
415 0.49930555555555556 0.29375 0.06111111111111111 0.034375
8 0.4996527777777778 0.2939453125 0.12152777777777778 0.330859375
16 0.2809027777777778 0.30625 0.3159722222222222 0.328125
16 0.7184027777777777 0.30625 0.3159722222222222 0.328125
20 0.5 0.55703125 0.22916666666666666 0.05859375
20 0.4996527777777778 0.623046875 0.8548611111111111 0.0296875
34 0.5 0.48359375 1.0 0.9015625
4 0.5 0.9671875 1.0 0.065625
4 0.5 0.01640625 1.0 0.0328125
5 0.5 0.5 1.0 1.0
