31 0.06388888888888888 0.120703125 0.0 0.0
277 0.5 0.1634765625 0.7555555555555555 0.036328125
16 0.5 0.151171875 0.8722222222222222 0.0609375
415 0.5 0.3150390625 0.5347222222222222 0.223046875
821 0.7232638888888889 0.4677734375 0.07291666666666667 0.041015625
20 0.4409722222222222 0.467578125 0.42777777777777776 0.0296875
8 0.5 0.4677734375 0.7458333333333333 0.055078125
20 0.38506944444444446 0.542578125 0.43819444444444444 0.02578125
415 0.19652777777777777 0.6140625 0.06111111111111111 0.034375
20 0.40555555555555556 0.5794921875 0.2791666666666667 0.022265625
16 0.5 0.6140625 0.6680555555555555 0.034375
20 0.3798611111111111 0.6138671875 0.22777777777777777 0.022265625
415 0.19652777777777777 0.6828125 0.06111111111111111 0.034375
20 0.3701388888888889 0.6482421875 0.20833333333333334 0.022265625
16 0.5 0.6828125 0.6680555555555555 0.034375
20 0.4 0.6826171875 0.26805555555555555 0.022265625
415 0.19652777777777777 0.7171875 0.06111111111111111 0.034375
20 0.37118055555555557 0.7169921875 0.21041666666666667 0.022265625
16 0.5 0.7171875 0.6680555555555555 0.034375
16 0.5 0.665625 0.6680555555555555 0.1375
16 0.5 0.628515625 0.7166666666666667 0.2390625
16 0.5 0.47578125 0.7944444444444444 0.54453125
16 0.5 0.47578125 0.8722222222222222 0.58828125
30 0.06388888888888888 0.769921875 0.0 0.0
158 0.26458333333333334 0.841015625 0.34305555555555556 0.0
30 0.5420138888888889 0.808203125 0.21180555555555555 0.065625
30 0.7774305555555555 0.808203125 0.2590277777777778 0.065625
278 0.5 0.808203125 0.8722222222222222 0.0765625
139 0.5 0.48359375 0.8722222222222222 0.72578125
5 0.5 0.48359375 0.95 0.76953125
