823 0.11076388888888888 0.1607421875 0.18263888888888888 0.102734375
16 0.5 0.1607421875 1.0 0.124609375
7 0.22361111111111112 0.270703125 0.36944444444444446 0.0515625
177 0.6847222222222222 0.270703125 0.5527777777777778 0.0515625
16 0.5 0.270703125 0.9611111111111111 0.0734375
7 0.5 0.356640625 0.9611111111111111 0.0546875
16 0.5 0.51640625 1.0 0.8359375
54 0.03958333333333333 0.065625 0.07916666666666666 0.065625
6 0.06909722222222223 0.0658203125 0.0006944444444444445 0.000390625
16 0.11597222222222223 0.065625 0.23194444444444445 0.065625
55 1.0 0.065625 0.0 0.065625
56 0.5 0.065625 1.0 0.065625
57 0.0 0.0328125 0.0 0.0
53 0.5 0.4671875 1.0 0.934375
