61 0.0 0.0328125 0.0 0.0
6 0.049652777777777775 0.1373046875 0.09930555555555555 0.041015625
8 0.2743055555555556 0.1359375 0.5486111111111112 0.04375
6 0.049652777777777775 0.1966796875 0.09930555555555555 0.041015625
8 0.2743055555555556 0.1953125 0.5486111111111112 0.04375
6 0.049652777777777775 0.2560546875 0.09930555555555555 0.041015625
8 0.2743055555555556 0.2546875 0.5486111111111112 0.04375
6 0.049652777777777775 0.3154296875 0.09930555555555555 0.041015625
8 0.2743055555555556 0.3140625 0.5486111111111112 0.04375
6 0.049652777777777775 0.3748046875 0.09930555555555555 0.041015625
8 0.2743055555555556 0.3734375 0.5486111111111112 0.04375
824 0.0 0.2099609375 0.0 0.419921875
6 0.049652777777777775 0.4341796875 0.09930555555555555 0.041015625
8 0.2743055555555556 0.4328125 0.5486111111111112 0.04375
8 0.2743055555555556 0.4921875 0.5486111111111112 0.04375
6 0.049652777777777775 0.4935546875 0.09930555555555555 0.041015625
824 0.03090277777777778 0.5498046875 0.06180555555555556 0.022265625
8 0.2743055555555556 0.5515625 0.5486111111111112 0.04375
824 0.03576388888888889 0.6091796875 0.07152777777777777 0.022265625
8 0.2743055555555556 0.6109375 0.5486111111111112 0.04375
824 0.053125 0.6685546875 0.10625 0.022265625
8 0.2743055555555556 0.6703125 0.5486111111111112 0.04375
824 0.075 0.7279296875 0.15 0.022265625
8 0.2743055555555556 0.7296875 0.5486111111111112 0.04375
8 0.2743055555555556 0.7890625 0.5486111111111112 0.04375
6 0.049652777777777775 0.7904296875 0.09930555555555555 0.041015625
8 0.2743055555555556 0.8484375 0.5486111111111112 0.04375
6 0.049652777777777775 0.8498046875 0.09930555555555555 0.041015625
8 0.2743055555555556 0.9078125 0.5486111111111112 0.04375
6 0.07048611111111111 0.8986328125 0.12152777777777778 0.068359375
825 0.2864583333333333 0.5171875 0.5729166666666666 0.834375
77 0.5 0.48359375 1.0 0.9015625
826 0.0 0.1 0.0 0.0
10 0.5 0.240234375 1.0 0.28046875
827 0.5 0.4419921875 1.0 0.683984375
6 0.12638888888888888 0.1697265625 0.24305555555555555 0.133984375
824 0.3628472222222222 0.1669921875 0.18541666666666667 0.021484375
824 0.37395833333333334 0.18984375 0.21319444444444444 0.02421875
8 0.5 0.171875 1.0 0.14375
4 0.4635416666666667 0.2423828125 0.9270833333333334 0.002734375
52 0.9298611111111111 0.12578125 0.10138888888888889 0.0515625
828 0.5 0.8181640625 1.0 0.068359375
8 0.33055555555555555 0.893359375 0.39305555555555555 0.08203125
824 0.3302083333333333 0.8876953125 0.06180555555555556 0.018359375
8 0.0 0.85234375 0.0 0.0
829 0.5395833333333333 0.868359375 0.0 0.0
829 0.6100694444444444 0.900390625 0.14097222222222222 0.0640625
829 0.7635416666666667 0.900390625 0.14097222222222222 0.0640625
829 0.9170138888888889 0.900390625 0.14097222222222222 0.0640625
16 0.7635416666666667 0.900390625 0.4479166666666667 0.0640625
8 0.5 0.893359375 1.0 0.08203125
52 0.10277777777777777 0.0654296875 0.058333333333333334 0.032421875
8 0.5184027777777778 0.0654296875 0.7381944444444445 0.051953125
824 0.8583333333333333 0.065234375 0.009722222222222222 0.02890625
16 0.471875 0.0654296875 0.8659722222222223 0.051953125
165 0.9524305555555556 0.065625 0.09513888888888888 0.065625
74 0.5 0.06640625 1.0 0.0671875
5 0.5 0.5 1.0 1.0
4 0.5 0.9671875 1.0 0.065625
4 0.5 0.01640625 1.0 0.0328125
