6 0.5909722222222222 0.1310546875 0.11666666666666667 0.023828125
8 0.8152777777777778 0.13125 0.2916666666666667 0.02421875
824 0.6694444444444444 0.119140625 0.0 0.0
830 0.7565972222222223 0.13125 0.48680555555555555 0.065625
6 0.5909722222222222 0.1966796875 0.11666666666666667 0.018359375
8 0.8152777777777778 0.196875 0.2916666666666667 0.02421875
824 0.6694444444444444 0.184765625 0.0 0.0
830 0.7565972222222223 0.196875 0.48680555555555555 0.065625
6 0.5909722222222222 0.2625 0.11666666666666667 0.025
8 0.8152777777777778 0.2625 0.2916666666666667 0.02421875
824 0.6694444444444444 0.250390625 0.0 0.0
830 0.7565972222222223 0.2625 0.48680555555555555 0.065625
6 0.5909722222222222 0.3279296875 0.11666666666666667 0.017578125
8 0.8152777777777778 0.328125 0.2916666666666667 0.02421875
824 0.6694444444444444 0.316015625 0.0 0.0
830 0.7565972222222223 0.328125 0.48680555555555555 0.065625
6 0.5909722222222222 0.3935546875 0.11666666666666667 0.025390625
8 0.8152777777777778 0.39375 0.2916666666666667 0.02421875
824 0.6694444444444444 0.381640625 0.0 0.0
830 0.7565972222222223 0.39375 0.48680555555555555 0.065625
6 0.5909722222222222 0.4591796875 0.11666666666666667 0.025390625
8 0.8152777777777778 0.459375 0.2916666666666667 0.02421875
824 0.6694444444444444 0.447265625 0.0 0.0
830 0.7565972222222223 0.459375 0.48680555555555555 0.065625
6 0.5909722222222222 0.5248046875 0.11666666666666667 0.025390625
8 0.8152777777777778 0.525 0.2916666666666667 0.02421875
824 0.6694444444444444 0.512890625 0.0 0.0
830 0.7565972222222223 0.525 0.48680555555555555 0.065625
6 0.5909722222222222 0.590625 0.11666666666666667 0.02734375
8 0.8152777777777778 0.590625 0.2916666666666667 0.02421875
824 0.6694444444444444 0.578515625 0.0 0.0
830 0.7565972222222223 0.590625 0.48680555555555555 0.065625
476 0.7565972222222223 0.3609375 0.48680555555555555 0.525
