0 0.0 0.0 0.0 0.0
50 0.5 0.3103515625 1.0 0.555078125
38 0.034027777777777775 0.617578125 0.0 0.0
38 0.9659722222222222 0.617578125 0.0 0.0
8 0.5 0.6080078125 1.0 0.040234375
43 0.5 0.6642578125 0.9319444444444445 0.033984375
38 0.5170138888888889 0.7005859375 0.9659722222222222 0.000390625
43 0.5 0.7728515625 0.9319444444444445 0.105859375
71 0.5 0.880078125 0.9319444444444445 0.0703125
831 0.5 0.78125 1.0 0.30625
334 0.0 0.587890625 0.0 0.0
16 0.5 0.4671875 1.0 0.934375
4 0.5 0.9671875 1.0 0.065625
4 0.5 0.01640625 1.0 0.0328125
5 0.5 0.5 1.0 1.0
