120 0.0 0.0328125 0.0 0.0
16 0.8979166666666667 0.07109375 0.0 0.0
832 0.3795138888888889 0.07109375 0.40902777777777777 0.04375
6 0.175 0.04921875 0.0 0.0
8 0.5194444444444445 0.07109375 0.7666666666666667 0.0765625
7 0.1361111111111111 0.0708984375 0.0 0.036328125
52 0.06805555555555555 0.07109375 0.1361111111111111 0.0765625
173 0.9513888888888888 0.07109375 0.09722222222222222 0.065625
80 0.5 0.07109375 1.0 0.0765625
6 0.5024305555555556 0.296875 0.8993055555555556 0.3203125
43 0.2722222222222222 0.45703125 0.0 0.0
71 0.5020833333333333 0.524609375 0.4597222222222222 0.08046875
71 0.5020833333333333 0.632421875 0.4597222222222222 0.08046875
16 0.5020833333333333 0.56484375 0.4597222222222222 0.215625
6 0.5024305555555556 0.8171875 0.32430555555555557 0.234375
179 0.5 0.48359375 1.0 0.9015625
43 0.0 0.109375 0.0 0.0
4 0.5 0.112109375 1.0 0.00546875
5 0.5 0.5 1.0 1.0
4 0.5 0.9671875 1.0 0.065625
4 0.5 0.01640625 1.0 0.0328125
