0 0.0 0.0 0.0 0.0
52 0.04375 0.057421875 0.0875 0.04921875
52 0.95625 0.057421875 0.0875 0.04921875
8 0.034027777777777775 0.1953125 0.0 0.04375
8 0.034027777777777775 0.2404296875 0.0 0.046484375
8 0.034027777777777775 0.2869140625 0.0 0.046484375
10 0.034027777777777775 0.241796875 0.0 0.13671875
8 0.034027777777777775 0.7689453125 0.0 0.030078125
8 0.034027777777777775 0.8181640625 0.0 0.068359375
8 0.034027777777777775 0.5115234375 0.0 0.681640625
8 0.215625 0.2357421875 0.18958333333333333 0.130078125
7 0.215625 0.2830078125 0.10625 0.023828125
8 0.40520833333333334 0.2357421875 0.18958333333333333 0.130078125
7 0.4048611111111111 0.2830078125 0.09444444444444444 0.023828125
8 0.5947916666666667 0.2357421875 0.18958333333333333 0.130078125
7 0.5944444444444444 0.2830078125 0.06111111111111111 0.023828125
8 0.784375 0.2357421875 0.18958333333333333 0.130078125
7 0.784375 0.2830078125 0.13819444444444445 0.023828125
8 0.215625 0.3658203125 0.18958333333333333 0.130078125
7 0.2152777777777778 0.4130859375 0.11527777777777778 0.023828125
8 0.40520833333333334 0.3658203125 0.18958333333333333 0.130078125
7 0.40520833333333334 0.4130859375 0.12291666666666666 0.023828125
8 0.5947916666666667 0.3658203125 0.18958333333333333 0.130078125
7 0.5947916666666667 0.4130859375 0.13819444444444445 0.023828125
8 0.784375 0.3658203125 0.18958333333333333 0.130078125
7 0.784375 0.4130859375 0.08958333333333333 0.023828125
8 0.215625 0.4958984375 0.18958333333333333 0.130078125
7 0.2152777777777778 0.5431640625 0.15555555555555556 0.023828125
8 0.40520833333333334 0.4958984375 0.18958333333333333 0.130078125
7 0.4048611111111111 0.5431640625 0.1625 0.023828125
8 0.5947916666666667 0.4958984375 0.18958333333333333 0.130078125
7 0.5947916666666667 0.5431640625 0.08958333333333333 0.023828125
8 0.784375 0.4958984375 0.18958333333333333 0.130078125
7 0.784375 0.5431640625 0.06458333333333334 0.023828125
8 0.215625 0.6259765625 0.18958333333333333 0.130078125
7 0.215625 0.6732421875 0.05625 0.023828125
8 0.40520833333333334 0.6259765625 0.18958333333333333 0.130078125
7 0.4048611111111111 0.6732421875 0.11388888888888889 0.023828125
8 0.5947916666666667 0.6259765625 0.18958333333333333 0.130078125
7 0.5947916666666667 0.6732421875 0.04791666666666667 0.023828125
8 0.784375 0.6259765625 0.18958333333333333 0.130078125
7 0.7840277777777778 0.6732421875 0.07083333333333333 0.023828125
833 0.12083333333333333 0.170703125 0.0 0.0
834 0.5 0.430859375 0.7583333333333333 0.5203125
835 0.5 0.5115234375 0.7583333333333333 0.681640625
16 0.5 0.192578125 0.9319444444444445 0.04375
114 0.16319444444444445 0.192578125 0.07777777777777778 0.04375
7 0.315625 0.192578125 0.22708333333333333 0.03671875
88 0.5 0.5115234375 0.9319444444444445 0.681640625
52 0.9684027777777777 0.8125 0.004861111111111111 0.065625
8 0.9659722222222222 0.5115234375 0.0 0.681640625
52 0.1909722222222222 0.086328125 0.16527777777777777 0.09296875
16 0.16666666666666666 0.158203125 0.3333333333333333 0.00546875
8 0.1909722222222222 0.09765625 0.30833333333333335 0.115625
52 0.49930555555555556 0.086328125 0.16527777777777777 0.09296875
16 0.5 0.158203125 0.3333333333333333 0.00546875
8 0.49930555555555556 0.09765625 0.30833333333333335 0.115625
52 0.8076388888888889 0.086328125 0.16527777777777777 0.09296875
16 0.8333333333333334 0.158203125 0.3333333333333333 0.00546875
8 0.8076388888888889 0.09765625 0.30833333333333335 0.115625
341 0.5 0.100390625 1.0 0.12109375
342 0.5 0.158203125 1.0 0.00546875
8 0.5 0.48359375 1.0 0.9015625
117 0.5 0.9001953125 0.7777777777777778 0.068359375
19 0.5 0.48359375 0.11666666666666667 0.065625
5 0.5 0.4671875 1.0 0.934375
