836 0.5868055555555556 0.07109375 0.8263888888888888 0.0765625
837 0.25625 0.07109375 0.0875 0.04921875
43 0.5381944444444444 0.07109375 0.47638888888888886 0.0296875
838 0.8322916666666667 0.07109375 0.11180555555555556 0.0765625
838 0.9440972222222223 0.07109375 0.11180555555555556 0.0765625
38 0.1736111111111111 0.109375 0.0 0.0
43 0.3111111111111111 0.14765625 0.21666666666666667 0.02578125
127 0.3111111111111111 0.14765625 0.275 0.0765625
38 0.4486111111111111 0.109375 0.0 0.0
43 0.5864583333333333 0.14765625 0.21736111111111112 0.02578125
127 0.5864583333333333 0.14765625 0.27569444444444446 0.0765625
38 0.7243055555555555 0.109375 0.0 0.0
43 0.8621527777777778 0.14765625 0.21736111111111112 0.02578125
127 0.8621527777777778 0.14765625 0.27569444444444446 0.0765625
128 0.5868055555555556 0.14765625 0.8263888888888888 0.0765625
839 0.1517361111111111 0.237890625 0.04375 0.0296875
43 0.1638888888888889 0.3087890625 0.019444444444444445 0.033203125
106 0.1736111111111111 0.6060546875 0.0 0.656640625
16 0.1736111111111111 0.5609375 0.0 0.746875
838 0.5868055555555556 0.3146484375 0.14583333333333334 0.090234375
43 0.5868055555555556 0.391015625 0.6916666666666667 0.0296875
43 0.5868055555555556 0.4517578125 0.7097222222222223 0.048046875
16 0.5868055555555556 0.337109375 0.7875 0.29921875
106 0.5868055555555556 0.5609375 0.8263888888888888 0.746875
16 0.5868055555555556 0.48359375 0.8263888888888888 0.9015625
11 0.5 0.48359375 1.0 0.9015625
839 0.026041666666666668 0.070703125 0.052083333333333336 0.0296875
165 0.11527777777777778 0.07109375 0.11666666666666667 0.065625
18 0.08680555555555555 0.109375 0.1736111111111111 0.0
38 0.08680555555555555 0.21875 0.1736111111111111 0.21875
38 0.08680555555555555 0.4390625 0.1736111111111111 0.21875
38 0.08680555555555555 0.659375 0.1736111111111111 0.21875
38 0.08680555555555555 0.85234375 0.1736111111111111 0.1640625
126 0.08680555555555555 0.48359375 0.1736111111111111 0.9015625
