17 0.0 0.0 0.0 0.0
38 0.1361111111111111 0.07109375 0.0 0.0
840 0.19270833333333334 0.07109375 0.11319444444444444 0.0765625
841 0.8152777777777778 0.07109375 0.1361111111111111 0.0765625
38 0.7472222222222222 0.0328125 0.0 0.0
8 0.5097222222222222 0.07109375 0.7472222222222222 0.0765625
52 0.06805555555555555 0.07109375 0.1361111111111111 0.0765625
22 0.9416666666666667 0.07109375 0.11666666666666667 0.065625
118 0.5 0.07109375 1.0 0.0765625
127 0.16666666666666666 0.1421875 0.3333333333333333 0.065625
127 0.5 0.1421875 0.3333333333333333 0.065625
127 0.8333333333333334 0.1421875 0.3333333333333333 0.065625
128 0.5 0.1421875 1.0 0.065625
16 0.0 0.5546875 0.0 0.759375
12 0.5 0.33359375 0.9222222222222223 0.2625
840 0.234375 0.5060546875 0.3715277777777778 0.045703125
840 0.6954861111111111 0.5060546875 0.5118055555555555 0.045703125
16 0.5 0.5060546875 0.9222222222222223 0.082421875
88 0.5 0.5546875 1.0 0.759375
4 0.5 0.01640625 1.0 0.0328125
5 0.5 0.5 1.0 1.0
41 0.0 0.1333984375 0.0 0.266796875
16 0.0 0.303515625 0.0 0.0734375
16 0.0 0.376953125 0.0 0.0734375
16 0.0 0.450390625 0.0 0.0734375
16 0.0 0.523828125 0.0 0.0734375
16 0.0 0.597265625 0.0 0.0734375
16 0.0 0.450390625 0.0 0.3671875
16 0.0 0.7849609375 0.0 0.298828125
16 0.0 0.6005859375 0.0 0.667578125
8 0.0 0.4671875 0.0 0.934375
50 1.0 0.4671875 0.0 0.934375
19 0.5 0.4671875 0.11666666666666667 0.065625
4 0.5 0.9671875 1.0 0.065625
