16 0.0 0.0 0.0 0.0
8 0.115625 0.05 0.19236111111111112 0.078125
7 0.17777777777777778 0.030078125 0.04861111111111111 0.02734375
52 0.3079861111111111 0.05 0.19236111111111112 0.078125
52 0.5003472222222223 0.05 0.19236111111111112 0.078125
52 0.6927083333333334 0.05 0.19236111111111112 0.078125
52 0.8847222222222222 0.05 0.19166666666666668 0.078125
16 0.5 0.05 0.9611111111111111 0.078125
842 0.1763888888888889 0.187109375 0.31805555555555554 0.17890625
842 0.5 0.187109375 0.31805555555555554 0.17890625
842 0.8236111111111111 0.187109375 0.31805555555555554 0.17890625
16 0.5 0.187109375 0.9708333333333333 0.18203125
842 0.1763888888888889 0.369140625 0.31805555555555554 0.17890625
842 0.5 0.369140625 0.31805555555555554 0.17890625
842 0.8236111111111111 0.369140625 0.31805555555555554 0.17890625
16 0.5 0.369140625 0.9708333333333333 0.18203125
842 0.1763888888888889 0.551171875 0.31805555555555554 0.17890625
842 0.5 0.551171875 0.31805555555555554 0.17890625
842 0.8236111111111111 0.551171875 0.31805555555555554 0.17890625
16 0.5 0.551171875 0.9708333333333333 0.18203125
842 0.1763888888888889 0.733203125 0.31805555555555554 0.17890625
842 0.5 0.733203125 0.31805555555555554 0.17890625
842 0.8236111111111111 0.733203125 0.31805555555555554 0.17890625
16 0.5 0.733203125 0.9708333333333333 0.18203125
843 0.5 0.4775390625 1.0 0.776953125
112 0.5 0.9001953125 1.0 0.068359375
844 0.0 0.866015625 0.0 0.0
16 0.5 0.51171875 1.0 0.8453125
5 0.5 0.5 1.0 1.0
7 0.36215277777777777 0.0431640625 0.17708333333333334 0.036328125
8 0.36215277777777777 0.0431640625 0.7243055555555555 0.086328125
16 0.3597222222222222 0.114453125 0.6805555555555556 0.05078125
4 0.7267361111111111 0.04453125 0.004861111111111111 0.0890625
7 0.3597222222222222 0.115234375 0.6805555555555556 0.04921875
16 0.3645833333333333 0.51171875 0.7291666666666666 0.8453125
19 0.019444444444444445 0.0890625 0.0 0.0
4 0.7267361111111111 0.51171875 0.004861111111111111 0.8453125
16 0.3645833333333333 0.4671875 0.7291666666666666 0.934375
4 0.5 0.9671875 1.0 0.065625
