7 0.0 0.0328125 0.0 0.0
6 0.058333333333333334 0.065625 0.11666666666666667 0.065625
7 0.5 0.065625 0.35138888888888886 0.065625
8 0.5 0.065625 1.0 0.065625
16 0.5 0.189453125 1.0 0.04375
845 0.11423611111111111 0.3125 0.15486111111111112 0.065625
6 0.9170138888888889 0.3123046875 0.04375 0.024609375
8 0.5 0.3453125 0.9263888888888889 0.065625
4 0.5 0.378515625 0.8777777777777778 0.00078125
845 0.14270833333333333 0.37890625 0.21180555555555555 0.065625
845 0.03680555555555556 0.3125 0.0 0.0
8 0.5 0.41171875 0.9263888888888889 0.065625
4 0.5 0.444921875 0.8777777777777778 0.00078125
845 0.12256944444444444 0.4453125 0.17152777777777778 0.065625
6 0.03680555555555556 0.4125 0.0 0.0
8 0.5 0.478125 0.9263888888888889 0.065625
16 0.5 0.37890625 0.9263888888888889 0.1984375
8 0.5 0.54453125 0.9263888888888889 0.065625
5 0.5 0.4671875 1.0 0.934375
845 0.5121527777777778 0.265234375 0.9020833333333333 0.02578125
845 0.18263888888888888 0.3453125 0.2916666666666667 0.065625
845 0.19444444444444445 0.41171875 0.31527777777777777 0.065625
845 0.17916666666666667 0.478125 0.2847222222222222 0.065625
59 0.9170138888888889 0.4779296875 0.04375 0.024609375
4 0.5 0.511328125 0.8777777777777778 0.00078125
845 0.12152777777777778 0.54453125 0.16944444444444445 0.065625
59 0.03680555555555556 0.51171875 0.0 0.0
4 0.5 0.577734375 0.8777777777777778 0.00078125
845 0.1517361111111111 0.6109375 0.2298611111111111 0.065625
59 0.03680555555555556 0.578125 0.0 0.0
8 0.5 0.6109375 0.9263888888888889 0.065625
4 0.5 0.644140625 0.8777777777777778 0.00078125
845 0.23020833333333332 0.67734375 0.38680555555555557 0.065625
59 0.03680555555555556 0.64453125 0.0 0.0
8 0.5 0.67734375 0.9263888888888889 0.065625
16 0.5 0.511328125 0.9263888888888889 0.39765625
114 0.5 0.76484375 0.9263888888888889 0.0546875
16 0.5 0.445703125 1.0 0.69296875
