845 0.0 0.0328125 0.0 0.0
7 0.5 0.065625 0.35138888888888886 0.065625
7 0.940625 0.065625 0.11875 0.065625
8 0.5 0.065625 1.0 0.065625
16 0.5 0.189453125 1.0 0.04375
845 0.11423611111111111 0.3125 0.15486111111111112 0.065625
6 0.9170138888888889 0.3123046875 0.04375 0.024609375
8 0.5 0.3125 0.9263888888888889 0.065625
4 0.5 0.345703125 0.8777777777777778 0.00078125
845 0.14270833333333333 0.37890625 0.21180555555555555 0.065625
6 0.03680555555555556 0.34609375 0.0 0.0
8 0.5 0.37890625 0.9263888888888889 0.065625
4 0.5 0.412109375 0.8777777777777778 0.00078125
845 0.12256944444444444 0.4453125 0.17152777777777778 0.065625
6 0.03680555555555556 0.4125 0.0 0.0
8 0.5 0.4453125 0.9263888888888889 0.065625
16 0.5 0.37890625 0.9263888888888889 0.1984375
114 0.5 0.5328125 0.9263888888888889 0.0546875
5 0.5 0.4671875 1.0 0.934375
