17 0.0 0.0328125 0.0 0.0
846 0.06805555555555555 0.07109375 0.058333333333333334 0.0328125
16 0.06805555555555555 0.07109375 0.1361111111111111 0.0765625
8 0.5 0.07109375 1.0 0.0765625
847 0.16666666666666666 0.1421875 0.058333333333333334 0.0328125
846 0.0 0.109375 0.0 0.0
848 0.16666666666666666 0.1421875 0.3333333333333333 0.065625
847 0.5 0.1421875 0.058333333333333334 0.0328125
846 0.3333333333333333 0.109375 0.0 0.0
848 0.5 0.1421875 0.3333333333333333 0.065625
847 0.8333333333333334 0.1421875 0.058333333333333334 0.0328125
846 0.6666666666666666 0.109375 0.0 0.0
848 0.8333333333333334 0.1421875 0.3333333333333333 0.065625
118 0.5 0.1421875 1.0 0.065625
849 0.0 0.4822265625 0.0 0.614453125
850 0.5 0.337890625 0.9611111111111111 0.30390625
846 0.28923611111111114 0.5283203125 0.4618055555555556 0.033203125
846 0.5 0.67265625 0.8833333333333333 0.23359375
846 0.019444444444444445 0.1859375 0.0 0.0
44 0.6402777777777777 0.85234375 0.1361111111111111 0.12578125
44 0.7763888888888889 0.85234375 0.1361111111111111 0.12578125
44 0.9125 0.85234375 0.1361111111111111 0.12578125
850 0.5 0.89140625 0.9611111111111111 0.20390625
849 0.5 0.4822265625 1.0 0.614453125
71 0.08784722222222222 0.827734375 0.13680555555555557 0.0546875
8 0.4996527777777778 0.827734375 0.6868055555555556 0.02734375
71 0.9118055555555555 0.827734375 0.1375 0.0546875
41 0.5 0.827734375 0.9611111111111111 0.0546875
16 0.5 0.5205078125 1.0 0.691015625
34 0.5 0.48359375 1.0 0.9015625
850 0.0 0.1404296875 0.0 0.215234375
82 0.0 0.291796875 0.0 0.065625
82 0.0 0.357421875 0.0 0.065625
82 0.0 0.423046875 0.0 0.065625
82 0.0 0.488671875 0.0 0.065625
113 0.0 0.4494140625 0.0 0.833203125
117 0.5 0.9001953125 1.0 0.068359375
5 0.5 0.5 1.0 1.0
4 0.5 0.9671875 1.0 0.065625
4 0.5 0.01640625 1.0 0.0328125
