851 0.5 0.50546875 1.0 0.8578125
6 0.08541666666666667 0.9123046875 0.14583333333333334 0.030078125
451 0.0 0.0765625 0.0 0.0
521 0.9756944444444444 0.090234375 0.0 0.0
8 0.9756944444444444 0.50546875 0.0 0.83046875
7 0.09131944444444444 0.11328125 0.10486111111111111 0.0296875
407 0.5 0.0765625 1.0 0.0
7 0.7295138888888889 0.2662109375 0.09791666666666667 0.159765625
8 0.7631944444444444 0.261328125 0.4 0.225
8 0.8798611111111111 0.195703125 0.16666666666666666 0.09375
7 0.8798611111111111 0.195703125 0.0 0.09375
8 0.5 0.261328125 0.975 0.25234375
16 0.0 0.934375 0.0 0.0
852 0.5 0.9138671875 1.0 0.041015625
6 0.09722222222222222 0.85234375 0.14583333333333334 0.08203125
6 0.09722222222222222 0.756640625 0.14583333333333334 0.08203125
6 0.9027777777777778 0.85234375 0.14583333333333334 0.08203125
6 0.9027777777777778 0.756640625 0.14583333333333334 0.08203125
6 0.9027777777777778 0.6609375 0.14583333333333334 0.08203125
8 0.0 0.2892578125 0.0 0.322265625
50 0.0 0.2408203125 0.0 0.225390625
8 0.0 0.401953125 0.0 0.096875
8 0.0 0.6923828125 0.0 0.483984375
8 0.0 0.50546875 0.0 0.8578125
451 0.0 0.17734375 0.0 0.0
7 0.14444444444444443 0.141015625 0.2111111111111111 0.02578125
8 0.5 0.126171875 0.9222222222222223 0.09921875
7 0.08333333333333333 0.2140625 0.08888888888888889 0.0296875
7 0.14444444444444443 0.241796875 0.2111111111111111 0.02578125
8 0.5 0.226953125 0.9222222222222223 0.09921875
451 0.0 0.278125 0.0 0.0
7 0.20381944444444444 0.31484375 0.3298611111111111 0.0296875
7 0.10243055555555555 0.342578125 0.12708333333333333 0.02578125
8 0.42291666666666666 0.327734375 0.7680555555555556 0.09921875
790 0.9034722222222222 0.3275390625 0.11527777777777778 0.037109375
16 0.8840277777777777 0.327734375 0.15416666666666667 0.09921875
16 0.5 0.327734375 1.0 0.09921875
451 0.0 0.37890625 0.0 0.0
7 0.203125 0.415625 0.3284722222222222 0.0296875
7 0.10208333333333333 0.443359375 0.12638888888888888 0.02578125
8 0.42291666666666666 0.428515625 0.7680555555555556 0.09921875
790 0.9034722222222222 0.4283203125 0.11527777777777778 0.037109375
16 0.8840277777777777 0.428515625 0.15416666666666667 0.09921875
16 0.5 0.428515625 1.0 0.09921875
451 0.0 0.4796875 0.0 0.0
7 0.19895833333333332 0.51640625 0.32013888888888886 0.0296875
8 0.42291666666666666 0.51640625 0.7680555555555556 0.0734375
16 0.8840277777777777 0.51640625 0.15416666666666667 0.0734375
16 0.5 0.51640625 1.0 0.0734375
16 0.5 0.31484375 1.0 0.4765625
414 0.5 0.7109375 1.0 0.315625
6 0.16527777777777777 0.9015625 0.33055555555555555 0.065625
16 0.0 0.119140625 0.0 0.08515625
16 0.0 0.20390625 0.0 0.08515625
16 0.0 0.288671875 0.0 0.08515625
4 0.0 0.3310546875 0.0 0.000390625
16 0.0 0.458203125 0.0 0.08515625
16 0.0 0.54296875 0.0 0.08515625
4 0.0 0.5853515625 0.0 0.000390625
16 0.06805555555555555 0.03828125 0.1361111111111111 0.065625
6 0.13645833333333332 0.0380859375 0.0006944444444444445 0.000390625
7 0.33541666666666664 0.0380859375 0.37777777777777777 0.033203125
91 0.9513888888888888 0.03828125 0.09722222222222222 0.065625
57 0.5 0.03828125 1.0 0.0765625
6 0.06319444444444444 0.03828125 0.058333333333333334 0.0328125
143 0.7277777777777777 0.03828125 0.11666666666666667 0.065625
143 0.8444444444444444 0.03828125 0.11666666666666667 0.065625
55 0.8347222222222223 0.03828125 0.33055555555555555 0.065625
5 0.5 0.5 1.0 1.0
