445 0.0 0.0328125 0.0 0.0
853 0.3329861111111111 0.1021484375 0.3159722222222222 0.014453125
44 0.06805555555555555 0.07109375 0.1361111111111111 0.0765625
45 1.0 0.07109375 0.0 0.0765625
80 0.5 0.07109375 1.0 0.0765625
853 0.5 0.14765625 0.9222222222222223 0.0546875
853 0.23541666666666666 0.244921875 0.39305555555555555 0.02421875
38 0.0 0.196875 0.0 0.0
8 0.5 0.23515625 1.0 0.0765625
854 0.0875 0.328125 0.09722222222222222 0.0546875
38 0.03888888888888889 0.30078125 0.0 0.0
853 0.5875 0.328125 0.825 0.109375
8 0.5 0.328125 1.0 0.109375
853 0.03888888888888889 0.41015625 0.0 0.0
854 0.0875 0.4375 0.09722222222222222 0.0546875
853 0.5875 0.4375 0.825 0.109375
8 0.5 0.4375 1.0 0.109375
853 0.03888888888888889 0.51953125 0.0 0.0
854 0.0875 0.546875 0.09722222222222222 0.0546875
853 0.5875 0.546875 0.825 0.109375
8 0.5 0.546875 1.0 0.109375
139 0.5 0.48359375 1.0 0.9015625
855 0.4996527777777778 0.4833984375 0.12152777777777778 0.068359375
853 0.5 0.934375 0.9222222222222223 0.0
5 0.5 0.5 1.0 1.0
4 0.5 0.9671875 1.0 0.065625
4 0.5 0.01640625 1.0 0.0328125
