0 0.0 0.0 0.0 0.0
6 0.06805555555555555 0.07109375 0.11666666666666667 0.065625
7 0.5079861111111111 0.07109375 0.6854166666666667 0.0296875
856 0.9090277777777778 0.07109375 0.11666666666666667 0.03359375
857 0.9440972222222223 0.07109375 0.04652777777777778 0.03359375
8 0.5 0.07109375 1.0 0.0765625
16 0.0 0.2328125 0.0 0.0
103 0.0 0.5693359375 0.0 0.593359375
858 0.0 0.9001953125 0.0 0.068359375
16 0.0 0.58359375 0.0 0.7015625
103 1.0 0.5494140625 0.0 0.633203125
858 1.0 0.9001953125 0.0 0.068359375
194 0.5 0.2328125 0.09722222222222222 0.0
859 0.5 0.58359375 1.0 0.7015625
858 0.5 0.9001953125 1.0 0.068359375
6 0.4996527777777778 0.5158203125 0.3159722222222222 0.162890625
7 0.4996527777777778 0.6412109375 0.46458333333333335 0.033203125
7 0.5 0.701953125 0.9027777777777778 0.0609375
114 0.0 0.40703125 0.0 0.0
860 0.5 0.5833984375 1.0 0.352734375
860 0.0 0.109375 0.0 0.0
861 0.5 0.2328125 1.0 0.0
4 0.125 0.140234375 0.25 0.06171875
8 0.25 0.109375 0.0 0.0
862 0.5 0.140234375 0.5 0.06171875
8 0.75 0.140234375 0.0 0.06171875
4 0.875 0.140234375 0.25 0.06171875
863 0.5 0.140234375 1.0 0.06171875
6 0.05625 0.201953125 0.09722222222222222 0.06171875
50 0.9513888888888888 0.201953125 0.09722222222222222 0.06171875
7 0.5038194444444445 0.201953125 0.7729166666666667 0.02578125
455 0.5 0.48359375 1.0 0.9015625
158 0.4222222222222222 0.046484375 0.8444444444444444 0.02734375
6 0.4222222222222222 0.0875 0.3263888888888889 0.0546875
158 0.4222222222222222 0.128515625 0.8444444444444444 0.02734375
16 0.4222222222222222 0.09296875 0.8444444444444444 0.1203125
82 0.4222222222222222 0.1859375 0.8444444444444444 0.065625
50 0.8055555555555556 0.1859375 0.0 0.065625
82 0.4222222222222222 0.2515625 0.8444444444444444 0.065625
50 0.8055555555555556 0.2515625 0.0 0.065625
82 0.4222222222222222 0.3171875 0.8444444444444444 0.065625
50 0.8055555555555556 0.3171875 0.0 0.065625
82 0.4222222222222222 0.3828125 0.8444444444444444 0.065625
50 0.8055555555555556 0.3828125 0.0 0.065625
82 0.4222222222222222 0.4484375 0.8444444444444444 0.065625
50 0.8055555555555556 0.4484375 0.0 0.065625
50 0.4222222222222222 0.49296875 0.8444444444444444 0.0234375
82 0.4222222222222222 0.5375 0.8444444444444444 0.065625
50 0.8055555555555556 0.5375 0.0 0.065625
82 0.4222222222222222 0.603125 0.8444444444444444 0.065625
50 0.8055555555555556 0.603125 0.0 0.065625
82 0.4222222222222222 0.66875 0.8444444444444444 0.065625
50 0.8055555555555556 0.66875 0.0 0.065625
82 0.4222222222222222 0.734375 0.8444444444444444 0.065625
50 0.8055555555555556 0.734375 0.0 0.065625
50 0.4222222222222222 0.77890625 0.8444444444444444 0.0234375
82 0.4222222222222222 0.8234375 0.8444444444444444 0.065625
50 0.8055555555555556 0.8234375 0.0 0.065625
82 0.4222222222222222 0.8890625 0.8444444444444444 0.065625
50 0.8055555555555556 0.928125 0.0 0.0125
82 0.4222222222222222 0.928125 0.8444444444444444 0.0125
113 0.4222222222222222 0.48359375 0.8444444444444444 0.9015625
5 0.5 0.5 1.0 1.0
4 0.5 0.9671875 1.0 0.065625
4 0.5 0.01640625 1.0 0.0328125
