44 0.0 0.0328125 0.0 0.0
34 0.5 0.48359375 1.0 0.9015625
38 0.024305555555555556 0.11484375 0.04861111111111111 0.02734375
82 0.0 0.8546875 0.0 0.065625
82 0.0 0.7234375 0.0 0.065625
38 0.05347222222222222 0.0669921875 0.10694444444444444 0.068359375
43 0.45381944444444444 0.0669921875 0.6840277777777778 0.068359375
38 0.8493055555555555 0.0669921875 0.10694444444444444 0.068359375
38 0.9513888888888888 0.0669921875 0.09722222222222222 0.068359375
16 0.5 0.0669921875 1.0 0.068359375
43 0.20069444444444445 0.1146484375 0.30416666666666664 0.018359375
43 0.046875 0.1419921875 0.09375 0.018359375
16 0.19479166666666667 0.128515625 0.38958333333333334 0.0546875
43 0.47118055555555555 0.1501953125 0.18263888888888888 0.033203125
654 0.7083333333333334 0.1501953125 0.2916666666666667 0.024609375
38 0.9027777777777778 0.150390625 0.0875 0.04921875
38 0.3701388888888889 0.123046875 0.0 0.0
16 0.665625 0.150390625 0.5909722222222222 0.0546875
16 1.0 0.838671875 0.0 0.0
864 0.9125 0.734765625 0.09722222222222222 0.0546875
864 0.9125 0.800390625 0.09722222222222222 0.0546875
864 0.0875 0.800390625 0.09722222222222222 0.0546875
864 0.22361111111111112 0.800390625 0.09722222222222222 0.0546875
864 0.0875 0.734765625 0.09722222222222222 0.0546875
864 0.0875 0.669140625 0.09722222222222222 0.0546875
864 0.3597222222222222 0.800390625 0.09722222222222222 0.0546875
117 0.5 0.9001953125 1.0 0.068359375
43 0.2743055555555556 0.7634765625 0.5486111111111112 0.068359375
71 0.6673611111111111 0.76328125 0.2375 0.0546875
71 0.8930555555555556 0.76328125 0.21388888888888888 0.0546875
16 0.5 0.7634765625 1.0 0.068359375
43 0.4392361111111111 0.8318359375 0.8784722222222222 0.068359375
38 0.9392361111111112 0.8318359375 0.12152777777777778 0.068359375
38 0.9107638888888889 0.895703125 0.17847222222222223 0.07734375
16 0.0 0.09296875 0.0 0.1203125
82 0.0 0.1859375 0.0 0.065625
82 0.0 0.2515625 0.0 0.065625
82 0.0 0.3171875 0.0 0.065625
82 0.0 0.3828125 0.0 0.065625
43 0.0 0.4609375 0.0 0.065625
82 0.0 0.5265625 0.0 0.065625
82 0.0 0.5921875 0.0 0.065625
82 0.0 0.6578125 0.0 0.065625
82 0.0 0.7890625 0.0 0.065625
113 0.0 0.48359375 0.0 0.9015625
4 0.5 0.9671875 1.0 0.065625
4 0.5 0.01640625 1.0 0.0328125
5 0.5 0.5 1.0 1.0
