0 0.0 0.0 0.0 0.0
6 0.06805555555555555 0.066796875 0.058333333333333334 0.0328125
7 0.19722222222222222 0.066796875 0.2 0.03515625
343 0.8076388888888889 0.066796875 0.30694444444444446 0.0421875
865 0.5739583333333333 0.05625 0.5284722222222222 0.046875
52 0.30972222222222223 0.0328125 0.0 0.0
52 0.7965277777777777 0.05625 0.08333333333333333 0.046875
8 0.6291666666666667 0.0669921875 0.6638888888888889 0.068359375
8 0.5 0.0669921875 1.0 0.068359375
16 0.9611111111111111 0.0669921875 0.0 0.068359375
10 0.5 0.101171875 1.0 0.0
114 0.5 0.878125 0.175 0.0984375
455 0.5 0.5177734375 1.0 0.833203125
4 0.004861111111111111 0.13125 0.009722222222222222 0.06015625
6 0.07569444444444444 0.13125 0.058333333333333334 0.0328125
7 0.24965277777777778 0.13125 0.14375 0.0296875
16 0.17777777777777778 0.13125 0.33611111111111114 0.06015625
16 0.3038194444444444 0.13203125 0.6076388888888888 0.06171875
4 0.004861111111111111 0.192578125 0.009722222222222222 0.06015625
6 0.07569444444444444 0.192578125 0.058333333333333334 0.0328125
7 0.22083333333333333 0.192578125 0.08611111111111111 0.0296875
16 0.14895833333333333 0.192578125 0.27847222222222223 0.06015625
16 0.3038194444444444 0.193359375 0.6076388888888888 0.06171875
4 0.004861111111111111 0.25390625 0.009722222222222222 0.06015625
6 0.07569444444444444 0.25390625 0.058333333333333334 0.0328125
7 0.2142361111111111 0.25390625 0.07291666666666667 0.0296875
16 0.1423611111111111 0.25390625 0.2652777777777778 0.06015625
16 0.3038194444444444 0.2546875 0.6076388888888888 0.06171875
4 0.004861111111111111 0.315234375 0.009722222222222222 0.06015625
6 0.07569444444444444 0.315234375 0.058333333333333334 0.0328125
7 0.2611111111111111 0.315234375 0.16666666666666666 0.0296875
16 0.1892361111111111 0.315234375 0.3590277777777778 0.06015625
16 0.3038194444444444 0.316015625 0.6076388888888888 0.06171875
4 0.004861111111111111 0.3765625 0.009722222222222222 0.06015625
6 0.07569444444444444 0.3765625 0.058333333333333334 0.0328125
7 0.24513888888888888 0.3765625 0.13472222222222222 0.0296875
16 0.17326388888888888 0.3765625 0.32708333333333334 0.06015625
16 0.3038194444444444 0.37734375 0.6076388888888888 0.06171875
4 0.004861111111111111 0.437890625 0.009722222222222222 0.06015625
6 0.07569444444444444 0.437890625 0.058333333333333334 0.0328125
7 0.2513888888888889 0.437890625 0.14722222222222223 0.0296875
16 0.1795138888888889 0.437890625 0.33958333333333335 0.06015625
16 0.3038194444444444 0.438671875 0.6076388888888888 0.06171875
4 0.004861111111111111 0.49921875 0.009722222222222222 0.06015625
6 0.07569444444444444 0.49921875 0.058333333333333334 0.0328125
7 0.26284722222222223 0.49921875 0.1701388888888889 0.0296875
16 0.1909722222222222 0.49921875 0.3625 0.06015625
16 0.3038194444444444 0.5 0.6076388888888888 0.06171875
4 0.004861111111111111 0.560546875 0.009722222222222222 0.06015625
6 0.07569444444444444 0.560546875 0.058333333333333334 0.0328125
7 0.3416666666666667 0.560546875 0.3277777777777778 0.0296875
16 0.3038194444444444 0.561328125 0.6076388888888888 0.06171875
16 0.3038194444444444 0.62265625 0.6076388888888888 0.06171875
4 0.004861111111111111 0.621875 0.009722222222222222 0.06015625
6 0.07569444444444444 0.621875 0.058333333333333334 0.0328125
7 0.3003472222222222 0.621875 0.24513888888888888 0.0296875
16 0.22847222222222222 0.621875 0.4375 0.06015625
16 0.3038194444444444 0.683984375 0.6076388888888888 0.06171875
4 0.004861111111111111 0.683203125 0.009722222222222222 0.06015625
6 0.07569444444444444 0.683203125 0.058333333333333334 0.0328125
7 0.29618055555555556 0.683203125 0.23680555555555555 0.0296875
16 0.22430555555555556 0.683203125 0.42916666666666664 0.06015625
16 0.3038194444444444 0.7453125 0.6076388888888888 0.06171875
4 0.004861111111111111 0.74453125 0.009722222222222222 0.06015625
6 0.07569444444444444 0.74453125 0.058333333333333334 0.0328125
7 0.21770833333333334 0.74453125 0.0798611111111111 0.0296875
16 0.14583333333333334 0.74453125 0.2722222222222222 0.06015625
16 0.3038194444444444 0.806640625 0.6076388888888888 0.06171875
4 0.004861111111111111 0.805859375 0.009722222222222222 0.06015625
6 0.07569444444444444 0.805859375 0.058333333333333334 0.0328125
7 0.24861111111111112 0.805859375 0.14166666666666666 0.0296875
16 0.17673611111111112 0.805859375 0.33402777777777776 0.06015625
16 0.3038194444444444 0.86796875 0.6076388888888888 0.06171875
4 0.004861111111111111 0.8671875 0.009722222222222222 0.06015625
6 0.07569444444444444 0.8671875 0.058333333333333334 0.0328125
7 0.21145833333333333 0.8671875 0.06736111111111111 0.0296875
16 0.13958333333333334 0.8671875 0.25972222222222224 0.06015625
7 0.3038194444444444 0.898046875 0.5979166666666667 0.0015625
10 0.3038194444444444 0.5177734375 0.6076388888888888 0.833203125
5 0.5 0.4671875 1.0 0.934375
