17 0.0 0.0 0.0 0.0
43 0.23645833333333333 0.0708984375 0.12291666666666666 0.036328125
44 0.06805555555555555 0.07109375 0.1361111111111111 0.0765625
322 0.65 0.03828125 0.0 0.0
38 0.7083333333333334 0.07109375 0.11666666666666667 0.065625
22 0.825 0.07109375 0.11666666666666667 0.065625
22 0.9416666666666667 0.07109375 0.11666666666666667 0.065625
45 0.825 0.07109375 0.35 0.0765625
80 0.5 0.07109375 1.0 0.0765625
7 0.06458333333333334 0.1439453125 0.12916666666666668 0.066015625
7 0.23159722222222223 0.1439453125 0.2048611111111111 0.066015625
7 0.41423611111111114 0.1439453125 0.16041666666666668 0.066015625
7 0.5680555555555555 0.1439453125 0.14722222222222223 0.066015625
7 0.7631944444444444 0.1439453125 0.24305555555555555 0.066015625
7 0.9423611111111111 0.1439453125 0.11527777777777778 0.066015625
866 0.5 0.1439453125 1.0 0.066015625
43 0.14097222222222222 0.18984375 0.23333333333333334 0.02578125
43 0.5704861111111111 0.1931640625 0.6256944444444444 0.027734375
8 0.5 0.193359375 1.0 0.0328125
38 0.5 0.2890625 1.0 0.22421875
43 0.4996527777777778 0.4107421875 0.34652777777777777 0.067578125
16 0.5 0.4107421875 1.0 0.067578125
43 0.5 0.46796875 1.0 0.046875
43 0.5 0.5080078125 1.0 0.033203125
43 0.5 0.6556640625 1.0 0.262109375
509 0.5 0.4818359375 1.0 0.609765625
71 0.5 0.81953125 0.9513888888888888 0.065625
455 0.5 0.4884765625 1.0 0.755078125
8 1.0 0.521484375 0.0 0.6890625
16 0.0 0.1765625 0.0 0.065625
8 0.0 0.22109375 0.0 0.0234375
16 0.0 0.265625 0.0 0.065625
8 0.0 0.31015625 0.0 0.0234375
16 0.0 0.3546875 0.0 0.065625
8 0.0 0.39921875 0.0 0.0234375
16 0.0 0.44375 0.0 0.065625
8 0.0 0.48828125 0.0 0.0234375
16 0.0 0.5328125 0.0 0.065625
867 0.0 0.4884765625 0.0 0.755078125
34 0.5 0.4671875 1.0 0.934375
687 0.5 0.9001953125 0.7777777777777778 0.068359375
844 0.5 0.9001953125 1.0 0.068359375
4 0.5 0.9671875 1.0 0.065625
4 0.5 0.01640625 1.0 0.0328125
5 0.5 0.5 1.0 1.0
