0 0.0 0.0 0.0 0.0
16 0.5 0.0646484375 1.0 0.063671875
6 0.9659722222222222 0.13515625 0.019444444444444445 0.01796875
7 0.49027777777777776 0.1490234375 0.9319444444444445 0.022265625
8 0.5 0.13515625 1.0 0.07734375
6 0.9659722222222222 0.2125 0.019444444444444445 0.01796875
7 0.49027777777777776 0.2263671875 0.9319444444444445 0.022265625
8 0.5 0.2125 1.0 0.07734375
6 0.9659722222222222 0.28984375 0.019444444444444445 0.01796875
7 0.49027777777777776 0.3037109375 0.9319444444444445 0.022265625
8 0.5 0.28984375 1.0 0.07734375
6 0.9659722222222222 0.3671875 0.019444444444444445 0.01796875
7 0.49027777777777776 0.3810546875 0.9319444444444445 0.022265625
8 0.5 0.3671875 1.0 0.07734375
6 0.9659722222222222 0.44453125 0.019444444444444445 0.01796875
7 0.49027777777777776 0.4583984375 0.9319444444444445 0.022265625
8 0.5 0.44453125 1.0 0.07734375
16 0.5 0.28984375 1.0 0.38671875
146 0.5 0.48125 1.0 0.76953125
117 0.5 0.9001953125 0.7777777777777778 0.068359375
16 0.5 0.9001953125 1.0 0.068359375
5 0.5 0.4671875 1.0 0.934375
