17 0.0 0.0328125 0.0 0.0
38 0.175 0.03828125 0.0 0.0
43 0.278125 0.0708984375 0.14791666666666667 0.022265625
38 0.38125 0.03828125 0.0 0.0
43 0.46875 0.0708984375 0.05555555555555555 0.022265625
868 0.46875 0.07109375 0.175 0.065625
38 0.55625 0.03828125 0.0 0.0
43 0.6576388888888889 0.0708984375 0.14444444444444443 0.022265625
164 0.5291666666666667 0.07109375 0.7083333333333334 0.065625
44 0.06805555555555555 0.07109375 0.1361111111111111 0.0765625
22 0.9416666666666667 0.07109375 0.11666666666666667 0.065625
118 0.5 0.07109375 1.0 0.0765625
43 0.0 0.2337890625 0.0 0.117578125
10 0.0 0.6134765625 0.0 0.641796875
71 0.0 0.109375 0.0 0.0
111 0.0 0.521875 0.0 0.825
43 0.5 0.219140625 1.0 0.08828125
209 0.5 0.1416015625 0.9513888888888888 0.037109375
10 0.5 0.26328125 1.0 0.0
34 0.5 0.48359375 1.0 0.9015625
32 0.8951388888888889 0.875390625 0.1361111111111111 0.0765625
8 1.0 0.1421875 0.0 0.065625
8 1.0 0.521875 0.0 0.825
16 0.0 0.294140625 0.0 0.07421875
16 0.0 0.36796875 0.0 0.07421875
16 0.0 0.441796875 0.0 0.07421875
5 0.5 0.5 1.0 1.0
4 0.5 0.9671875 1.0 0.065625
4 0.5 0.01640625 1.0 0.0328125
