61 0.0 0.0328125 0.0 0.0
144 0.5121527777777778 0.2546875 0.8979166666666667 0.246875
38 0.2847222222222222 0.5919921875 0.49166666666666664 0.427734375
145 0.7131944444444445 0.4 0.36527777777777776 0.04375
16 0.7458333333333333 0.5919921875 0.4305555555555556 0.427734375
16 0.5 0.5919921875 0.9222222222222223 0.427734375
16 0.5 0.8591796875 0.9222222222222223 0.106640625
16 0.5 0.6453125 0.9222222222222223 0.534375
77 0.5 0.48359375 1.0 0.9015625
7 0.2513888888888889 0.0708984375 0.2111111111111111 0.036328125
52 0.06805555555555555 0.07109375 0.1361111111111111 0.0765625
165 0.9416666666666667 0.07109375 0.11666666666666667 0.065625
74 0.5 0.07109375 1.0 0.0765625
5 0.5 0.5 1.0 1.0
4 0.5 0.9671875 1.0 0.065625
4 0.5 0.01640625 1.0 0.0328125
