8 0.0 0.0 0.0 0.0
869 0.5 0.4671875 1.0 0.934375
870 0.1375 0.7734375 0.15833333333333333 0.0984375
6 0.26805555555555555 0.7564453125 0.0875 0.022265625
16 0.5038194444444445 0.762109375 0.5006944444444444 0.07578125
16 0.5 0.770703125 1.0 0.12578125
6 0.9368055555555556 0.861328125 0.06805555555555555 0.0140625
7 0.8072916666666666 0.8611328125 0.18125 0.016796875
6 0.7041666666666667 0.862109375 0.019444444444444445 0.0125
8 0.5 0.8072265625 0.9416666666666667 0.240234375
6 0.07777777777777778 0.71171875 0.0875 0.04921875
7 0.196875 0.71171875 0.14097222222222222 0.04921875
7 0.1607638888888889 0.75859375 0.06875 0.03046875
6 0.07777777777777778 0.7583984375 0.0875 0.022265625
871 0.2482638888888889 0.8404296875 0.43819444444444444 0.173828125
872 0.7336805555555556 0.8212890625 0.47430555555555554 0.135546875
6 0.9291666666666667 0.909375 0.06805555555555555 0.0140625
7 0.8229166666666666 0.9091796875 0.13472222222222222 0.016796875
6 0.7430555555555556 0.91015625 0.019444444444444445 0.0125
8 0.0 0.08203125 0.0 0.0
873 0.5 0.508203125 1.0 0.85234375
874 0.5 0.0 1.0 0.0
6 0.08645833333333333 0.041015625 0.17291666666666666 0.08203125
6 0.9135416666666667 0.0408203125 0.05625 0.031640625
7 0.5 0.033984375 0.2902777777777778 0.03515625
6 0.17291666666666666 0.0 0.0 0.0
875 0.5 0.063671875 0.18055555555555555 0.02421875
8 0.5 0.037890625 0.6541666666666667 0.07578125
8 0.5 0.041015625 1.0 0.08203125
6 0.07916666666666666 0.2015625 0.041666666666666664 0.0234375
7 0.3315972222222222 0.2015625 0.41458333333333336 0.03515625
7 0.6114583333333333 0.2015625 0.09652777777777778 0.02421875
8 0.5 0.2017578125 1.0 0.075390625
16 0.5 0.1615234375 1.0 0.158984375
16 0.0 0.0943359375 0.0 0.062890625
16 0.0 0.19296875 0.0 0.0
16 0.0 0.255859375 0.0 0.0
16 0.0 0.31875 0.0 0.0
16 0.0 0.381640625 0.0 0.0
16 0.0 0.44453125 0.0 0.0
16 0.0 0.507421875 0.0 0.0
16 0.0 0.5703125 0.0 0.0
16 0.0 0.633203125 0.0 0.0
16 0.0 0.69609375 0.0 0.0
16 0.0 0.7275390625 0.0 0.062890625
16 0.0 0.826171875 0.0 0.0
16 0.0 0.8890625 0.0 0.0
16 0.0 0.91171875 0.0 0.0453125
876 0.0 0.4671875 0.0 0.934375
