877 0.0 0.0 0.0 0.0
6 0.058333333333333334 0.0328125 0.11666666666666667 0.065625
16 0.4996527777777778 0.03359375 0.4618055555555556 0.0671875
16 0.9340277777777778 0.0318359375 0.058333333333333334 0.022265625
8 0.5 0.03359375 1.0 0.0671875
878 0.03611111111111111 0.0734375 0.0 0.0
878 0.39618055555555554 0.0435546875 0.6229166666666667 0.047265625
16 0.5 0.056640625 0.9277777777777778 0.02109375
16 0.9291666666666667 0.056640625 0.06944444444444445 0.02109375
16 0.5 0.0703125 0.9277777777777778 0.00625
50 0.07083333333333333 0.106640625 0.06944444444444445 0.06640625
16 0.07083333333333333 0.1314453125 0.06944444444444445 0.116015625
879 0.15694444444444444 0.0734375 0.0 0.0
878 0.4270833333333333 0.1494140625 0.44305555555555554 0.027734375
16 0.5 0.1314453125 0.9277777777777778 0.116015625
50 0.9638888888888889 0.0734375 0.0 0.0
16 0.9638888888888889 0.1314453125 0.0 0.116015625
16 0.5 0.1451171875 0.9277777777777778 0.143359375
879 0.03611111111111111 0.216796875 0.0 0.0
16 0.03611111111111111 0.2748046875 0.0 0.116015625
878 0.175 0.2650390625 0.18055555555555555 0.027734375
878 0.209375 0.2927734375 0.24930555555555556 0.027734375
16 0.5 0.2748046875 0.9277777777777778 0.116015625
16 0.9291666666666667 0.2748046875 0.06944444444444445 0.116015625
50 0.9291666666666667 0.25 0.06944444444444445 0.06640625
6 0.8944444444444445 0.216796875 0.0 0.0
16 0.5 0.2884765625 0.9277777777777778 0.143359375
878 0.03611111111111111 0.36015625 0.0 0.0
50 0.07083333333333333 0.393359375 0.06944444444444445 0.06640625
16 0.07083333333333333 0.4181640625 0.06944444444444445 0.116015625
880 0.15694444444444444 0.36015625 0.0 0.0
878 0.2798611111111111 0.4083984375 0.1486111111111111 0.027734375
878 0.45034722222222223 0.4083984375 0.017361111111111112 0.027734375
878 0.6368055555555555 0.4083984375 0.35555555555555557 0.027734375
878 0.8232638888888889 0.4083984375 0.017361111111111112 0.027734375
879 0.51875 0.4083984375 0.6263888888888889 0.027734375
878 0.540625 0.4361328125 0.6701388888888888 0.027734375
16 0.5 0.4181640625 0.9277777777777778 0.116015625
50 0.9638888888888889 0.36015625 0.0 0.0
16 0.9638888888888889 0.4181640625 0.0 0.116015625
16 0.5 0.4318359375 0.9277777777777778 0.143359375
879 0.03611111111111111 0.503515625 0.0 0.0
16 0.03611111111111111 0.5857421875 0.0 0.164453125
878 0.4395833333333333 0.5638671875 0.7097222222222223 0.051953125
878 0.4395833333333333 0.6158203125 0.7097222222222223 0.051953125
16 0.5 0.5857421875 0.9277777777777778 0.164453125
16 0.9291666666666667 0.5857421875 0.06944444444444445 0.164453125
50 0.9291666666666667 0.53671875 0.06944444444444445 0.06640625
6 0.8944444444444445 0.503515625 0.0 0.0
16 0.5 0.5994140625 0.9277777777777778 0.191796875
878 0.03611111111111111 0.6953125 0.0 0.0
50 0.07083333333333333 0.728515625 0.06944444444444445 0.06640625
16 0.07083333333333333 0.7533203125 0.06944444444444445 0.116015625
880 0.15694444444444444 0.6953125 0.0 0.0
879 0.26180555555555557 0.7435546875 0.1125 0.027734375
878 0.309375 0.7435546875 0.017361111111111112 0.027734375
878 0.3486111111111111 0.7712890625 0.2861111111111111 0.027734375
16 0.5 0.7533203125 0.9277777777777778 0.116015625
50 0.9638888888888889 0.6953125 0.0 0.0
16 0.9638888888888889 0.7533203125 0.0 0.116015625
16 0.5 0.7669921875 0.9277777777777778 0.143359375
881 0.5 0.4529296875 1.0 0.771484375
114 0.9815972222222222 0.4529296875 0.03680555555555556 0.771484375
16 0.5 0.8318359375 1.0 0.013671875
4 0.5 0.8900390625 1.0 0.102734375
882 0.5 0.8865234375 1.0 0.095703125
8 0.3458333333333333 0.8865234375 0.1763888888888889 0.040234375
7 0.42916666666666664 0.8783203125 0.0 0.018359375
883 0.3458333333333333 0.8865234375 0.25 0.081640625
8 0.6368055555555555 0.8865234375 0.20972222222222223 0.040234375
7 0.7368055555555556 0.8783203125 0.0 0.018359375
883 0.6368055555555555 0.8865234375 0.2833333333333333 0.081640625
5 0.5 0.4671875 1.0 0.934375
