6 0.5 0.3255859375 0.9263888888888889 0.150390625
7 0.5 0.46484375 0.9263888888888889 0.059375
16 0.5 0.3623046875 1.0 0.527734375
7 0.5 0.6671875 0.9263888888888889 0.08203125
7 0.5 0.769921875 0.9263888888888889 0.08203125
7 0.5 0.87265625 0.9263888888888889 0.08203125
16 0.5 0.7802734375 1.0 0.308203125
8 0.5 0.51640625 1.0 0.8359375
54 0.02013888888888889 0.065625 0.04027777777777778 0.065625
16 0.15555555555555556 0.065625 0.3111111111111111 0.065625
55 1.0 0.065625 0.0 0.065625
56 0.5 0.065625 1.0 0.065625
57 0.0 0.0328125 0.0 0.0
53 0.5 0.4671875 1.0 0.934375
