0 0.0 0.0 0.0 0.0
114 0.5 0.834765625 0.5819444444444445 0.03984375
114 0.5 0.89453125 0.21388888888888888 0.065625
16 0.5 0.874609375 1.0 0.11953125
7 0.5 0.1947265625 1.0 0.323828125
59 0.5 0.3921875 0.9027777777777778 0.04375
59 0.5 0.449609375 0.9027777777777778 0.04375
59 0.5 0.50703125 0.9027777777777778 0.04375
7 0.5 0.5625 0.9027777777777778 0.02578125
16 0.5 0.3041015625 1.0 0.542578125
146 0.5 0.423828125 1.0 0.78203125
8 0.5 0.48359375 1.0 0.9015625
4 0.5 0.9671875 1.0 0.065625
4 0.5 0.01640625 1.0 0.0328125
5 0.5 0.5 1.0 1.0
