17 0.0 0.0328125 0.0 0.0
885 0.5 0.5 1.0 0.86875
38 0.5 0.168359375 0.6347222222222222 0.109375
38 0.08263888888888889 0.645703125 0.10694444444444444 0.06015625
4 0.13680555555555557 0.645703125 0.001388888888888889 0.03828125
144 0.5541666666666667 0.645703125 0.8333333333333334 0.06015625
38 0.08263888888888889 0.705859375 0.10694444444444444 0.06015625
4 0.13680555555555557 0.705859375 0.001388888888888889 0.03828125
144 0.5541666666666667 0.705859375 0.8333333333333334 0.06015625
71 0.2548611111111111 0.787890625 0.4486111111111111 0.05859375
71 0.7451388888888889 0.787890625 0.4486111111111111 0.05859375
16 0.5 0.787890625 0.9416666666666667 0.06015625
71 0.5 0.881640625 0.9388888888888889 0.06015625
16 0.5 0.775 1.0 0.31875
16 0.5 0.729296875 1.0 0.41015625
194 0.5 0.065625 0.09722222222222222 0.0
4 0.5 0.9671875 1.0 0.065625
4 0.5 0.01640625 1.0 0.0328125
5 0.5 0.5 1.0 1.0
