886 0.0 0.0328125 0.0 0.0
107 0.5 0.890625 1.0 0.0875
886 0.07222222222222222 0.0708984375 0.10972222222222222 0.041015625
6 0.0 0.050390625 0.0 0.0
6 0.17604166666666668 0.0708984375 0.07291666666666667 0.041015625
6 0.5 0.07109375 0.10555555555555556 0.021875
886 1.0 0.07109375 0.0 0.0
50 0.5 0.07109375 1.0 0.0765625
886 0.13090277777777778 0.13515625 0.2465277777777778 0.04296875
886 0.37743055555555555 0.13515625 0.2465277777777778 0.04296875
886 0.6236111111111111 0.13515625 0.24583333333333332 0.04296875
886 0.8694444444444445 0.13515625 0.24583333333333332 0.04296875
16 0.5 0.13515625 1.0 0.0515625
6 0.0 0.1609375 0.0 0.0
886 0.13402777777777777 0.2228515625 0.19444444444444445 0.069140625
886 0.8659722222222223 0.2228515625 0.19444444444444445 0.069140625
886 0.13402777777777777 0.7849609375 0.19444444444444445 0.069140625
886 0.8659722222222223 0.7849609375 0.19444444444444445 0.069140625
6 0.5 0.5037109375 1.0 0.592578125
5 0.5 0.50390625 1.0 0.6859375
6 0.09965277777777778 0.8755859375 0.07291666666666667 0.041015625
7 0.09965277777777778 0.914453125 0.05763888888888889 0.02578125
8 0.10347222222222222 0.890625 0.20694444444444443 0.0875
6 0.29965277777777777 0.8755859375 0.07291666666666667 0.041015625
7 0.29965277777777777 0.914453125 0.11458333333333333 0.02578125
8 0.3 0.890625 0.21388888888888888 0.0875
6 0.4996527777777778 0.8755859375 0.07291666666666667 0.041015625
7 0.5 0.914453125 0.09166666666666666 0.02578125
8 0.5 0.890625 0.21388888888888888 0.0875
6 0.6996527777777778 0.8755859375 0.07291666666666667 0.041015625
7 0.7 0.914453125 0.14305555555555555 0.02578125
8 0.7 0.890625 0.21388888888888888 0.0875
6 0.8996527777777777 0.8755859375 0.07291666666666667 0.041015625
7 0.9 0.914453125 0.08055555555555556 0.02578125
8 0.8965277777777778 0.890625 0.20694444444444443 0.0875
5 0.5 0.4671875 1.0 0.934375
