17 0.0 0.0 0.0 0.0
34 0.5 0.4671875 1.0 0.934375
415 0.06076388888888889 0.0669921875 0.07291666666666667 0.041015625
416 0.5 0.0669921875 0.7805555555555556 0.037109375
415 0.9027777777777778 0.046484375 0.0 0.0
16 0.9392361111111112 0.0669921875 0.07291666666666667 0.041015625
8 0.5 0.0669921875 1.0 0.068359375
19 0.5 0.330859375 0.03888888888888889 0.021875
415 0.5 0.42109375 0.4861111111111111 0.065625
415 0.5 0.330859375 0.4375 0.21875
416 0.5 0.4904296875 0.8541666666666666 0.031640625
146 0.5 0.54296875 1.0 0.13671875
415 0.3347222222222222 0.6578125 0.11666666666666667 0.065625
415 0.5 0.6578125 0.11666666666666667 0.065625
415 0.6652777777777777 0.6578125 0.11666666666666667 0.065625
16 0.5 0.6578125 0.44722222222222224 0.065625
50 0.5 0.6578125 1.0 0.065625
16 0.5 0.48359375 1.0 0.76484375
117 0.5 0.8318359375 0.7777777777777778 0.068359375
16 0.5 0.79765625 1.0 0.0
415 0.25 0.9001953125 0.5 0.068359375
415 0.75 0.9001953125 0.5 0.068359375
16 0.5 0.9001953125 1.0 0.068359375
4 0.5 0.9671875 1.0 0.065625
5 0.5 0.5 1.0 1.0
