887 0.5 0.4828125 1.0 0.76875
16 0.0 0.065625 0.0 0.065625
7 0.09375 0.1166015625 0.1625 0.022265625
6 0.08993055555555556 0.90078125 0.1798611111111111 0.065625
6 0.26006944444444446 0.9 0.16041666666666668 0.065625
6 0.4204861111111111 0.9 0.16041666666666668 0.065625
6 0.5809027777777778 0.9 0.16041666666666668 0.065625
6 0.7413194444444444 0.9 0.16041666666666668 0.065625
704 0.9215277777777777 0.908984375 0.04027777777777778 0.0234375
50 0.9107638888888889 0.90078125 0.17847222222222223 0.0671875
16 0.5 0.90078125 1.0 0.0671875
53 0.5 0.4671875 1.0 0.934375
54 0.0 0.0328125 0.0 0.0
16 0.07777777777777778 0.065625 0.15555555555555556 0.065625
704 0.1361111111111111 0.077734375 0.0 0.00703125
16 0.1840277777777778 0.065625 0.3680555555555556 0.065625
8 0.43125 0.065625 0.12638888888888888 0.065625
8 0.5576388888888889 0.065625 0.12638888888888888 0.065625
8 0.6840277777777778 0.065625 0.12638888888888888 0.065625
8 0.8104166666666667 0.065625 0.12638888888888888 0.065625
8 0.9368055555555556 0.065625 0.12638888888888888 0.065625
16 0.6840277777777778 0.065625 0.6319444444444444 0.065625
4 0.3680555555555556 0.0328125 0.0 0.0
56 0.5 0.065625 1.0 0.065625
704 1.0 0.0654296875 0.0 0.033203125
8 0.0 0.106640625 0.0 0.14765625
4 0.0 0.18125 0.0 0.0015625
16 0.0 0.22578125 0.0 0.065625
16 0.0 0.29140625 0.0 0.065625
16 0.0 0.35703125 0.0 0.065625
16 0.0 0.42265625 0.0 0.065625
16 0.0 0.48828125 0.0 0.065625
16 0.0 0.55390625 0.0 0.065625
16 0.0 0.61953125 0.0 0.065625
16 0.0 0.68515625 0.0 0.065625
16 0.0 0.75078125 0.0 0.065625
16 0.0 0.81640625 0.0 0.065625
16 0.0 0.4671875 0.0 0.934375
