890 0.0 0.0328125 0.0 0.0
44 0.06805555555555555 0.07109375 0.1361111111111111 0.0765625
45 1.0 0.07109375 0.0 0.0765625
43 0.2954861111111111 0.0708984375 0.24097222222222223 0.036328125
891 0.5 0.07109375 1.0 0.0765625
34 0.5 0.48359375 1.0 0.9015625
38 0.5 0.934375 1.0 0.0
71 0.0 0.909765625 0.0 0.0
890 0.0 0.109375 0.0 0.0
892 0.5 0.521875 0.19444444444444445 0.109375
16 0.0 0.06015625 0.0 0.0546875
16 0.0 0.16875 0.0 0.0546875
16 0.0 0.223046875 0.0 0.0546875
16 0.0 0.27734375 0.0 0.0546875
893 0.0 0.48359375 0.0 0.9015625
5 0.5 0.5 1.0 1.0
4 0.5 0.01640625 1.0 0.0328125
