36 0.0 0.0328125 0.0 0.0
38 0.07777777777777778 0.07109375 0.15555555555555556 0.0765625
38 0.9329861111111111 0.07109375 0.13402777777777777 0.0765625
38 0.8222222222222222 0.07109375 0.0875 0.0765625
43 0.29131944444444446 0.0701171875 0.2465277777777778 0.033203125
16 0.4548611111111111 0.0708984375 0.5986111111111111 0.048828125
43 0.846875 0.0626953125 0.034027777777777775 0.019140625
8 0.5 0.07109375 1.0 0.0765625
894 0.13784722222222223 0.1384765625 0.19236111111111112 0.027734375
894 0.88125 0.13828125 0.1597222222222222 0.0296875
8 0.5 0.1384765625 1.0 0.057421875
534 0.0 0.190625 0.0 0.06953125
38 0.5 0.3310546875 0.9472222222222222 0.291796875
19 0.5 0.330859375 0.11666666666666667 0.065625
38 0.8520833333333333 0.18515625 0.0 0.0
145 0.9006944444444445 0.226171875 0.04861111111111111 0.02734375
16 0.9128472222222223 0.2193359375 0.12152777777777778 0.068359375
43 0.03888888888888889 0.4087890625 0.025 0.030859375
38 0.18229166666666666 0.42890625 0.31180555555555556 0.0015625
43 0.18229166666666666 0.4462890625 0.31180555555555556 0.033203125
43 0.19756944444444444 0.4962890625 0.29375 0.038671875
43 0.115625 0.5328125 0.12986111111111112 0.02578125
43 0.2375 0.5328125 0.06527777777777778 0.02578125
43 0.06944444444444445 0.56171875 0.0375 0.02578125
43 0.20555555555555555 0.56171875 0.225 0.02578125
43 0.3482638888888889 0.56171875 0.011805555555555555 0.02578125
43 0.45381944444444444 0.56171875 0.15069444444444444 0.02578125
16 0.2777777777777778 0.56171875 0.5027777777777778 0.02890625
16 0.5 0.5287109375 0.9472222222222222 0.103515625
16 0.5 0.3828125 0.9513888888888888 0.39765625
38 0.8784722222222222 0.476171875 0.14583333333333334 0.08203125
38 0.5 0.7419921875 0.9472222222222222 0.291796875
38 0.02638888888888889 0.59609375 0.0 0.0
19 0.5 0.741796875 0.11666666666666667 0.065625
38 0.7791666666666667 0.637109375 0.09722222222222222 0.0546875
38 0.7305555555555555 0.59609375 0.0 0.0
145 0.9006944444444445 0.637109375 0.04861111111111111 0.02734375
16 0.8520833333333333 0.6302734375 0.24305555555555555 0.068359375
43 0.03888888888888889 0.8197265625 0.025 0.030859375
38 0.1840277777777778 0.83984375 0.31527777777777777 0.0015625
43 0.1840277777777778 0.8572265625 0.31527777777777777 0.033203125
43 0.2986111111111111 0.9072265625 0.49583333333333335 0.038671875
43 0.20555555555555555 0.9470703125 0.225 0.025390625
43 0.4236111111111111 0.9326171875 0.24166666666666667 0.003515625
43 0.06944444444444445 0.9470703125 0.0375 0.025390625
43 0.3482638888888889 0.9470703125 0.011805555555555555 0.025390625
16 0.2586805555555556 0.9462890625 0.46458333333333335 0.023828125
43 0.43472222222222223 0.9470703125 0.1125 0.025390625
16 0.5 0.9111328125 0.9472222222222222 0.046484375
38 0.8784722222222222 0.887109375 0.14583333333333334 0.08203125
16 0.5 0.5509765625 1.0 0.766796875
42 0.5 0.48359375 1.0 0.9015625
38 0.0 0.48359375 0.0 0.9015625
534 0.0 0.26015625 0.0 0.06953125
534 0.0 0.3296875 0.0 0.06953125
534 0.0 0.39921875 0.0 0.06953125
534 0.0 0.46875 0.0 0.06953125
534 0.0 0.566015625 0.0 0.06953125
534 0.0 0.635546875 0.0 0.06953125
534 0.0 0.705078125 0.0 0.06953125
534 0.0 0.80234375 0.0 0.06953125
38 0.0 0.9029296875 0.0 0.062890625
4 0.5 0.9671875 1.0 0.065625
4 0.5 0.01640625 1.0 0.0328125
5 0.5 0.5 1.0 1.0
