0 0.0 0.0 0.0 0.0
8 0.5 0.06640625 1.0 0.0671875
6 0.06805555555555555 0.06640625 0.1361111111111111 0.065625
6 0.9319444444444445 0.06640625 0.1361111111111111 0.065625
6 0.12465277777777778 0.1310546875 0.06597222222222222 0.037109375
895 0.125 0.13125 0.25 0.065625
6 0.3746527777777778 0.1310546875 0.06597222222222222 0.037109375
895 0.375 0.13125 0.25 0.065625
6 0.6246527777777777 0.1310546875 0.06597222222222222 0.037109375
895 0.625 0.13125 0.25 0.065625
6 0.8746527777777777 0.1310546875 0.06597222222222222 0.037109375
895 0.875 0.13125 0.25 0.065625
16 0.5 0.13125 1.0 0.065625
16 0.4996527777777778 0.2474609375 0.59375 0.139453125
7 0.30243055555555554 0.20703125 0.19930555555555557 0.05859375
7 0.33055555555555555 0.251953125 0.25555555555555554 0.02421875
7 0.5510416666666667 0.22890625 0.18541666666666667 0.10234375
7 0.7201388888888889 0.22890625 0.1527777777777778 0.10234375
8 0.4996527777777778 0.22890625 0.59375 0.10234375
7 0.20277777777777778 0.177734375 0.0 0.0
8 0.20277777777777778 0.2841796875 0.0 0.008203125
16 0.4996527777777778 0.2986328125 0.59375 0.037109375
8 0.5 0.240625 1.0 0.153125
16 0.0 0.3171875 0.0 0.0
6 0.5 0.358203125 0.03888888888888889 0.021875
16 0.5 0.3431640625 1.0 0.051953125
6 0.4996527777777778 0.4451171875 0.74375 0.151953125
16 0.2659722222222222 0.5859375 0.24305555555555555 0.10234375
16 0.5138888888888888 0.5859375 0.25277777777777777 0.10234375
16 0.7479166666666667 0.5859375 0.2152777777777778 0.10234375
16 0.5 0.5859375 1.0 0.10234375
16 0.5 0.4005859375 1.0 0.473046875
206 0.5 0.54921875 1.0 0.7703125
16 1.0 0.2037109375 0.0 0.079296875
16 1.0 0.296484375 0.0 0.0015625
8 1.0 0.581640625 0.0 0.56875
206 1.0 0.54921875 0.0 0.7703125
16 1.0 0.9015625 0.0 0.065625
6 0.0 0.4482421875 0.0 0.166796875
8 0.0 0.46640625 0.0 0.29921875
16 0.0 0.344921875 0.0 0.5421875
146 0.0 0.48359375 0.0 0.9015625
6 0.5 0.144921875 0.35 0.09296875
7 0.4996527777777778 0.23984375 0.7673611111111112 0.05546875
6 0.5 0.3919921875 0.6611111111111111 0.194140625
7 0.5 0.5373046875 0.7888888888888889 0.027734375
114 0.5 0.618359375 0.2791666666666667 0.065625
16 0.5 0.36796875 1.0 0.56640625
5 0.5 0.4671875 1.0 0.934375
896 0.5 0.926171875 1.0 0.01640625
