0 0.0 0.0 0.0 0.0
7 0.5 0.0619140625 0.625 0.051171875
8 0.5 0.0619140625 1.0 0.058203125
7 0.26458333333333334 0.112890625 0.48055555555555557 0.04375
8 0.5 0.112890625 1.0 0.04375
289 0.11701388888888889 0.207421875 0.18541666666666667 0.11796875
7 0.3034722222222222 0.17734375 0.11388888888888889 0.04375
7 0.5388888888888889 0.243359375 0.5847222222222223 0.08828125
16 0.6048611111111111 0.221484375 0.7416666666666667 0.14609375
16 0.5 0.221484375 1.0 0.1734375
289 0.11701388888888889 0.382421875 0.18541666666666667 0.11796875
7 0.36736111111111114 0.35234375 0.24166666666666667 0.04375
7 0.4392361111111111 0.44453125 0.3854166666666667 0.140625
16 0.6048611111111111 0.42265625 0.7416666666666667 0.1984375
16 0.5 0.42265625 1.0 0.22578125
289 0.11701388888888889 0.609765625 0.18541666666666667 0.11796875
7 0.328125 0.5796875 0.16319444444444445 0.04375
7 0.47430555555555554 0.65859375 0.45555555555555555 0.1140625
16 0.6048611111111111 0.63671875 0.7416666666666667 0.171875
16 0.5 0.63671875 1.0 0.19921875
289 0.11701388888888889 0.7650390625 0.18541666666666667 0.026953125
7 0.390625 0.7685546875 0.2881944444444444 0.019921875
16 0.6048611111111111 0.7650390625 0.7416666666666667 0.026953125
16 0.5 0.7716796875 1.0 0.013671875
8 0.5 0.434765625 1.0 0.6875
112 0.5 0.8126953125 0.7777777777777778 0.068359375
89 0.5 0.8126953125 1.0 0.068359375
50 0.0 0.846875 0.0 0.0
8 0.1284722222222222 0.890625 0.2569444444444444 0.0875
7 0.125 0.921484375 0.0 0.02578125
8 0.375 0.890625 0.2638888888888889 0.0875
7 0.375 0.921484375 0.0 0.02578125
8 0.625 0.890625 0.2638888888888889 0.0875
7 0.625 0.921484375 0.0 0.02578125
8 0.8715277777777778 0.890625 0.2569444444444444 0.0875
7 0.875 0.921484375 0.0 0.02578125
107 0.5 0.8810546875 0.7777777777777778 0.068359375
50 0.0 0.934375 0.0 0.0
50 0.5 0.934375 1.0 0.0
897 0.5 0.890625 1.0 0.0875
5 0.5 0.4671875 1.0 0.934375
