120 0.0 0.0328125 0.0 0.0
16 0.9881944444444445 0.07109375 0.0 0.0
7 0.23576388888888888 0.0708984375 0.1798611111111111 0.036328125
52 0.06805555555555555 0.07109375 0.1361111111111111 0.0765625
45 1.0 0.07109375 0.0 0.0765625
898 0.5 0.07109375 1.0 0.0765625
899 0.9416666666666667 0.1123046875 0.09166666666666666 0.005859375
43 0.4479166666666667 0.1041015625 0.8708333333333333 0.010546875
43 0.0 0.077734375 0.0 0.06328125
8 0.5 0.1140625 1.0 0.009375
899 0.9416666666666667 0.155078125 0.09166666666666666 0.065625
43 0.4479166666666667 0.1548828125 0.8708333333333333 0.033203125
43 0.0 0.124609375 0.0 0.03046875
8 0.5 0.155078125 1.0 0.07265625
43 0.5 0.222265625 1.0 0.06171875
899 0.9416666666666667 0.289453125 0.09166666666666666 0.065625
43 0.4479166666666667 0.2892578125 0.8708333333333333 0.033203125
43 0.0 0.27421875 0.0 0.03046875
8 0.5 0.289453125 1.0 0.07265625
899 0.9416666666666667 0.362109375 0.09166666666666666 0.065625
43 0.4479166666666667 0.3619140625 0.8708333333333333 0.033203125
43 0.0 0.32578125 0.0 0.0
8 0.5 0.362109375 1.0 0.07265625
899 0.9416666666666667 0.434765625 0.09166666666666666 0.065625
43 0.4479166666666667 0.4345703125 0.8708333333333333 0.033203125
43 0.0 0.3984375 0.0 0.0
8 0.5 0.434765625 1.0 0.07265625
899 0.9416666666666667 0.507421875 0.09166666666666666 0.065625
43 0.4479166666666667 0.5072265625 0.8708333333333333 0.033203125
43 0.0 0.47109375 0.0 0.0
8 0.5 0.507421875 1.0 0.07265625
899 0.9416666666666667 0.580078125 0.09166666666666666 0.065625
43 0.4479166666666667 0.5798828125 0.8708333333333333 0.033203125
43 0.0 0.54375 0.0 0.0
8 0.5 0.580078125 1.0 0.07265625
899 0.9416666666666667 0.652734375 0.09166666666666666 0.065625
43 0.4479166666666667 0.6525390625 0.8708333333333333 0.033203125
43 0.0 0.61640625 0.0 0.0
8 0.5 0.652734375 1.0 0.07265625
899 0.9416666666666667 0.725390625 0.09166666666666666 0.065625
43 0.4479166666666667 0.7251953125 0.8708333333333333 0.033203125
43 0.0 0.6890625 0.0 0.0
8 0.5 0.725390625 1.0 0.07265625
899 0.9416666666666667 0.798046875 0.09166666666666666 0.065625
43 0.4479166666666667 0.7978515625 0.8708333333333333 0.033203125
43 0.0 0.76171875 0.0 0.0
8 0.5 0.798046875 1.0 0.07265625
899 0.9416666666666667 0.870703125 0.09166666666666666 0.065625
43 0.4479166666666667 0.8705078125 0.8708333333333333 0.033203125
43 0.0 0.834375 0.0 0.0
8 0.5 0.870703125 1.0 0.07265625
126 0.5 0.48359375 1.0 0.9015625
8 0.0 0.16953125 0.0 0.06015625
900 0.0 0.521875 0.0 0.825
5 0.5 0.5 1.0 1.0
4 0.5 0.9671875 1.0 0.065625
4 0.5 0.01640625 1.0 0.0328125
