6 0.06388888888888888 0.07578125 0.0 0.0
48 0.5 0.1185546875 0.7555555555555555 0.036328125
16 0.5 0.10625 0.8722222222222222 0.0609375
343 0.5 0.18046875 0.8722222222222222 0.065625
343 0.5 0.24609375 0.8722222222222222 0.065625
343 0.5 0.31171875 0.8722222222222222 0.065625
343 0.5 0.37734375 0.8722222222222222 0.065625
343 0.5 0.44296875 0.8722222222222222 0.065625
343 0.5 0.50859375 0.8722222222222222 0.065625
343 0.5 0.57421875 0.8722222222222222 0.065625
343 0.5 0.63984375 0.8722222222222222 0.065625
343 0.5 0.70546875 0.8722222222222222 0.065625
49 0.5 0.44296875 0.8722222222222222 0.6125
16 0.5 0.74921875 0.8722222222222222 0.0
114 0.06388888888888888 0.81484375 0.0 0.0
414 0.4222222222222222 0.8859375 0.6583333333333333 0.0
114 0.8291666666666667 0.853125 0.15555555555555556 0.065625
47 0.5 0.853125 0.8722222222222222 0.0765625
16 0.5 0.48359375 0.8722222222222222 0.815625
5 0.5 0.48359375 0.95 0.859375
