903 0.0 0.0 0.0 0.0
904 0.0 0.0494140625 0.0 0.041015625
7 0.13993055555555556 0.0494140625 0.2798611111111111 0.041015625
905 0.0 0.111328125 0.0 0.0
906 0.0 0.49140625 0.0 0.76015625
907 0.0 0.177734375 0.0 0.1328125
907 0.0 0.3109375 0.0 0.1328125
907 0.0 0.4982421875 0.0 0.241015625
16 0.0 0.7453125 0.0 0.25234375
8 0.175 0.111328125 0.35 0.0
8 0.0 0.0798828125 0.0 0.062890625
908 0.0 0.44609375 0.0 0.85078125
5 0.5 0.4671875 1.0 0.934375
8 0.5 0.0546875 1.0 0.109375
8 0.05243055555555556 0.065625 0.10486111111111111 0.04375
7 0.26284722222222223 0.065625 0.3159722222222222 0.02578125
16 0.5135416666666667 0.0654296875 0.18541666666666667 0.033203125
6 0.5829861111111111 0.0654296875 0.04652777777777778 0.024609375
7 0.8131944444444444 0.0638671875 0.20972222222222223 0.022265625
6 0.9611111111111111 0.065625 0.07777777777777778 0.04375
8 0.5 0.0984375 1.0 0.0
6 0.3298611111111111 0.0984375 0.14583333333333334 0.0
16 0.5729166666666666 0.0984375 0.3402777777777778 0.0
16 0.5 0.0984375 0.4861111111111111 0.0
7 0.5 0.126171875 0.0 0.05546875
7 0.5 0.2267578125 0.21944444444444444 0.145703125
7 0.6458333333333334 0.2267578125 0.07222222222222222 0.145703125
8 0.5 0.2267578125 1.0 0.145703125
7 0.5 0.3267578125 0.23472222222222222 0.040234375
6 0.31180555555555556 0.377734375 0.022222222222222223 0.01640625
6 0.41041666666666665 0.377734375 0.022222222222222223 0.01640625
7 0.5725694444444445 0.377734375 0.14930555555555555 0.02578125
7 0.6729166666666667 0.377734375 0.05138888888888889 0.02578125
16 0.5 0.377734375 1.0 0.02578125
16 0.0 0.15390625 0.0 0.0
16 0.5 0.272265625 1.0 0.23671875
7 0.5 0.4404296875 1.0 0.099609375
7 0.4996527777777778 0.503125 0.32430555555555557 0.02578125
6 0.16597222222222222 0.566796875 0.04861111111111111 0.02734375
7 0.16631944444444444 0.593359375 0.13680555555555557 0.02578125
7 0.16597222222222222 0.6173828125 0.06527777777777778 0.022265625
16 0.16631944444444444 0.591015625 0.3326388888888889 0.0953125
6 0.3329861111111111 0.591015625 0.0006944444444444445 0.0953125
6 0.49930555555555556 0.566796875 0.04861111111111111 0.02734375
7 0.49930555555555556 0.6173828125 0.11666666666666667 0.022265625
16 0.4996527777777778 0.591015625 0.3326388888888889 0.0953125
6 0.6663194444444445 0.591015625 0.0006944444444444445 0.0953125
6 0.8333333333333334 0.566796875 0.04861111111111111 0.02734375
7 0.8329861111111111 0.6173828125 0.10902777777777778 0.022265625
16 0.8333333333333334 0.591015625 0.3333333333333333 0.0953125
16 0.5 0.591015625 1.0 0.0953125
6 0.5 0.6388671875 1.0 0.000390625
6 0.16597222222222222 0.662890625 0.04861111111111111 0.02734375
7 0.16597222222222222 0.7134765625 0.11527777777777778 0.022265625
16 0.16631944444444444 0.6869140625 0.3326388888888889 0.095703125
6 0.3329861111111111 0.6869140625 0.0006944444444444445 0.095703125
6 0.49930555555555556 0.662890625 0.04861111111111111 0.02734375
7 0.49930555555555556 0.7134765625 0.0375 0.022265625
16 0.4996527777777778 0.6869140625 0.3326388888888889 0.095703125
6 0.6663194444444445 0.6869140625 0.0006944444444444445 0.095703125
6 0.8333333333333334 0.66171875 0.04861111111111111 0.02734375
7 0.8329861111111111 0.6892578125 0.26180555555555557 0.022265625
7 0.8329861111111111 0.7142578125 0.19791666666666666 0.022265625
16 0.8333333333333334 0.6869140625 0.3333333333333333 0.095703125
16 0.5 0.720703125 1.0 0.07109375
16 0.5 0.6125 1.0 0.24453125
8 0.5 0.4166015625 1.0 0.636328125
7 0.0 0.2150390625 0.0 0.233203125
6 0.8024305555555555 0.4267578125 0.07291666666666667 0.041015625
7 0.921875 0.426953125 0.13680555555555557 0.02421875
8 0.8784722222222222 0.426953125 0.24305555555555555 0.0546875
7 0.6475694444444444 0.3681640625 0.5756944444444444 0.031640625
7 0.5177083333333333 0.397265625 0.21875 0.05078125
6 0.5177083333333333 0.462109375 0.12152777777777778 0.07890625
8 0.5180555555555556 0.440234375 0.2263888888888889 0.13671875
7 0.7767361111111111 0.397265625 0.21875 0.05078125
6 0.7767361111111111 0.462109375 0.12152777777777778 0.07890625
8 0.7770833333333333 0.440234375 0.2263888888888889 0.13671875
8 0.6475694444444444 0.426953125 0.65625 0.190625
909 0.5 0.426953125 1.0 0.190625
7 0.0 0.628515625 0.0 0.2125
8 0.5 0.816796875 1.0 0.109375
6 0.022222222222222223 0.774609375 0.019444444444444445 0.0109375
574 0.5 0.4849609375 1.0 0.773046875
6 1.0 0.01640625 0.0 0.0328125
16 1.0 0.4357421875 0.0 0.871484375
576 0.5 0.9029296875 1.0 0.062890625
575 0.22534722222222223 0.8888671875 0.04375 0.024609375
8 0.16666666666666666 0.9029296875 0.3333333333333333 0.062890625
16 0.5 0.9029296875 0.10694444444444444 0.055078125
7 0.5 0.9193359375 0.10694444444444444 0.022265625
575 0.3333333333333333 0.871484375 0.0 0.0
8 0.5 0.9029296875 0.3333333333333333 0.062890625
16 0.8333333333333334 0.9029296875 0.10555555555555556 0.055078125
7 0.8333333333333334 0.9193359375 0.10555555555555556 0.022265625
575 0.8920138888888889 0.8798828125 0.011805555555555555 0.006640625
8 0.8333333333333334 0.9029296875 0.3333333333333333 0.062890625
6 0.4996527777777778 0.3462890625 0.16180555555555556 0.091015625
8 0.4996527777777778 0.3462890625 0.23541666666666666 0.132421875
7 0.4996527777777778 0.43984375 0.2604166666666667 0.0546875
16 0.5 0.23359375 1.0 0.4671875
7 0.5 0.70078125 0.0 0.4671875
8 0.5 0.378125 1.0 0.75625
16 0.5 0.116015625 1.0 0.23203125
6 0.5 0.3619140625 1.0 0.259765625
7 0.5 0.5884765625 1.0 0.193359375
7 0.3503472222222222 0.0546875 0.7006944444444444 0.02578125
16 0.840625 0.0638671875 0.2798611111111111 0.030859375
6 0.30277777777777776 0.8453125 0.14583333333333334 0.08203125
16 0.5815972222222222 0.8453125 0.3770833333333333 0.0953125
7 0.5583333333333333 0.8720703125 0.33055555555555555 0.041796875
