901 0.5 0.584765625 0.41805555555555557 0.23515625
902 0.5 0.6154296875 0.19444444444444445 0.173828125
16 0.5 0.584765625 1.0 0.23515625
8 0.5 0.51640625 1.0 0.371875
16 0.0 0.0984375 0.0 0.0
16 0.5 0.139453125 1.0 0.08203125
8 0.5 0.2712890625 0.19444444444444445 0.126953125
7 0.5 0.319140625 0.19444444444444445 0.03125
213 0.5 0.2712890625 0.2916666666666667 0.181640625
16 0.5 0.2302734375 1.0 0.263671875
6 0.08506944444444445 0.8439453125 0.07291666666666667 0.041015625
51 0.5427083333333333 0.844140625 0.8173611111111111 0.04375
16 0.5 0.8783203125 1.0 0.112109375
8 0.5 0.51640625 1.0 0.8359375
57 0.0 0.0328125 0.0 0.0
54 0.06875 0.065625 0.09722222222222222 0.065625
16 0.20034722222222223 0.0654296875 0.16597222222222222 0.033203125
7 0.11736111111111111 0.048828125 0.0 0.0
16 0.1517361111111111 0.065625 0.26319444444444445 0.065625
143 0.9319444444444445 0.065625 0.1361111111111111 0.065625
56 0.5 0.065625 1.0 0.065625
56 0.0 0.0 0.0 0.0
53 0.5 0.4671875 1.0 0.934375
