116 0.0 0.0328125 0.0 0.0
7 0.2857638888888889 0.0708984375 0.2798611111111111 0.036328125
52 0.06805555555555555 0.07109375 0.1361111111111111 0.0765625
22 0.9416666666666667 0.07109375 0.11666666666666667 0.065625
80 0.5 0.07109375 1.0 0.0765625
19 0.40902777777777777 0.521484375 0.03888888888888889 0.021875
43 0.5239583333333333 0.5216796875 0.1909722222222222 0.047265625
103 0.0 0.109375 0.0 0.0
194 0.5 0.109375 0.09722222222222222 0.0
43 0.5 0.5216796875 1.0 0.047265625
34 0.5 0.48359375 1.0 0.9015625
5 0.5 0.5 1.0 1.0
4 0.5 0.9671875 1.0 0.065625
4 0.5 0.01640625 1.0 0.0328125
