17 0.0 0.0 0.0 0.0
194 0.5 0.109375 0.09722222222222222 0.0
44 0.05243055555555556 0.203515625 0.08541666666666667 0.059375
8 0.05243055555555556 0.1712890625 0.10486111111111111 0.123828125
44 0.05347222222222222 0.642578125 0.058333333333333334 0.0328125
43 0.43819444444444444 0.137890625 0.6666666666666666 0.0296875
43 0.14652777777777778 0.170703125 0.08333333333333333 0.03046875
43 0.225 0.170703125 0.058333333333333334 0.03046875
43 0.31875 0.170703125 0.11388888888888889 0.03046875
43 0.4222222222222222 0.170703125 0.07777777777777778 0.03046875
43 0.5059027777777778 0.170703125 0.07430555555555556 0.03046875
43 0.6024305555555556 0.170703125 0.10347222222222222 0.03046875
43 0.7340277777777777 0.170703125 0.14444444444444443 0.03046875
915 0.459375 0.1728515625 0.7090277777777778 0.034765625
43 0.5086805555555556 0.3951171875 0.8076388888888889 0.404296875
43 0.7972222222222223 0.6443359375 0.15694444444444444 0.022265625
916 0.9329861111111111 0.6349609375 0.08541666666666667 0.048046875
16 0.8472222222222222 0.641796875 0.2569444444444444 0.06171875
44 0.0 0.109375 0.0 0.0
8 0.5 0.391015625 1.0 0.56328125
43 0.5 0.696484375 1.0 0.04765625
43 0.052083333333333336 0.782421875 0.058333333333333334 0.02578125
44 0.05243055555555556 0.7501953125 0.08541666666666667 0.058984375
44 0.05243055555555556 0.81484375 0.08541666666666667 0.059375
43 0.31006944444444445 0.747265625 0.41041666666666665 0.02578125
43 0.7972222222222223 0.8072265625 0.15694444444444444 0.022265625
916 0.9329861111111111 0.7978515625 0.08541666666666667 0.048046875
16 0.8329861111111111 0.8046875 0.28541666666666665 0.06171875
82 0.0 0.68359375 0.0 0.065625
8 0.5 0.7826171875 1.0 0.123828125
44 0.05243055555555556 0.921875 0.08541666666666667 0.025
44 0.05243055555555556 0.8744140625 0.08541666666666667 0.058984375
43 0.5184027777777778 0.8826171875 0.8270833333333333 0.048046875
43 0.7972222222222223 0.9384765625 0.15694444444444444 0.008203125
916 0.9329861111111111 0.92734375 0.08541666666666667 0.0140625
16 0.8472222222222222 0.92734375 0.2569444444444444 0.0140625
82 0.0 0.83828125 0.0 0.065625
8 0.5 0.8896484375 1.0 0.089453125
111 0.5 0.521875 1.0 0.825
32 0.8930555555555556 0.87421875 0.1361111111111111 0.0765625
217 0.5 0.9453125 0.9222222222222223 0.021875
16 0.5 0.934375 1.0 0.0
128 0.5 0.109375 1.0 0.0
44 0.06805555555555555 0.07109375 0.1361111111111111 0.0765625
45 1.0 0.07109375 0.0 0.0765625
43 0.3326388888888889 0.0708984375 0.3736111111111111 0.036328125
50 0.5 0.203125 1.0 0.1328125
38 0.0 0.123046875 0.0 0.24609375
71 0.0 0.211328125 0.0 0.06953125
82 0.0 0.28984375 0.0 0.065625
82 0.0 0.35546875 0.0 0.065625
82 0.0 0.42109375 0.0 0.065625
82 0.0 0.48671875 0.0 0.065625
82 0.0 0.55234375 0.0 0.065625
82 0.0 0.61796875 0.0 0.065625
82 0.0 0.77265625 0.0 0.065625
113 0.0 0.4671875 0.0 0.934375
5 0.5 0.5 1.0 1.0
