16 0.5 0.51640625 1.0 0.8359375
50 0.5 0.934375 1.0 0.0
8 0.0 0.0984375 0.0 0.0
7 0.5 0.1203125 0.9222222222222223 0.04375
6 0.058333333333333334 0.14296875 0.0 0.0
16 0.058333333333333334 0.18671875 0.0 0.0875
7 0.2826388888888889 0.1865234375 0.4486111111111111 0.033203125
8 0.3732638888888889 0.1865234375 0.6298611111111111 0.049609375
16 0.8125 0.18671875 0.24861111111111112 0.0875
16 0.5 0.18671875 0.9222222222222223 0.0875
16 0.03888888888888889 0.23125 0.0 0.0
16 0.058333333333333334 0.275 0.0 0.0875
7 0.21805555555555556 0.2748046875 0.3194444444444444 0.033203125
8 0.49756944444444445 0.2748046875 0.8784722222222222 0.049609375
16 0.03888888888888889 0.31953125 0.0 0.0
16 0.058333333333333334 0.36328125 0.0 0.0875
7 0.2048611111111111 0.3501953125 0.29305555555555557 0.033203125
7 0.11805555555555555 0.3796875 0.11944444444444445 0.02578125
8 0.49756944444444445 0.3630859375 0.8784722222222222 0.075390625
6 0.058333333333333334 0.4078125 0.0 0.0
16 0.058333333333333334 0.4515625 0.0 0.0875
7 0.31145833333333334 0.4513671875 0.50625 0.033203125
8 0.4392361111111111 0.4513671875 0.7618055555555555 0.049609375
16 0.8784722222222222 0.4515625 0.11666666666666667 0.0875
16 0.5 0.4515625 0.9222222222222223 0.0875
7 0.5 0.51796875 0.9222222222222223 0.04375
16 0.03888888888888889 0.540625 0.0 0.0
16 0.058333333333333334 0.584375 0.0 0.0875
7 0.19027777777777777 0.5712890625 0.2638888888888889 0.033203125
7 0.11284722222222222 0.60078125 0.10902777777777778 0.02578125
8 0.49756944444444445 0.5841796875 0.8784722222222222 0.075390625
6 0.058333333333333334 0.62890625 0.0 0.0
16 0.058333333333333334 0.67265625 0.0 0.0875
7 0.20833333333333334 0.6724609375 0.3 0.033203125
8 0.4392361111111111 0.6724609375 0.7618055555555555 0.049609375
16 0.8784722222222222 0.67265625 0.11666666666666667 0.0875
16 0.5 0.67265625 0.9222222222222223 0.0875
6 0.058333333333333334 0.7171875 0.0 0.0
16 0.058333333333333334 0.7609375 0.0 0.0875
7 0.21597222222222223 0.7607421875 0.31527777777777777 0.033203125
8 0.4392361111111111 0.7607421875 0.7618055555555555 0.049609375
16 0.8784722222222222 0.7609375 0.11666666666666667 0.0875
16 0.5 0.7609375 0.9222222222222223 0.0875
6 0.058333333333333334 0.80546875 0.0 0.0
16 0.058333333333333334 0.84921875 0.0 0.0875
7 0.19583333333333333 0.8490234375 0.275 0.033203125
8 0.4392361111111111 0.8490234375 0.7618055555555555 0.049609375
16 0.8784722222222222 0.84921875 0.11666666666666667 0.0875
16 0.5 0.84921875 0.9222222222222223 0.0875
16 0.058333333333333334 0.9140625 0.0 0.040625
7 0.2222222222222222 0.9275390625 0.3277777777777778 0.013671875
8 0.4392361111111111 0.9234375 0.7618055555555555 0.021875
16 0.8784722222222222 0.9140625 0.11666666666666667 0.040625
16 0.5 0.9140625 0.9222222222222223 0.040625
54 0.0 0.0328125 0.0 0.0
114 0.2548611111111111 0.065625 0.5097222222222222 0.065625
55 1.0 0.065625 0.0 0.065625
56 0.5 0.065625 1.0 0.065625
53 0.5 0.4671875 1.0 0.934375
