38 0.0 0.0328125 0.0 0.0
34 0.5 0.48359375 1.0 0.9015625
38 0.5 0.5478515625 0.6069444444444444 0.068359375
217 0.5 0.61953125 0.6069444444444444 0.075
217 0.5 0.69453125 0.6069444444444444 0.075
43 0.7572916666666667 0.703515625 0.09236111111111112 0.02421875
38 0.1111111111111111 0.5 0.0 0.0
71 0.5 0.78671875 0.6069444444444444 0.0546875
209 0.36180555555555555 0.846875 0.14027777777777778 0.04375
43 0.5701388888888889 0.846875 0.2763888888888889 0.02578125
16 0.5 0.846875 0.6069444444444444 0.065625
16 0.5 0.68984375 0.7777777777777778 0.3796875
50 0.5 0.90703125 0.002777777777777778 0.0546875
43 0.30486111111111114 0.9078125 0.3875 0.053125
43 0.6951388888888889 0.9078125 0.3875 0.053125
8 0.5 0.90703125 0.7777777777777778 0.0546875
4 0.5 0.9671875 1.0 0.065625
4 0.5 0.01640625 1.0 0.0328125
5 0.5 0.5 1.0 1.0
