17 0.0 0.0328125 0.0 0.0
6 0.16527777777777777 0.07109375 0.25277777777777777 0.0546875
22 0.8444444444444444 0.07109375 0.11666666666666667 0.065625
418 0.9513888888888888 0.07109375 0.09722222222222222 0.065625
118 0.5 0.10390625 1.0 0.1421875
917 0.0 0.109375 0.0 0.0
918 0.16666666666666666 0.1421875 0.10694444444444444 0.02578125
919 0.16666666666666666 0.1421875 0.3333333333333333 0.065625
917 0.3333333333333333 0.109375 0.0 0.0
918 0.5 0.1421875 0.12222222222222222 0.02578125
919 0.5 0.1421875 0.3333333333333333 0.065625
917 0.6666666666666666 0.109375 0.0 0.0
918 0.8333333333333334 0.1421875 0.16111111111111112 0.02578125
919 0.8333333333333334 0.1421875 0.3333333333333333 0.065625
164 0.5 0.1421875 1.0 0.065625
918 1.0 0.188671875 0.0 0.0
8 1.0 0.3390625 0.0 0.30078125
16 1.0 0.5576171875 0.0 0.136328125
16 1.0 0.626171875 0.0 0.00078125
16 1.0 0.6947265625 0.0 0.136328125
8 1.0 0.626171875 0.0 0.2734375
8 1.0 0.4689453125 0.0 0.587890625
31 1.0 0.5546875 0.0 0.759375
917 0.19027777777777777 0.278515625 0.16527777777777777 0.09296875
918 0.19027777777777777 0.3451171875 0.30694444444444446 0.018359375
16 0.18993055555555555 0.362109375 0.03263888888888889 0.015625
8 0.19027777777777777 0.2900390625 0.30694444444444446 0.159765625
917 0.3451388888888889 0.21015625 0.002777777777777778 0.0
16 0.3451388888888889 0.256640625 0.002777777777777778 0.09296875
917 0.5 0.278515625 0.16527777777777777 0.09296875
918 0.5 0.3451171875 0.30694444444444446 0.018359375
16 0.5 0.35859375 0.0 0.00859375
8 0.5 0.2865234375 0.30694444444444446 0.152734375
917 0.6548611111111111 0.21015625 0.002777777777777778 0.0
16 0.6548611111111111 0.256640625 0.002777777777777778 0.09296875
917 0.8097222222222222 0.278515625 0.16527777777777777 0.09296875
918 0.8097222222222222 0.3451171875 0.30694444444444446 0.018359375
16 0.8097222222222222 0.35859375 0.0 0.00859375
8 0.8097222222222222 0.2865234375 0.30694444444444446 0.152734375
8 0.5 0.2728515625 0.9263888888888889 0.194140625
917 0.19027777777777777 0.47265625 0.16527777777777777 0.09296875
918 0.19027777777777777 0.5392578125 0.30694444444444446 0.018359375
16 0.19027777777777777 0.552734375 0.0 0.00859375
8 0.19027777777777777 0.4806640625 0.30694444444444446 0.152734375
917 0.3451388888888889 0.404296875 0.002777777777777778 0.0
16 0.3451388888888889 0.45078125 0.002777777777777778 0.09296875
917 0.5 0.47265625 0.16527777777777777 0.09296875
918 0.5 0.5392578125 0.30694444444444446 0.018359375
16 0.5 0.552734375 0.0 0.00859375
8 0.5 0.4806640625 0.30694444444444446 0.152734375
917 0.6548611111111111 0.404296875 0.002777777777777778 0.0
16 0.6548611111111111 0.45078125 0.002777777777777778 0.09296875
917 0.8097222222222222 0.47265625 0.16527777777777777 0.09296875
918 0.8097222222222222 0.5392578125 0.30694444444444446 0.018359375
16 0.8097222222222222 0.552734375 0.0 0.00859375
8 0.8097222222222222 0.4806640625 0.30694444444444446 0.152734375
8 0.5 0.4634765625 0.9263888888888889 0.187109375
917 0.19027777777777777 0.659765625 0.16527777777777777 0.09296875
918 0.19027777777777777 0.7263671875 0.30694444444444446 0.018359375
16 0.19027777777777777 0.73984375 0.0 0.00859375
8 0.19027777777777777 0.6677734375 0.30694444444444446 0.152734375
917 0.3451388888888889 0.59140625 0.002777777777777778 0.0
16 0.3451388888888889 0.637890625 0.002777777777777778 0.09296875
917 0.5 0.659765625 0.16527777777777777 0.09296875
918 0.5 0.7263671875 0.30694444444444446 0.018359375
16 0.5 0.73984375 0.0 0.00859375
8 0.5 0.6677734375 0.30694444444444446 0.152734375
917 0.6548611111111111 0.59140625 0.002777777777777778 0.0
16 0.6548611111111111 0.637890625 0.002777777777777778 0.09296875
917 0.8097222222222222 0.659765625 0.16527777777777777 0.09296875
918 0.8097222222222222 0.7263671875 0.30694444444444446 0.018359375
16 0.8097222222222222 0.73984375 0.0 0.00859375
8 0.8097222222222222 0.6677734375 0.30694444444444446 0.152734375
8 0.5 0.6505859375 0.9263888888888889 0.187109375
917 0.19027777777777777 0.846875 0.16527777777777777 0.09296875
918 0.19027777777777777 0.9134765625 0.30694444444444446 0.018359375
16 0.19027777777777777 0.926953125 0.0 0.00859375
8 0.19027777777777777 0.8548828125 0.30694444444444446 0.152734375
917 0.3451388888888889 0.778515625 0.002777777777777778 0.0
16 0.3451388888888889 0.825 0.002777777777777778 0.09296875
917 0.5 0.846875 0.16527777777777777 0.09296875
918 0.5 0.9134765625 0.30694444444444446 0.018359375
16 0.5 0.926953125 0.0 0.00859375
8 0.5 0.8548828125 0.30694444444444446 0.152734375
917 0.6548611111111111 0.778515625 0.002777777777777778 0.0
16 0.6548611111111111 0.825 0.002777777777777778 0.09296875
917 0.8097222222222222 0.846875 0.16527777777777777 0.09296875
918 0.8097222222222222 0.9134765625 0.30694444444444446 0.018359375
16 0.8097222222222222 0.926953125 0.0 0.00859375
8 0.8097222222222222 0.8548828125 0.30694444444444446 0.152734375
8 0.5 0.8376953125 0.9263888888888889 0.187109375
8 0.03680555555555556 0.93125 0.0 0.0
8 0.5 0.9669921875 0.7805555555555556 0.065234375
8 0.5 0.9328125 0.9263888888888889 0.003125
106 0.5 0.555078125 1.0 0.75859375
34 0.5 0.48359375 1.0 0.9015625
4 0.5 0.9671875 1.0 0.065625
4 0.5 0.01640625 1.0 0.0328125
5 0.5 0.5 1.0 1.0
