7 0.5 0.1203125 0.9222222222222223 0.04375
16 0.12638888888888888 0.18671875 0.1361111111111111 0.0875
7 0.3697916666666667 0.1865234375 0.3506944444444444 0.033203125
7 0.19444444444444445 0.16171875 0.0 0.0
8 0.565625 0.1865234375 0.7423611111111111 0.049609375
16 0.03888888888888889 0.14296875 0.0 0.0
16 0.5 0.18671875 0.9222222222222223 0.0875
16 0.12638888888888888 0.275 0.1361111111111111 0.0875
7 0.3559027777777778 0.2748046875 0.3229166666666667 0.033203125
7 0.19444444444444445 0.25 0.0 0.0
8 0.565625 0.2748046875 0.7423611111111111 0.049609375
16 0.03888888888888889 0.23125 0.0 0.0
16 0.5 0.275 0.9222222222222223 0.0875
7 0.5 0.34140625 0.9222222222222223 0.04375
16 0.12638888888888888 0.4078125 0.1361111111111111 0.0875
7 0.3576388888888889 0.42421875 0.3263888888888889 0.02578125
8 0.565625 0.4076171875 0.7423611111111111 0.075390625
16 0.03888888888888889 0.3640625 0.0 0.0
16 0.5 0.4078125 0.9222222222222223 0.0875
16 0.12638888888888888 0.49609375 0.1361111111111111 0.0875
7 0.3458333333333333 0.4830078125 0.30277777777777776 0.033203125
7 0.46979166666666666 0.5125 0.5506944444444445 0.02578125
8 0.565625 0.4958984375 0.7423611111111111 0.075390625
16 0.03888888888888889 0.45234375 0.0 0.0
16 0.5 0.49609375 0.9222222222222223 0.0875
16 0.12638888888888888 0.584375 0.1361111111111111 0.0875
7 0.3729166666666667 0.5712890625 0.35694444444444445 0.033203125
7 0.34270833333333334 0.60078125 0.2965277777777778 0.02578125
8 0.565625 0.5841796875 0.7423611111111111 0.075390625
16 0.03888888888888889 0.540625 0.0 0.0
16 0.5 0.584375 0.9222222222222223 0.0875
16 0.12638888888888888 0.67265625 0.1361111111111111 0.0875
7 0.3451388888888889 0.6595703125 0.3013888888888889 0.033203125
7 0.41180555555555554 0.6890625 0.43472222222222223 0.02578125
8 0.565625 0.6724609375 0.7423611111111111 0.075390625
16 0.03888888888888889 0.62890625 0.0 0.0
16 0.5 0.67265625 0.9222222222222223 0.0875
16 0.12638888888888888 0.7609375 0.1361111111111111 0.0875
7 0.3767361111111111 0.7478515625 0.3645833333333333 0.033203125
7 0.3972222222222222 0.77734375 0.40555555555555556 0.02578125
8 0.565625 0.7607421875 0.7423611111111111 0.075390625
16 0.03888888888888889 0.7171875 0.0 0.0
16 0.5 0.7609375 0.9222222222222223 0.0875
7 0.5 0.82734375 0.9222222222222223 0.04375
16 0.12638888888888888 0.8921875 0.1361111111111111 0.084375
7 0.40069444444444446 0.8935546875 0.4125 0.033203125
7 0.19444444444444445 0.86875 0.0 0.0
8 0.565625 0.8935546875 0.7423611111111111 0.049609375
16 0.03888888888888889 0.85 0.0 0.0
16 0.5 0.8921875 0.9222222222222223 0.084375
16 0.5 0.51640625 1.0 0.8359375
50 0.5 0.934375 1.0 0.0
8 0.0 0.0984375 0.0 0.0
57 0.0 0.0328125 0.0 0.0
54 0.06875 0.065625 0.09722222222222222 0.065625
16 0.234375 0.0654296875 0.23402777777777778 0.033203125
7 0.11736111111111111 0.048828125 0.0 0.0
16 0.1857638888888889 0.065625 0.33125 0.065625
55 1.0 0.065625 0.0 0.065625
56 0.5 0.065625 1.0 0.065625
56 0.0 0.0 0.0 0.0
53 0.5 0.4671875 1.0 0.934375
