717 0.05590277777777778 0.0888671875 0.07291666666666667 0.019140625
7 0.19826388888888888 0.08125 0.21180555555555555 0.034375
7 0.6972222222222222 0.084375 0.05694444444444444 0.028125
7 0.3732638888888889 0.0916015625 0.5618055555555556 0.013671875
8 0.3798611111111111 0.0916015625 0.7208333333333333 0.013671875
114 0.8604166666666667 0.0916015625 0.24027777777777778 0.013671875
56 0.5 0.065625 1.0 0.065625
7 0.5 0.2765625 1.0 0.35625
6 0.084375 0.476171875 0.10486111111111111 0.04375
7 0.3034722222222222 0.4951171875 0.43194444444444446 0.037109375
7 0.7402777777777778 0.4951171875 0.44166666666666665 0.020703125
16 0.5 0.4951171875 1.0 0.080859375
8 0.5 0.3169921875 1.0 0.437109375
114 0.25 0.57109375 0.46111111111111114 0.04921875
114 0.75 0.57109375 0.46111111111111114 0.04921875
16 0.5 0.57109375 1.0 0.07109375
717 0.05590277777777778 0.6388671875 0.07291666666666667 0.041015625
7 0.16041666666666668 0.6435546875 0.25277777777777777 0.031640625
7 0.7256944444444444 0.6357421875 0.0 0.018359375
7 0.4017361111111111 0.6544921875 0.61875 0.020703125
8 0.35 0.6435546875 0.6611111111111111 0.048046875
114 0.8604166666666667 0.6416015625 0.24027777777777778 0.046484375
16 0.5 0.6416015625 1.0 0.068359375
7 0.5 0.755078125 1.0 0.15859375
6 0.06319444444444444 0.874609375 0.04861111111111111 0.02734375
7 0.29444444444444445 0.8748046875 0.41388888888888886 0.037109375
7 0.73125 0.8748046875 0.4597222222222222 0.020703125
16 0.5 0.8748046875 1.0 0.080859375
8 0.5 0.761328125 1.0 0.3078125
717 0.05590277777777778 0.9306640625 0.07291666666666667 0.007421875
7 0.21493055555555557 0.9306640625 0.24513888888888888 0.007421875
7 0.7256944444444444 0.934765625 0.0 0.00078125
7 0.4017361111111111 0.9435546875 0.61875 0.018359375
8 0.35 0.9107421875 0.6611111111111111 0.047265625
114 0.8604166666666667 0.9306640625 0.24027777777777778 0.007421875
8 0.5 0.9251953125 1.0 0.018359375
455 0.5 0.51640625 1.0 0.8359375
6 0.35 0.1630859375 0.6611111111111111 0.129296875
7 0.10520833333333333 0.2513671875 0.1423611111111111 0.031640625
8 0.35 0.2513671875 0.6611111111111111 0.048046875
6 0.084375 0.30390625 0.10486111111111111 0.04375
7 0.2388888888888889 0.3 0.20416666666666666 0.0359375
6 0.6618055555555555 0.28203125 0.0125 0.0
8 0.40243055555555557 0.3 0.53125 0.0359375
8 0.35 0.30390625 0.6611111111111111 0.0578125
6 0.084375 0.361328125 0.10486111111111111 0.04375
7 0.22534722222222223 0.357421875 0.17708333333333334 0.0359375
6 0.6618055555555555 0.339453125 0.0125 0.0
8 0.40243055555555557 0.357421875 0.53125 0.0359375
8 0.35 0.361328125 0.6611111111111111 0.0578125
6 0.084375 0.41875 0.10486111111111111 0.04375
7 0.26493055555555556 0.41484375 0.25625 0.0359375
6 0.6618055555555555 0.396875 0.0125 0.0
8 0.40243055555555557 0.41484375 0.53125 0.0359375
8 0.35 0.41875 0.6611111111111111 0.0578125
7 0.24791666666666667 0.472265625 0.2222222222222222 0.0359375
6 0.6618055555555555 0.454296875 0.0125 0.0
8 0.40243055555555557 0.472265625 0.53125 0.0359375
8 0.35 0.476171875 0.6611111111111111 0.0578125
6 0.084375 0.53359375 0.10486111111111111 0.04375
7 0.26006944444444446 0.5296875 0.2465277777777778 0.0359375
6 0.6618055555555555 0.51171875 0.0125 0.0
8 0.40243055555555557 0.5296875 0.53125 0.0359375
8 0.35 0.53359375 0.6611111111111111 0.0578125
6 0.084375 0.591015625 0.10486111111111111 0.04375
7 0.19340277777777778 0.587109375 0.11319444444444444 0.0359375
6 0.6618055555555555 0.569140625 0.0125 0.0
8 0.40243055555555557 0.587109375 0.53125 0.0359375
8 0.35 0.591015625 0.6611111111111111 0.0578125
6 0.084375 0.69609375 0.10486111111111111 0.04375
7 0.22465277777777778 0.6921875 0.17569444444444443 0.0359375
6 0.6618055555555555 0.67421875 0.0125 0.0
8 0.40243055555555557 0.6921875 0.53125 0.0359375
8 0.35 0.69609375 0.6611111111111111 0.0578125
6 0.084375 0.753515625 0.10486111111111111 0.04375
7 0.18125 0.749609375 0.08888888888888889 0.0359375
6 0.6618055555555555 0.731640625 0.0125 0.0
8 0.40243055555555557 0.749609375 0.53125 0.0359375
8 0.35 0.753515625 0.6611111111111111 0.0578125
6 0.084375 0.8109375 0.10486111111111111 0.04375
7 0.18229166666666666 0.80703125 0.09097222222222222 0.0359375
6 0.6618055555555555 0.7890625 0.0125 0.0
8 0.40243055555555557 0.80703125 0.53125 0.0359375
8 0.35 0.8109375 0.6611111111111111 0.0578125
7 0.2263888888888889 0.8634765625 0.38472222222222224 0.031640625
8 0.35 0.8634765625 0.6611111111111111 0.048046875
7 0.1736111111111111 0.912109375 0.07361111111111111 0.0359375
6 0.6618055555555555 0.894140625 0.0125 0.0
8 0.40243055555555557 0.912109375 0.53125 0.0359375
10 0.3402777777777778 0.51640625 0.6805555555555556 0.8359375
54 0.029861111111111113 0.065625 0.059722222222222225 0.065625
7 0.12430555555555556 0.0544921875 0.12916666666666668 0.033203125
16 0.4583333333333333 0.0654296875 0.7972222222222223 0.055078125
16 0.4284722222222222 0.065625 0.8569444444444444 0.065625
91 0.9319444444444445 0.065625 0.1361111111111111 0.065625
57 0.0 0.0328125 0.0 0.0
53 0.5 0.4671875 1.0 0.934375
