43 0.403125 0.0708984375 0.45625 0.036328125
44 0.06805555555555555 0.07109375 0.1361111111111111 0.0765625
22 0.9416666666666667 0.07109375 0.11666666666666667 0.065625
80 0.5 0.07109375 1.0 0.0765625
43 0.5 0.137890625 0.47638888888888886 0.0296875
8 0.5 0.1298828125 1.0 0.041015625
43 0.5 0.191796875 0.09722222222222222 0.0546875
38 0.07291666666666667 0.2291015625 0.09722222222222222 0.036328125
38 0.07291666666666667 0.2943359375 0.09722222222222222 0.034765625
43 0.9270833333333334 0.2439453125 0.03333333333333333 0.022265625
43 0.9065972222222223 0.2705078125 0.13819444444444445 0.022265625
654 0.5 0.2453125 0.7958333333333333 0.04140625
50 0.5 0.2427734375 1.0 0.077734375
71 0.5 0.323046875 0.25 0.05546875
43 0.12152777777777778 0.3755859375 0.15555555555555556 0.022265625
43 0.1482638888888889 0.40390625 0.049305555555555554 0.04765625
16 0.12152777777777778 0.40390625 0.19444444444444445 0.04765625
4 0.5 0.364453125 0.5625 0.0
43 0.8784722222222222 0.40390625 0.19444444444444445 0.04765625
16 0.5 0.39609375 1.0 0.06328125
106 0.0 0.281640625 0.0 0.0
38 0.07291666666666667 0.4880859375 0.09722222222222222 0.036328125
43 0.49236111111111114 0.5056640625 0.6486111111111111 0.036328125
920 0.9055555555555556 0.505859375 0.07777777777777778 0.04375
16 0.5010416666666667 0.505859375 0.9284722222222223 0.0546875
43 0.10243055555555555 0.561328125 0.13125 0.0546875
43 0.49236111111111114 0.5611328125 0.6486111111111111 0.036328125
920 0.8652777777777778 0.538671875 0.0 0.0
43 0.9055555555555556 0.561328125 0.07777777777777778 0.04375
16 0.5010416666666667 0.561328125 0.9284722222222223 0.0546875
4 0.5010416666666667 0.684375 0.9284722222222223 0.18984375
16 0.5010416666666667 0.62890625 0.9284722222222223 0.30078125
43 0.024305555555555556 0.427734375 0.0 0.0
43 0.5 0.455078125 0.21944444444444444 0.0546875
88 0.5 0.6064453125 1.0 0.357421875
38 0.15243055555555557 0.8259765625 0.06180555555555556 0.034765625
43 0.2864583333333333 0.826171875 0.17708333333333334 0.0546875
16 0.24861111111111112 0.826171875 0.4486111111111111 0.0546875
4 0.4996527777777778 0.826171875 0.004861111111111111 0.0328125
38 0.6517361111111111 0.8259765625 0.06180555555555556 0.036328125
43 0.7888888888888889 0.826171875 0.18333333333333332 0.0546875
16 0.7510416666666667 0.826171875 0.44930555555555557 0.0546875
16 0.5 0.8330078125 1.0 0.068359375
71 0.25 0.9015625 0.4513888888888889 0.05546875
71 0.75 0.9015625 0.4513888888888889 0.05546875
16 0.5 0.9015625 1.0 0.065625
38 0.0 0.86875 0.0 0.0
16 0.5 0.6080078125 1.0 0.652734375
16 0.5 0.48359375 1.0 0.9015625
921 0.08263888888888889 0.1296875 0.06805555555555555 0.03828125
43 0.20451388888888888 0.1296875 0.17569444444444443 0.02578125
16 0.18263888888888888 0.1298828125 0.36527777777777776 0.041015625
4 0.5 0.149609375 1.0 0.0015625
38 0.9465277777777777 0.1298828125 0.10694444444444444 0.041015625
43 0.29097222222222224 0.091796875 0.1736111111111111 0.0296875
38 0.6416666666666667 0.0546875 0.07777777777777778 0.04375
38 0.5638888888888889 0.0546875 0.07777777777777778 0.04375
38 0.4861111111111111 0.0546875 0.07777777777777778 0.04375
8 0.3402777777777778 0.08203125 0.6805555555555556 0.0984375
43 0.0 0.0328125 0.0 0.0
38 0.07291666666666667 0.1638671875 0.09722222222222222 0.036328125
43 0.4131944444444444 0.1640625 0.5347222222222222 0.0296875
16 0.3402777777777778 0.1640625 0.6805555555555556 0.065625
43 0.4131944444444444 0.229296875 0.5347222222222222 0.0296875
16 0.3402777777777778 0.229296875 0.6805555555555556 0.065625
43 0.4131944444444444 0.29453125 0.5347222222222222 0.0296875
16 0.3402777777777778 0.29453125 0.6805555555555556 0.065625
38 0.0 0.325390625 0.0 0.0
38 0.07291666666666667 0.3578125 0.09722222222222222 0.0375
43 0.4131944444444444 0.3578125 0.5347222222222222 0.0296875
16 0.3402777777777778 0.3578125 0.6805555555555556 0.065625
38 0.07291666666666667 0.4228515625 0.09722222222222222 0.036328125
43 0.4131944444444444 0.423046875 0.5347222222222222 0.0296875
16 0.3402777777777778 0.423046875 0.6805555555555556 0.065625
43 0.4131944444444444 0.48828125 0.5347222222222222 0.0296875
16 0.3402777777777778 0.48828125 0.6805555555555556 0.065625
10 0.3402777777777778 0.5109375 0.6805555555555556 0.759375
43 0.3402777777777778 0.9125 0.6805555555555556 0.04375
16 0.3402777777777778 0.48359375 0.6805555555555556 0.9015625
5 0.5 0.5 1.0 1.0
4 0.5 0.9671875 1.0 0.065625
4 0.5 0.01640625 1.0 0.0328125
