6 0.1 0.0916015625 0.07777777777777778 0.013671875
7 0.4065972222222222 0.0888671875 0.43819444444444444 0.019140625
7 0.1951388888888889 0.048828125 0.0 0.0
16 0.5631944444444444 0.0888671875 0.7513888888888889 0.019140625
922 0.5 0.0984375 1.0 0.0
6 0.01840277777777778 0.09609375 0.03680555555555556 0.0046875
7 0.28020833333333334 0.152734375 0.21736111111111112 0.02578125
8 0.20416666666666666 0.141015625 0.4083333333333333 0.04921875
7 0.4083333333333333 0.11640625 0.0 0.0
8 0.4996527777777778 0.141015625 0.18263888888888888 0.04921875
7 0.5909722222222222 0.11640625 0.0 0.0
114 0.9534722222222223 0.135546875 0.06805555555555555 0.03828125
7 0.7166666666666667 0.152734375 0.2125 0.02578125
8 0.7954861111111111 0.141015625 0.40902777777777777 0.04921875
16 0.5 0.141015625 1.0 0.0546875
16 0.0 0.169140625 0.0 0.0
7 0.050347222222222224 0.1810546875 0.07569444444444444 0.018359375
7 0.2857638888888889 0.208203125 0.20625 0.02578125
8 0.20416666666666666 0.196484375 0.4083333333333333 0.04921875
7 0.4083333333333333 0.171875 0.0 0.0
8 0.4996527777777778 0.196484375 0.18263888888888888 0.04921875
7 0.5909722222222222 0.171875 0.0 0.0
114 0.9534722222222223 0.191015625 0.06805555555555555 0.03828125
7 0.6756944444444445 0.208203125 0.13055555555555556 0.02578125
8 0.7954861111111111 0.196484375 0.40902777777777777 0.04921875
16 0.5 0.196484375 1.0 0.0546875
6 0.01840277777777778 0.24453125 0.03680555555555556 0.0
16 0.5 0.251953125 1.0 0.0546875
7 0.3121527777777778 0.263671875 0.15347222222222223 0.02578125
8 0.20416666666666666 0.251953125 0.4083333333333333 0.04921875
8 0.4996527777777778 0.251953125 0.18263888888888888 0.04921875
7 0.4083333333333333 0.22734375 0.0 0.0
7 0.9416666666666667 0.2365234375 0.09166666666666666 0.018359375
7 0.6881944444444444 0.263671875 0.15555555555555556 0.02578125
8 0.7954861111111111 0.251953125 0.40902777777777777 0.04921875
16 0.0 0.280078125 0.0 0.0
7 0.050347222222222224 0.2919921875 0.07569444444444444 0.018359375
7 0.31631944444444443 0.319140625 0.1451388888888889 0.02578125
8 0.20416666666666666 0.307421875 0.4083333333333333 0.04921875
8 0.4996527777777778 0.307421875 0.18263888888888888 0.04921875
7 0.4083333333333333 0.2828125 0.0 0.0
7 0.9416666666666667 0.2919921875 0.09166666666666666 0.018359375
114 0.5909722222222222 0.2828125 0.0 0.0
7 0.6631944444444444 0.319140625 0.10555555555555556 0.02578125
8 0.7954861111111111 0.307421875 0.40902777777777777 0.04921875
16 0.5 0.307421875 1.0 0.0546875
6 0.01840277777777778 0.35546875 0.03680555555555556 0.0
16 0.5 0.35546875 1.0 0.03984375
7 0.050347222222222224 0.3873046875 0.07569444444444444 0.018359375
7 0.25104166666666666 0.414453125 0.27569444444444446 0.02578125
8 0.20416666666666666 0.402734375 0.4083333333333333 0.04921875
7 0.4083333333333333 0.378125 0.0 0.0
8 0.4996527777777778 0.402734375 0.18263888888888888 0.04921875
7 0.5909722222222222 0.378125 0.0 0.0
114 0.9534722222222223 0.397265625 0.06805555555555555 0.03828125
7 0.7458333333333333 0.414453125 0.2708333333333333 0.02578125
8 0.7954861111111111 0.402734375 0.40902777777777777 0.04921875
16 0.5 0.3828125 1.0 0.09453125
6 0.01840277777777778 0.45078125 0.03680555555555556 0.0
16 0.5 0.458203125 1.0 0.0546875
7 0.2951388888888889 0.469921875 0.1875 0.02578125
8 0.20416666666666666 0.458203125 0.4083333333333333 0.04921875
7 0.4083333333333333 0.43359375 0.0 0.0
8 0.4996527777777778 0.458203125 0.18263888888888888 0.04921875
7 0.5909722222222222 0.43359375 0.0 0.0
114 0.9534722222222223 0.452734375 0.06805555555555555 0.03828125
7 0.6888888888888889 0.469921875 0.15694444444444444 0.02578125
8 0.7954861111111111 0.458203125 0.40902777777777777 0.04921875
6 0.01840277777777778 0.50625 0.03680555555555556 0.0
16 0.5 0.50625 1.0 0.03984375
7 0.32708333333333334 0.565234375 0.12361111111111112 0.02578125
8 0.20416666666666666 0.553515625 0.4083333333333333 0.04921875
7 0.4083333333333333 0.52890625 0.0 0.0
8 0.4996527777777778 0.553515625 0.18263888888888888 0.04921875
7 0.5909722222222222 0.52890625 0.0 0.0
114 0.9534722222222223 0.548046875 0.06805555555555555 0.03828125
7 0.6881944444444444 0.565234375 0.15555555555555556 0.02578125
8 0.7954861111111111 0.553515625 0.40902777777777777 0.04921875
16 0.5 0.53359375 1.0 0.09453125
6 0.01840277777777778 0.6015625 0.03680555555555556 0.0
16 0.5 0.608984375 1.0 0.0546875
7 0.3440972222222222 0.620703125 0.08958333333333333 0.02578125
8 0.20416666666666666 0.608984375 0.4083333333333333 0.04921875
7 0.4083333333333333 0.584375 0.0 0.0
8 0.4996527777777778 0.608984375 0.18263888888888888 0.04921875
7 0.5909722222222222 0.584375 0.0 0.0
114 0.9534722222222223 0.603515625 0.06805555555555555 0.03828125
7 0.6402777777777777 0.620703125 0.059722222222222225 0.02578125
8 0.7954861111111111 0.608984375 0.40902777777777777 0.04921875
6 0.01840277777777778 0.65703125 0.03680555555555556 0.0
16 0.5 0.664453125 1.0 0.0546875
7 0.30069444444444443 0.676171875 0.1763888888888889 0.02578125
8 0.20416666666666666 0.664453125 0.4083333333333333 0.04921875
7 0.4083333333333333 0.63984375 0.0 0.0
8 0.4996527777777778 0.664453125 0.18263888888888888 0.04921875
7 0.5909722222222222 0.63984375 0.0 0.0
114 0.9534722222222223 0.658984375 0.06805555555555555 0.03828125
7 0.6614583333333334 0.676171875 0.10208333333333333 0.02578125
8 0.7954861111111111 0.664453125 0.40902777777777777 0.04921875
16 0.0 0.692578125 0.0 0.0
7 0.25381944444444443 0.731640625 0.2701388888888889 0.02578125
8 0.20416666666666666 0.719921875 0.4083333333333333 0.04921875
7 0.4083333333333333 0.6953125 0.0 0.0
8 0.4996527777777778 0.719921875 0.18263888888888888 0.04921875
7 0.5909722222222222 0.6953125 0.0 0.0
114 0.9534722222222223 0.714453125 0.06805555555555555 0.03828125
7 0.7309027777777778 0.731640625 0.24097222222222223 0.02578125
8 0.7954861111111111 0.719921875 0.40902777777777777 0.04921875
16 0.5 0.719921875 1.0 0.0546875
6 0.01840277777777778 0.76796875 0.03680555555555556 0.0
16 0.5 0.775390625 1.0 0.0546875
7 0.3059027777777778 0.787109375 0.16597222222222222 0.02578125
8 0.20416666666666666 0.775390625 0.4083333333333333 0.04921875
7 0.4083333333333333 0.75078125 0.0 0.0
8 0.4996527777777778 0.775390625 0.18263888888888888 0.04921875
7 0.5909722222222222 0.75078125 0.0 0.0
114 0.9534722222222223 0.769921875 0.06805555555555555 0.03828125
7 0.6763888888888889 0.787109375 0.13194444444444445 0.02578125
8 0.7954861111111111 0.775390625 0.40902777777777777 0.04921875
16 0.0 0.803515625 0.0 0.0
7 0.28958333333333336 0.842578125 0.1986111111111111 0.02578125
8 0.20416666666666666 0.830859375 0.4083333333333333 0.04921875
7 0.4083333333333333 0.80625 0.0 0.0
8 0.4996527777777778 0.830859375 0.18263888888888888 0.04921875
7 0.5909722222222222 0.80625 0.0 0.0
114 0.9534722222222223 0.825390625 0.06805555555555555 0.03828125
7 0.6708333333333333 0.842578125 0.12083333333333333 0.02578125
8 0.7954861111111111 0.830859375 0.40902777777777777 0.04921875
16 0.5 0.830859375 1.0 0.0546875
16 0.0 0.858984375 0.0 0.0
7 0.30104166666666665 0.898046875 0.17569444444444443 0.02578125
8 0.20416666666666666 0.886328125 0.4083333333333333 0.04921875
7 0.4083333333333333 0.86171875 0.0 0.0
8 0.4996527777777778 0.886328125 0.18263888888888888 0.04921875
7 0.5909722222222222 0.86171875 0.0 0.0
114 0.9534722222222223 0.880859375 0.06805555555555555 0.03828125
7 0.7052083333333333 0.898046875 0.18958333333333333 0.02578125
8 0.7954861111111111 0.886328125 0.40902777777777777 0.04921875
16 0.5 0.9244140625 1.0 0.019921875
6 0.01840277777777778 0.934375 0.03680555555555556 0.0
16 0.5 0.9443359375 1.0 0.019921875
7 0.26944444444444443 0.957421875 0.2388888888888889 0.04609375
8 0.20416666666666666 0.945703125 0.4083333333333333 0.02265625
8 0.4996527777777778 0.945703125 0.18263888888888888 0.02265625
7 0.4083333333333333 0.945703125 0.0 0.02265625
7 0.9416666666666667 0.945703125 0.09166666666666666 0.02265625
7 0.7170138888888888 0.957421875 0.21319444444444444 0.04609375
8 0.7954861111111111 0.945703125 0.40902777777777777 0.02265625
13 0.5 0.51640625 1.0 0.8359375
19 0.5 0.51640625 0.18472222222222223 0.10390625
57 0.0 0.0328125 0.0 0.0
54 0.1076388888888889 0.065625 0.175 0.065625
16 0.303125 0.0654296875 0.21597222222222223 0.033203125
16 0.215625 0.065625 0.3909722222222222 0.065625
55 1.0 0.065625 0.0 0.065625
56 0.0 0.0 0.0 0.0
53 0.5 0.4671875 1.0 0.934375
