120 0.0 0.0 0.0 0.0
126 0.5 0.4671875 1.0 0.934375
6 0.08541666666666667 0.9123046875 0.14583333333333334 0.030078125
222 0.9756944444444444 0.29140625 0.0 0.0
8 0.9756944444444444 0.6060546875 0.0 0.629296875
8 0.5 0.8466796875 0.5347222222222222 0.175390625
8 0.4996527777777778 0.8740234375 0.2673611111111111 0.120703125
38 0.0 0.7765625 0.0 0.0
43 0.3 0.80390625 0.09722222222222222 0.0546875
38 0.3003472222222222 0.8505859375 0.04375 0.024609375
43 0.2798611111111111 0.8830078125 0.0763888888888889 0.040234375
43 0.33819444444444446 0.8884765625 0.04027777777777778 0.022265625
43 0.36041666666666666 0.79375 0.06111111111111111 0.034375
43 0.23472222222222222 0.795703125 0.06805555555555555 0.03828125
8 0.3003472222222222 0.83984375 0.21875 0.1265625
43 0.4996527777777778 0.8546875 0.1701388888888889 0.07265625
43 0.4996527777777778 0.890625 0.09236111111111112 0.02578125
43 0.6986111111111111 0.80390625 0.09722222222222222 0.0546875
38 0.6986111111111111 0.85 0.06111111111111111 0.034375
43 0.6986111111111111 0.8853515625 0.09722222222222222 0.033203125
16 0.6989583333333333 0.8400390625 0.21875 0.126953125
16 0.5 0.8400390625 1.0 0.126953125
43 0.4996527777777778 0.9189453125 0.5229166666666667 0.030859375
44 0.07569444444444444 0.864453125 0.12638888888888888 0.07265625
44 0.9243055555555556 0.864453125 0.12638888888888888 0.07265625
82 0.0 0.9130859375 0.0 0.042578125
52 0.0875 0.08203125 0.1361111111111111 0.0765625
38 0.2222222222222222 0.056640625 0.0 0.0
38 0.28055555555555556 0.08203125 0.07777777777777778 0.0328125
322 0.6402777777777777 0.08125 0.6416666666666667 0.04921875
38 0.3194444444444444 0.056640625 0.0 0.0
45 0.5916666666666667 0.08203125 0.7777777777777778 0.0765625
80 0.5 0.08203125 0.9611111111111111 0.0765625
32 0.006944444444444444 0.03671875 0.0 0.0
32 0.06805555555555555 0.1546875 0.09722222222222222 0.0546875
32 0.06805555555555555 0.223046875 0.09722222222222222 0.0546875
32 0.9201388888888888 0.157421875 0.09722222222222222 0.0546875
32 0.9201388888888888 0.2328125 0.09722222222222222 0.0546875
32 0.9201388888888888 0.301171875 0.09722222222222222 0.0546875
8 0.9201388888888888 0.23671875 0.14583333333333334 0.21875
8 0.5 0.19140625 0.9861111111111112 0.309375
8 0.5 0.01640625 1.0 0.0328125
16 0.0 0.1115234375 0.0 0.223046875
43 0.0 0.255859375 0.0 0.065625
82 0.0 0.321484375 0.0 0.065625
82 0.0 0.387109375 0.0 0.065625
82 0.0 0.452734375 0.0 0.065625
82 0.0 0.518359375 0.0 0.065625
82 0.0 0.583984375 0.0 0.065625
82 0.0 0.649609375 0.0 0.065625
82 0.0 0.715234375 0.0 0.065625
113 0.0 0.4671875 0.0 0.934375
