923 0.23680555555555555 0.190234375 0.13472222222222222 0.065625
923 0.8305555555555556 0.20390625 0.0 0.02734375
923 0.6923611111111111 0.1765625 0.125 0.02734375
4 0.5 0.234765625 0.7388888888888889 0.0015625
7 0.16944444444444445 0.235546875 0.0 0.0
923 0.3295138888888889 0.33671875 0.16597222222222222 0.10625
924 0.3298611111111111 0.33671875 0.32083333333333336 0.18046875
923 0.6697916666666667 0.33671875 0.16319444444444445 0.10625
924 0.6701388888888888 0.33671875 0.32083333333333336 0.18046875
923 0.3295138888888889 0.528125 0.18680555555555556 0.10625
924 0.3298611111111111 0.528125 0.32083333333333336 0.18046875
923 0.6697916666666667 0.528125 0.24097222222222223 0.10625
924 0.6701388888888888 0.528125 0.32083333333333336 0.18046875
923 0.3298611111111111 0.7193359375 0.32083333333333336 0.098828125
924 0.3298611111111111 0.71953125 0.32083333333333336 0.18046875
925 0.5 0.528125 0.6611111111111111 0.58515625
6 0.4996527777777778 0.7748046875 0.3784722222222222 0.012890625
7 0.5 0.796875 0.07916666666666666 0.02578125
16 0.5 0.79453125 0.7388888888888889 0.05234375
8 0.5 0.48359375 0.7388888888888889 0.67421875
926 0.5 0.48359375 0.7777777777777778 0.9015625
0 0.1111111111111111 0.0328125 0.0 0.0
