36 0.0 0.0328125 0.0 0.0
38 0.04375 0.133984375 0.07777777777777778 0.04375
654 0.48819444444444443 0.1337890625 0.8111111111111111 0.024609375
43 0.9444444444444444 0.133984375 0.10138888888888889 0.02578125
16 0.5 0.133984375 1.0 0.04921875
38 0.0 0.109375 0.0 0.0
43 0.24965277777777778 0.14765625 0.18680555555555556 0.0765625
16 0.25 0.14765625 0.5 0.0765625
38 0.5 0.109375 0.0 0.0
43 0.7496527777777777 0.14765625 0.17430555555555555 0.0765625
16 0.75 0.14765625 0.5 0.0765625
38 0.5 0.1861328125 1.0 0.000390625
38 0.004861111111111111 0.197265625 0.0 0.0
19 0.5 0.51796875 0.18472222222222223 0.10390625
88 0.5 0.526171875 1.0 0.6796875
38 0.07569444444444444 0.230078125 0.11666666666666667 0.065625
38 0.13125 0.24921875 0.04861111111111111 0.02734375
43 0.48541666666666666 0.2380859375 0.6013888888888889 0.016796875
44 0.8298611111111112 0.223046875 0.0875 0.04921875
44 0.9222222222222223 0.223046875 0.0875 0.04921875
16 0.5777777777777777 0.230078125 0.8347222222222223 0.08203125
927 0.16041666666666668 0.1890625 0.0 0.0
16 0.5 0.230078125 1.0 0.0875
38 0.07569444444444444 0.317578125 0.11666666666666667 0.065625
38 0.004861111111111111 0.284765625 0.0 0.0
38 0.13125 0.33671875 0.04861111111111111 0.02734375
43 0.48541666666666666 0.3255859375 0.6013888888888889 0.016796875
44 0.8298611111111112 0.310546875 0.0875 0.04921875
44 0.9222222222222223 0.310546875 0.0875 0.04921875
16 0.5777777777777777 0.317578125 0.8347222222222223 0.08203125
927 0.16041666666666668 0.2765625 0.0 0.0
16 0.5 0.317578125 1.0 0.0875
38 0.07569444444444444 0.405078125 0.11666666666666667 0.065625
38 0.004861111111111111 0.372265625 0.0 0.0
38 0.13125 0.42421875 0.04861111111111111 0.02734375
43 0.48541666666666666 0.4130859375 0.6013888888888889 0.016796875
44 0.8298611111111112 0.398046875 0.0875 0.04921875
44 0.9222222222222223 0.398046875 0.0875 0.04921875
16 0.5777777777777777 0.405078125 0.8347222222222223 0.08203125
927 0.16041666666666668 0.3640625 0.0 0.0
16 0.5 0.405078125 1.0 0.0875
38 0.07569444444444444 0.492578125 0.11666666666666667 0.065625
38 0.004861111111111111 0.459765625 0.0 0.0
38 0.13125 0.51171875 0.04861111111111111 0.02734375
43 0.48541666666666666 0.5005859375 0.6013888888888889 0.016796875
44 0.8298611111111112 0.485546875 0.0875 0.04921875
44 0.9222222222222223 0.485546875 0.0875 0.04921875
16 0.5777777777777777 0.492578125 0.8347222222222223 0.08203125
927 0.16041666666666668 0.4515625 0.0 0.0
16 0.5 0.492578125 1.0 0.0875
38 0.07569444444444444 0.580078125 0.11666666666666667 0.065625
38 0.004861111111111111 0.547265625 0.0 0.0
38 0.13125 0.59921875 0.04861111111111111 0.02734375
43 0.48541666666666666 0.5880859375 0.6013888888888889 0.016796875
44 0.8298611111111112 0.573046875 0.0875 0.04921875
44 0.9222222222222223 0.573046875 0.0875 0.04921875
16 0.5777777777777777 0.580078125 0.8347222222222223 0.08203125
927 0.16041666666666668 0.5390625 0.0 0.0
16 0.5 0.580078125 1.0 0.0875
38 0.07569444444444444 0.667578125 0.11666666666666667 0.065625
38 0.004861111111111111 0.634765625 0.0 0.0
38 0.13125 0.68671875 0.04861111111111111 0.02734375
43 0.48541666666666666 0.6755859375 0.6013888888888889 0.016796875
44 0.8298611111111112 0.660546875 0.0875 0.04921875
44 0.9222222222222223 0.660546875 0.0875 0.04921875
16 0.5777777777777777 0.667578125 0.8347222222222223 0.08203125
927 0.16041666666666668 0.6265625 0.0 0.0
16 0.5 0.667578125 1.0 0.0875
38 0.07569444444444444 0.755078125 0.11666666666666667 0.065625
38 0.004861111111111111 0.722265625 0.0 0.0
38 0.13125 0.77421875 0.04861111111111111 0.02734375
43 0.48541666666666666 0.7630859375 0.6013888888888889 0.016796875
44 0.8298611111111112 0.748046875 0.0875 0.04921875
44 0.9222222222222223 0.748046875 0.0875 0.04921875
16 0.5777777777777777 0.755078125 0.8347222222222223 0.08203125
927 0.16041666666666668 0.7140625 0.0 0.0
16 0.5 0.755078125 1.0 0.0875
38 0.07569444444444444 0.837890625 0.11666666666666667 0.05625
38 0.004861111111111111 0.809765625 0.0 0.0
38 0.13125 0.85703125 0.04861111111111111 0.01796875
43 0.48541666666666666 0.8505859375 0.6013888888888889 0.016796875
44 0.8298611111111112 0.835546875 0.0875 0.04921875
44 0.9222222222222223 0.835546875 0.0875 0.04921875
16 0.5777777777777777 0.8337890625 0.8347222222222223 0.064453125
927 0.16041666666666668 0.8015625 0.0 0.0
16 0.5 0.832421875 1.0 0.0671875
16 1.0 0.526171875 0.0 0.6796875
10 1.0 0.186328125 0.0 0.0
112 0.5 0.9001953125 0.7777777777777778 0.068359375
89 0.5 0.9001953125 1.0 0.068359375
42 0.5 0.48359375 1.0 0.9015625
43 0.2635416666666667 0.07109375 0.44930555555555557 0.0296875
38 0.65 0.03828125 0.0 0.0
928 0.7083333333333334 0.07109375 0.11666666666666667 0.065625
22 0.825 0.07109375 0.11666666666666667 0.065625
22 0.9416666666666667 0.07109375 0.11666666666666667 0.065625
45 0.825 0.07109375 0.35 0.0765625
46 0.5 0.07109375 1.0 0.0765625
5 0.5 0.5 1.0 1.0
4 0.5 0.9671875 1.0 0.065625
4 0.5 0.01640625 1.0 0.0328125
