890 0.0 0.0328125 0.0 0.0
43 0.28888888888888886 0.0708984375 0.22777777777777777 0.036328125
44 0.06805555555555555 0.07109375 0.1361111111111111 0.0765625
45 1.0 0.07109375 0.0 0.0765625
891 0.5 0.07109375 1.0 0.0765625
890 0.12152777777777778 0.1279296875 0.24305555555555555 0.037109375
16 0.5 0.1279296875 1.0 0.037109375
890 0.38055555555555554 0.1791015625 0.7125 0.023046875
890 0.8586805555555556 0.1791015625 0.11458333333333333 0.041015625
16 0.5 0.179296875 1.0 0.065625
890 0.38055555555555554 0.2447265625 0.7125 0.023046875
890 0.8583333333333333 0.2447265625 0.10972222222222222 0.041015625
16 0.5 0.244921875 1.0 0.065625
890 0.09305555555555556 0.2962890625 0.18611111111111112 0.037109375
16 0.5 0.2962890625 1.0 0.037109375
890 0.38333333333333336 0.3443359375 0.7180555555555556 0.023046875
890 0.8590277777777777 0.34453125 0.23333333333333334 0.04375
16 0.5 0.34453125 1.0 0.059375
890 0.0 0.109375 0.0 0.0
890 0.13819444444444445 0.3927734375 0.2763888888888889 0.037109375
16 0.5 0.3927734375 1.0 0.037109375
890 0.3763888888888889 0.4322265625 0.7041666666666667 0.023046875
145 0.7940972222222222 0.433203125 0.13125 0.04375
145 0.9236111111111112 0.433203125 0.12777777777777777 0.04375
16 0.5 0.444140625 1.0 0.065625
890 0.3763888888888889 0.4978515625 0.7041666666666667 0.023046875
145 0.7940972222222222 0.498828125 0.13125 0.04375
145 0.9236111111111112 0.498828125 0.12777777777777777 0.04375
16 0.5 0.509765625 1.0 0.065625
890 0.3763888888888889 0.5634765625 0.7041666666666667 0.023046875
145 0.7940972222222222 0.564453125 0.13125 0.04375
145 0.9236111111111112 0.564453125 0.12777777777777777 0.04375
16 0.5 0.575390625 1.0 0.065625
890 0.3763888888888889 0.6291015625 0.7041666666666667 0.023046875
145 0.7940972222222222 0.630078125 0.13125 0.04375
145 0.9236111111111112 0.630078125 0.12777777777777777 0.04375
16 0.5 0.641015625 1.0 0.065625
890 0.3763888888888889 0.6947265625 0.7041666666666667 0.023046875
145 0.7940972222222222 0.695703125 0.13125 0.04375
145 0.9236111111111112 0.695703125 0.12777777777777777 0.04375
16 0.5 0.706640625 1.0 0.065625
16 0.5 0.4244140625 1.0 0.630078125
929 0.24513888888888888 0.7728515625 0.25277777777777777 0.023046875
8 0.24513888888888888 0.773046875 0.49027777777777776 0.06171875
4 0.5 0.74296875 0.019444444444444445 0.0015625
929 0.7545138888888889 0.7728515625 0.2743055555555556 0.023046875
8 0.7548611111111111 0.773046875 0.49027777777777776 0.06171875
16 0.5 0.773046875 1.0 0.06171875
890 0.5 0.8291015625 0.2513888888888889 0.050390625
16 0.5 0.4818359375 1.0 0.744921875
34 0.5 0.48359375 1.0 0.9015625
38 0.5 0.934375 1.0 0.0
71 0.0 0.909765625 0.0 0.0
16 0.0 0.06015625 0.0 0.0546875
16 0.0 0.16875 0.0 0.0546875
16 0.0 0.223046875 0.0 0.0546875
16 0.0 0.27734375 0.0 0.0546875
35 0.0 0.16953125 0.0 0.2734375
893 0.0 0.48359375 0.0 0.9015625
5 0.5 0.5 1.0 1.0
4 0.5 0.01640625 1.0 0.0328125
