44 0.0 0.0328125 0.0 0.0
930 0.5 0.48359375 1.0 0.9015625
38 0.5 0.230859375 0.35 0.16015625
931 0.5 0.36796875 0.8638888888888889 0.0921875
931 0.5 0.482421875 0.8638888888888889 0.13671875
16 0.5 0.33984375 0.8638888888888889 0.421875
144 0.5 0.5875 0.825 0.0515625
144 0.45868055555555554 0.6609375 0.7423611111111111 0.0515625
932 0.8784722222222222 0.6609375 0.058333333333333334 0.0328125
16 0.5 0.6609375 0.8638888888888889 0.0734375
933 0.5 0.738671875 0.07777777777777778 0.06015625
934 0.5 0.738671875 0.8638888888888889 0.06015625
16 0.5 0.69453125 0.8638888888888889 0.2875
933 0.0 0.55078125 0.0 0.0
43 0.4996527777777778 0.814453125 0.34375 0.04765625
50 0.5 0.69453125 1.0 0.2875
935 0.0 0.4671875 0.0 0.934375
4 0.5 0.9671875 1.0 0.065625
5 0.5 0.5 1.0 1.0
