17 0.0 0.0328125 0.0 0.0
43 0.08993055555555556 0.139453125 0.1798611111111111 0.06015625
43 0.30868055555555557 0.139453125 0.25763888888888886 0.06015625
43 0.5190972222222222 0.139453125 0.16319444444444445 0.06015625
43 0.7208333333333333 0.139453125 0.24027777777777778 0.06015625
43 0.9204861111111111 0.139453125 0.15902777777777777 0.06015625
936 0.5 0.1421875 1.0 0.065625
38 0.0 0.109375 0.0 0.0
937 0.0 0.17578125 0.0 0.0
194 0.5 0.17578125 0.09722222222222222 0.0
38 0.8541666666666666 0.246875 0.26666666666666666 0.1
937 0.36041666666666666 0.246875 0.6958333333333333 0.10078125
8 0.5 0.246875 1.0 0.11484375
38 0.5 0.351171875 0.1486111111111111 0.04375
937 0.0 0.304296875 0.0 0.0
937 0.022222222222222223 0.376953125 0.0 0.0
937 0.5 0.40625 0.9069444444444444 0.05859375
938 0.5 0.517578125 0.9555555555555556 0.13671875
4 0.5 0.593359375 0.9555555555555556 0.00078125
38 0.19722222222222222 0.62265625 0.07777777777777778 0.04375
16 0.19756944444444444 0.62265625 0.3020833333333333 0.04375
38 0.49930555555555556 0.65546875 0.07777777777777778 0.04375
16 0.4996527777777778 0.62265625 0.3020833333333333 0.04375
38 0.8020833333333334 0.62265625 0.07777777777777778 0.04375
16 0.8020833333333334 0.62265625 0.30277777777777776 0.04375
16 0.5 0.62265625 0.9069444444444444 0.04375
16 0.5 0.5142578125 0.9555555555555556 0.274609375
41 0.5 0.4869140625 1.0 0.365234375
38 0.5 0.71640625 0.07777777777777778 0.04375
937 0.0 0.66953125 0.0 0.0
937 0.022222222222222223 0.7421875 0.0 0.0
937 0.5 0.771484375 0.9069444444444444 0.05859375
938 0.5 0.8744140625 0.9555555555555556 0.119921875
16 0.5 0.9501953125 0.9069444444444444 0.031640625
38 0.19722222222222222 0.9501953125 0.07777777777777778 0.031640625
16 0.19756944444444444 0.9501953125 0.3020833333333333 0.031640625
38 0.49930555555555556 0.9501953125 0.07777777777777778 0.031640625
16 0.4996527777777778 0.9501953125 0.3020833333333333 0.031640625
38 0.8020833333333334 0.9501953125 0.07777777777777778 0.031640625
16 0.8020833333333334 0.9501953125 0.30277777777777776 0.031640625
41 0.5 0.801953125 1.0 0.26484375
103 0.5 0.555078125 1.0 0.75859375
939 0.5 0.56015625 0.11666666666666667 0.065625
937 1.0 0.17578125 0.0 0.0
41 1.0 0.3576171875 0.0 0.336328125
937 1.0 0.52578125 0.0 0.0
41 0.5 0.0 1.0 0.0
937 1.0 0.862109375 0.0 0.0
103 1.0 0.555078125 0.0 0.75859375
38 0.5291666666666667 0.07109375 0.3819444444444444 0.0765625
16 0.5291666666666667 0.07109375 0.7083333333333334 0.0765625
7 0.175 0.0708984375 0.0 0.036328125
52 0.06805555555555555 0.07109375 0.1361111111111111 0.0765625
22 0.9416666666666667 0.07109375 0.11666666666666667 0.065625
18 0.5 0.07109375 1.0 0.0765625
940 0.5 0.5 1.0 0.86875
38 0.3888888888888889 0.1486328125 0.7777777777777778 0.231640625
16 0.3888888888888889 0.78125 0.7777777777777778 0.065625
38 0.10694444444444444 0.309375 0.1361111111111111 0.065625
43 0.45694444444444443 0.309375 0.5638888888888889 0.02578125
43 0.175 0.2765625 0.0 0.0
43 0.050694444444444445 0.1587890625 0.10138888888888889 0.235546875
16 0.0 0.13828125 0.0 0.2765625
16 0.3888888888888889 0.309375 0.7777777777777778 0.065625
38 0.10694444444444444 0.375 0.1361111111111111 0.065625
43 0.45694444444444443 0.375 0.5638888888888889 0.02578125
43 0.175 0.3421875 0.0 0.0
16 0.3888888888888889 0.375 0.7777777777777778 0.065625
38 0.10694444444444444 0.440625 0.1361111111111111 0.065625
43 0.42291666666666666 0.440625 0.49583333333333335 0.02578125
43 0.175 0.4078125 0.0 0.0
43 0.7145833333333333 0.440625 0.04861111111111111 0.03125
16 0.3888888888888889 0.440625 0.7777777777777778 0.065625
38 0.10694444444444444 0.50625 0.1361111111111111 0.065625
43 0.45694444444444443 0.50625 0.5638888888888889 0.02578125
43 0.175 0.4734375 0.0 0.0
43 0.0 0.4734375 0.0 0.0
16 0.3888888888888889 0.50625 0.7777777777777778 0.065625
43 0.3888888888888889 0.584375 0.7777777777777778 0.065625
38 0.10694444444444444 0.65 0.1361111111111111 0.065625
43 0.45694444444444443 0.65 0.5638888888888889 0.02578125
43 0.175 0.6171875 0.0 0.0
43 0.0 0.6171875 0.0 0.0
16 0.3888888888888889 0.65 0.7777777777777778 0.065625
38 0.10694444444444444 0.715625 0.1361111111111111 0.065625
43 0.45694444444444443 0.715625 0.5638888888888889 0.02578125
43 0.175 0.6828125 0.0 0.0
16 0.3888888888888889 0.715625 0.7777777777777778 0.065625
38 0.10694444444444444 0.78125 0.1361111111111111 0.065625
43 0.45694444444444443 0.78125 0.5638888888888889 0.02578125
43 0.175 0.7484375 0.0 0.0
38 0.10694444444444444 0.84140625 0.1361111111111111 0.0546875
43 0.45694444444444443 0.846875 0.5638888888888889 0.02578125
43 0.175 0.8140625 0.0 0.0
43 0.0 0.8140625 0.0 0.0
16 0.3888888888888889 0.84140625 0.7777777777777778 0.0546875
106 0.3888888888888889 0.45078125 0.7777777777777778 0.8359375
38 0.10694444444444444 0.9015625 0.1361111111111111 0.065625
43 0.38958333333333334 0.9015625 0.42916666666666664 0.02578125
43 0.175 0.86875 0.0 0.0
209 0.6715277777777777 0.9015625 0.13472222222222222 0.065625
16 0.3888888888888889 0.9015625 0.7777777777777778 0.065625
4 0.5 0.9671875 1.0 0.065625
4 0.5 0.01640625 1.0 0.0328125
5 0.5 0.5 1.0 1.0
