36 0.0 0.0 0.0 0.0
416 0.5 0.098046875 1.0 0.08671875
416 0.5 0.3482421875 1.0 0.041015625
415 0.121875 0.4509765625 0.12152777777777778 0.068359375
416 0.4996527777777778 0.4509765625 0.34652777777777777 0.041015625
8 0.5 0.4509765625 0.9027777777777778 0.095703125
4 0.5 0.51328125 0.9027777777777778 0.0015625
415 0.121875 0.5755859375 0.12152777777777778 0.068359375
416 0.4996527777777778 0.5755859375 0.40347222222222223 0.041015625
8 0.5 0.5755859375 0.9027777777777778 0.095703125
4 0.5 0.637890625 0.9027777777777778 0.0015625
415 0.121875 0.7001953125 0.12152777777777778 0.068359375
416 0.5 0.7001953125 0.23194444444444445 0.041015625
8 0.5 0.7001953125 0.9027777777777778 0.095703125
16 0.5 0.537890625 1.0 0.79296875
5 0.5 0.5 1.0 1.0
4 0.5 0.9671875 1.0 0.065625
