17 0.0 0.0 0.0 0.0
78 0.5 0.521875 1.0 0.825
6 0.08541666666666667 0.9123046875 0.14583333333333334 0.030078125
16 0.0 0.109375 0.0 0.0
222 0.9756944444444444 0.123046875 0.0 0.0
8 0.9756944444444444 0.521875 0.0 0.79765625
223 0.07291666666666667 0.150390625 0.09722222222222222 0.0546875
43 0.5 0.0828125 1.0 0.053125
52 0.06805555555555555 0.07109375 0.1361111111111111 0.0765625
22 0.7277777777777777 0.07109375 0.11666666666666667 0.065625
22 0.8444444444444444 0.07109375 0.11666666666666667 0.065625
173 0.9513888888888888 0.07109375 0.09722222222222222 0.065625
45 0.8347222222222223 0.07109375 0.33055555555555555 0.0765625
88 0.5 0.934375 1.0 0.0
32 0.8930555555555556 0.934375 0.0 0.0
32 0.8930555555555556 0.87421875 0.1361111111111111 0.0765625
50 0.0 0.123046875 0.0 0.24609375
4 0.0 0.246875 0.0 0.0015625
16 0.0 0.29140625 0.0 0.06015625
16 0.0 0.3515625 0.0 0.06015625
16 0.0 0.41171875 0.0 0.06015625
16 0.0 0.471875 0.0 0.06015625
16 0.0 0.54765625 0.0 0.06015625
16 0.0 0.6234375 0.0 0.06015625
16 0.0 0.68359375 0.0 0.06015625
16 0.0 0.3568359375 0.0 0.713671875
941 0.0 0.4671875 0.0 0.934375
5 0.5 0.5 1.0 1.0
