43 0.0 0.0328125 0.0 0.0
43 0.3329861111111111 0.0708984375 0.3159722222222222 0.036328125
44 0.06805555555555555 0.07109375 0.1361111111111111 0.0765625
45 0.9513888888888888 0.07109375 0.09722222222222222 0.0765625
942 0.5 0.109375 1.0 0.0
172 0.0 0.109375 0.0 0.0
43 0.5 0.1439453125 0.9222222222222223 0.027734375
144 0.453125 0.1890625 0.8284722222222223 0.05703125
44 0.9204861111111111 0.1890625 0.08125 0.05703125
8 0.5 0.1634765625 0.9222222222222223 0.108203125
71 0.5 0.277734375 0.9222222222222223 0.065625
43 0.5 0.3478515625 0.9222222222222223 0.027734375
144 0.5 0.39296875 0.9222222222222223 0.05703125
44 0.03888888888888889 0.31328125 0.0 0.0
71 0.5 0.4953125 0.9222222222222223 0.065625
4 0.5 0.569921875 0.9222222222222223 0.0015625
71 0.5 0.62421875 0.9222222222222223 0.065625
71 0.5 0.70625 0.9222222222222223 0.065625
4 0.5 0.760546875 0.9222222222222223 0.0015625
16 0.5 0.453125 1.0 0.6875
139 0.5 0.48359375 1.0 0.9015625
5 0.5 0.5 1.0 1.0
4 0.5 0.9671875 1.0 0.065625
4 0.5 0.01640625 1.0 0.0328125
