0 0.0 0.0 0.0 0.0
6 0.09513888888888888 0.086328125 0.11666666666666667 0.065625
945 0.32430555555555557 0.0751953125 0.26805555555555555 0.036328125
946 0.3871527777777778 0.0880859375 0.41875 0.062109375
946 0.5 0.0896484375 1.0 0.113671875
945 0.5 0.1478515625 1.0 0.002734375
69 0.5 0.28359375 0.6666666666666666 0.22734375
339 0.16666666666666666 0.169921875 0.0 0.0
6 0.5 0.551953125 0.9513888888888888 0.240625
945 0.1795138888888889 0.7177734375 0.21319444444444444 0.036328125
945 0.08020833333333334 0.7666015625 0.014583333333333334 0.033203125
945 0.5194444444444445 0.81796875 0.8152777777777778 0.0078125
945 0.08020833333333334 0.851171875 0.014583333333333334 0.07421875
342 0.5 0.851171875 0.8541666666666666 0.07421875
945 0.5194444444444445 0.887109375 0.8152777777777778 0.14609375
945 0.08020833333333334 0.8857421875 0.014583333333333334 0.143359375
342 0.5 0.8857421875 0.8541666666666666 0.143359375
946 0.5 0.4234375 1.0 0.78125
6 0.5 0.87421875 0.8541666666666666 0.065625
947 0.5 0.48359375 1.0 0.9015625
