17 0.0 0.0328125 0.0 0.0
43 0.203125 0.098828125 0.3284722222222222 0.02890625
43 0.03888888888888889 0.0546875 0.0 0.0
144 0.3736111111111111 0.210546875 0.6694444444444444 0.0546875
71 0.8541666666666666 0.210546875 0.21388888888888888 0.0546875
16 0.5 0.210546875 0.9222222222222223 0.0546875
71 0.5 0.3234375 0.9222222222222223 0.06171875
8 0.5 0.26875 0.9222222222222223 0.17109375
43 0.8354166666666667 0.389453125 0.2513888888888889 0.02890625
8 0.5 0.2689453125 0.9222222222222223 0.428515625
43 0.4996527777777778 0.4833984375 0.0006944444444444445 0.000390625
948 0.5 0.698046875 0.9222222222222223 0.42890625
34 0.5 0.48359375 1.0 0.9015625
43 0.33541666666666664 0.07109375 0.32083333333333336 0.0359375
44 0.06805555555555555 0.07109375 0.1361111111111111 0.0765625
45 1.0 0.07109375 0.0 0.0765625
80 0.5 0.07109375 1.0 0.0765625
949 0.0 0.86171875 0.0 0.0
950 0.5 0.48828125 1.0 0.7578125
38 0.0 0.109375 0.0 0.0
38 0.3645833333333333 0.48359375 0.058333333333333334 0.0328125
43 0.5291666666666667 0.4833984375 0.2708333333333333 0.031640625
43 0.5 0.86640625 1.0 0.0015625
144 0.38055555555555554 0.9005859375 0.7611111111111111 0.058203125
38 0.8208333333333333 0.90078125 0.058333333333333334 0.0328125
38 0.9402777777777778 0.90078125 0.058333333333333334 0.0328125
4 0.5 0.9671875 1.0 0.065625
4 0.5 0.01640625 1.0 0.0328125
5 0.5 0.5 1.0 1.0
