17 0.0 0.0328125 0.0 0.0
52 0.06805555555555555 0.07109375 0.1361111111111111 0.0765625
951 0.26666666666666666 0.07109375 0.2611111111111111 0.03671875
45 1.0 0.07109375 0.0 0.0765625
951 0.4388888888888889 0.07109375 0.8777777777777778 0.0765625
951 0.9611111111111111 0.13125 0.0 0.0
952 0.9611111111111111 0.2802734375 0.0 0.298046875
8 0.9611111111111111 0.3462890625 0.0 0.430078125
146 0.9611111111111111 0.4541015625 0.0 0.645703125
951 0.03888888888888889 0.13125 0.0 0.0
952 0.5 0.2802734375 0.9222222222222223 0.298046875
951 0.4996527777777778 0.4484375 0.46041666666666664 0.03828125
951 0.5 0.528125 0.7277777777777777 0.06640625
8 0.5 0.3462890625 0.9222222222222223 0.430078125
88 0.5 0.4541015625 0.9222222222222223 0.645703125
953 0.5 0.7986328125 0.14583333333333334 0.013671875
6 0.5364583333333334 0.7986328125 0.024305555555555556 0.013671875
952 0.03888888888888889 0.776953125 0.0 0.0
952 0.9222222222222223 0.798828125 0.07777777777777778 0.04375
8 0.5 0.798828125 0.9222222222222223 0.04375
954 0.4388888888888889 0.475390625 0.8777777777777778 0.73203125
955 0.2635416666666667 0.878125 0.4534722222222222 0.07109375
955 0.7364583333333333 0.878125 0.4534722222222222 0.07109375
16 0.5 0.8884765625 1.0 0.091796875
34 0.5 0.48359375 1.0 0.9015625
952 0.004861111111111111 0.144921875 0.009722222222222222 0.07109375
952 0.07777777777777778 0.144921875 0.07777777777777778 0.04375
951 0.2638888888888889 0.1447265625 0.21666666666666667 0.027734375
16 0.20555555555555555 0.144921875 0.3333333333333333 0.07109375
16 0.4388888888888889 0.144921875 0.8777777777777778 0.07109375
952 0.004861111111111111 0.217578125 0.009722222222222222 0.07109375
952 0.07777777777777778 0.217578125 0.07777777777777778 0.04375
951 0.33958333333333335 0.2173828125 0.3680555555555556 0.027734375
16 0.28125 0.217578125 0.4847222222222222 0.07109375
16 0.4388888888888889 0.217578125 0.8777777777777778 0.07109375
952 0.004861111111111111 0.290234375 0.009722222222222222 0.07109375
952 0.07777777777777778 0.290234375 0.07777777777777778 0.04375
951 0.3326388888888889 0.2900390625 0.3541666666666667 0.027734375
16 0.2743055555555556 0.290234375 0.4708333333333333 0.07109375
16 0.4388888888888889 0.290234375 0.8777777777777778 0.07109375
952 0.004861111111111111 0.362890625 0.009722222222222222 0.07109375
952 0.07777777777777778 0.362890625 0.07777777777777778 0.04375
951 0.2611111111111111 0.3626953125 0.2111111111111111 0.027734375
16 0.20277777777777778 0.362890625 0.3277777777777778 0.07109375
16 0.4388888888888889 0.362890625 0.8777777777777778 0.07109375
952 0.004861111111111111 0.435546875 0.009722222222222222 0.07109375
952 0.07777777777777778 0.435546875 0.07777777777777778 0.04375
951 0.2534722222222222 0.4353515625 0.19583333333333333 0.027734375
16 0.1951388888888889 0.435546875 0.3125 0.07109375
16 0.4388888888888889 0.435546875 0.8777777777777778 0.07109375
952 0.004861111111111111 0.508203125 0.009722222222222222 0.07109375
952 0.07777777777777778 0.508203125 0.07777777777777778 0.04375
951 0.2232638888888889 0.5080078125 0.13541666666666666 0.027734375
16 0.16493055555555555 0.508203125 0.2520833333333333 0.07109375
16 0.4388888888888889 0.508203125 0.8777777777777778 0.07109375
952 0.004861111111111111 0.580859375 0.009722222222222222 0.07109375
952 0.07777777777777778 0.580859375 0.07777777777777778 0.04375
951 0.2986111111111111 0.5806640625 0.2861111111111111 0.027734375
16 0.24027777777777778 0.580859375 0.4027777777777778 0.07109375
16 0.4388888888888889 0.580859375 0.8777777777777778 0.07109375
952 0.08506944444444445 0.8810546875 0.09236111111111112 0.051953125
951 0.1701388888888889 0.855078125 0.0 0.0
951 0.2375 0.8689453125 0.13472222222222222 0.027734375
4 0.33645833333333336 0.8689453125 0.004861111111111111 0.027734375
951 0.42604166666666665 0.8689453125 0.10625 0.027734375
8 0.3704861111111111 0.8810546875 0.40069444444444446 0.051953125
951 0.3704861111111111 0.894921875 0.40069444444444446 0.02421875
8 0.28541666666666665 0.8810546875 0.5708333333333333 0.051953125
956 0.4388888888888889 0.48359375 0.8777777777777778 0.9015625
5 0.5 0.5 1.0 1.0
4 0.5 0.9671875 1.0 0.065625
4 0.5 0.01640625 1.0 0.0328125
