17 0.0 0.0328125 0.0 0.0
957 0.4996527777777778 0.278125 0.6076388888888888 0.08828125
957 0.46076388888888886 0.3455078125 0.5298611111111111 0.046484375
958 0.7645833333333333 0.344140625 0.07777777777777778 0.04375
16 0.4996527777777778 0.3943359375 0.6076388888888888 0.048046875
957 0.46076388888888886 0.3935546875 0.5298611111111111 0.046484375
958 0.7645833333333333 0.3921875 0.07777777777777778 0.04375
16 0.4996527777777778 0.4423828125 0.6076388888888888 0.048046875
957 0.46076388888888886 0.4416015625 0.5298611111111111 0.046484375
958 0.7645833333333333 0.440234375 0.07777777777777778 0.04375
16 0.4996527777777778 0.4904296875 0.6076388888888888 0.048046875
957 0.46076388888888886 0.4896484375 0.5298611111111111 0.046484375
958 0.7645833333333333 0.48828125 0.07777777777777778 0.04375
16 0.4996527777777778 0.5384765625 0.6076388888888888 0.048046875
957 0.46076388888888886 0.5376953125 0.5298611111111111 0.046484375
958 0.7645833333333333 0.536328125 0.07777777777777778 0.04375
16 0.4996527777777778 0.5865234375 0.6076388888888888 0.048046875
957 0.46076388888888886 0.5857421875 0.5298611111111111 0.046484375
958 0.7645833333333333 0.584375 0.07777777777777778 0.04375
416 0.4996527777777778 0.64140625 0.6076388888888888 0.06171875
16 0.4996527777777778 0.46640625 0.6076388888888888 0.28828125
957 0.3416666666666667 0.7267578125 0.2916666666666667 0.054296875
4 0.4996527777777778 0.73359375 0.024305555555555556 0.02734375
957 0.6576388888888889 0.7267578125 0.2916666666666667 0.054296875
16 0.4996527777777778 0.7130859375 0.6076388888888888 0.081640625
16 0.4996527777777778 0.48359375 0.7048611111111112 0.540625
34 0.5 0.48359375 1.0 0.9015625
4 0.5 0.9671875 1.0 0.065625
4 0.5 0.01640625 1.0 0.0328125
5 0.5 0.5 1.0 1.0
