17 0.0 0.0328125 0.0 0.0
959 0.5 0.2408203125 1.0 0.416015625
194 0.5 0.0328125 0.09722222222222222 0.0
960 0.9027777777777778 0.52578125 0.11666666666666667 0.065625
961 0.7416666666666667 0.509375 0.14722222222222223 0.0328125
961 0.7076388888888889 0.53671875 0.2152777777777778 0.021875
8 0.5 0.52578125 1.0 0.153125
962 0.3795138888888889 0.67578125 0.16180555555555556 0.05859375
962 0.6197916666666666 0.67578125 0.16319444444444445 0.05859375
16 0.5 0.67578125 1.0 0.14609375
961 0.5 0.78203125 1.0 0.065625
960 0.0875 0.8583984375 0.11666666666666667 0.001171875
217 0.5149305555555556 0.8583984375 0.6979166666666666 0.001171875
963 0.9125 0.8583984375 0.09722222222222222 0.001171875
8 0.5 0.8365234375 1.0 0.042578125
139 0.5 0.48359375 1.0 0.9015625
964 0.0875 0.448828125 0.09722222222222222 0.0546875
43 0.7454861111111111 0.1697265625 0.5090277777777777 0.076953125
44 0.06805555555555555 0.89609375 0.1361111111111111 0.0765625
22 0.7083333333333334 0.89609375 0.11666666666666667 0.065625
22 0.825 0.89609375 0.11666666666666667 0.065625
22 0.9416666666666667 0.89609375 0.11666666666666667 0.065625
45 0.825 0.89609375 0.35 0.0765625
31 0.5 0.934375 1.0 0.0
43 0.4996527777777778 0.9376953125 0.1909722222222222 0.006640625
38 0.5 0.9552734375 1.0 0.041796875
965 0.0 0.9552734375 0.0 0.041796875
43 0.8961805555555555 0.9564453125 0.09097222222222222 0.044140625
38 0.9756944444444444 0.957421875 0.03888888888888889 0.04609375
5 0.5 0.5 1.0 1.0
4 0.5 0.9671875 1.0 0.065625
4 0.5 0.01640625 1.0 0.0328125
