36 0.0 0.0328125 0.0 0.0
38 0.4996527777777778 0.0595703125 0.2965277777777778 0.099609375
43 0.2947916666666667 0.12421875 0.4979166666666667 0.0296875
38 0.19722222222222222 0.174609375 0.06805555555555555 0.04921875
43 0.196875 0.2205078125 0.16875 0.031640625
16 0.19722222222222222 0.1931640625 0.2638888888888889 0.086328125
38 0.5 0.174609375 0.06805555555555555 0.04921875
43 0.5 0.2205078125 0.24166666666666667 0.031640625
38 0.8027777777777778 0.174609375 0.06805555555555555 0.04921875
43 0.8024305555555555 0.2205078125 0.14791666666666667 0.031640625
16 0.8027777777777778 0.1931640625 0.2638888888888889 0.086328125
16 0.5 0.1783203125 0.9083333333333333 0.137890625
41 0.5 0.186328125 0.9611111111111111 0.15390625
43 0.2423611111111111 0.322265625 0.39305555555555555 0.0640625
38 0.2725694444444444 0.4107421875 0.19930555555555557 0.112109375
43 0.27291666666666664 0.496484375 0.24305555555555555 0.059375
16 0.27291666666666664 0.4404296875 0.32083333333333336 0.193359375
38 0.7267361111111111 0.4107421875 0.19930555555555557 0.112109375
43 0.7270833333333333 0.496484375 0.24305555555555555 0.059375
16 0.7270833333333333 0.4404296875 0.32083333333333336 0.193359375
968 0.5 0.4404296875 0.9083333333333333 0.193359375
41 0.5 0.413671875 0.9611111111111111 0.27890625
43 0.2517361111111111 0.612109375 0.41180555555555554 0.0640625
969 0.5 0.726171875 0.9083333333333333 0.1640625
38 0.2954861111111111 0.7205078125 0.07569444444444444 0.042578125
43 0.5472222222222223 0.7205078125 0.3888888888888889 0.087109375
8 0.4996527777777778 0.7205078125 0.5229166666666667 0.108984375
41 0.5 0.694140625 0.9611111111111111 0.26015625
43 0.2760416666666667 0.883203125 0.46041666666666664 0.0640625
38 0.14305555555555555 0.9357421875 0.11666666666666667 0.002734375
43 0.5875 0.9546875 0.6555555555555556 0.040625
16 0.5 0.8927734375 0.9083333333333333 0.083203125
41 0.5 0.884765625 0.9611111111111111 0.09921875
197 0.5 0.521875 1.0 0.825
43 0.28888888888888886 0.0708984375 0.22777777777777777 0.036328125
44 0.06805555555555555 0.07109375 0.1361111111111111 0.0765625
22 0.9416666666666667 0.07109375 0.11666666666666667 0.065625
46 0.5 0.07109375 1.0 0.0765625
42 0.5 0.48359375 1.0 0.9015625
4 0.5 0.9671875 1.0 0.065625
4 0.5 0.01640625 1.0 0.0328125
5 0.5 0.5 1.0 1.0
