38 0.0 0.0328125 0.0 0.0
43 0.29375 0.07109375 0.2375 0.04140625
43 0.5857638888888889 0.07109375 0.34652777777777777 0.04140625
52 0.06805555555555555 0.07109375 0.1361111111111111 0.0765625
45 1.0 0.07109375 0.0 0.0765625
80 0.5 0.07109375 1.0 0.0765625
43 0.4513888888888889 0.13359375 0.8055555555555556 0.00703125
38 0.9145833333333333 0.1275390625 0.07361111111111111 0.005078125
38 0.024305555555555556 0.094140625 0.0 0.071875
8 0.5 0.1404296875 0.9513888888888888 0.020703125
43 0.4513888888888889 0.2263671875 0.8055555555555556 0.028515625
38 0.9145833333333333 0.2078125 0.07361111111111111 0.04140625
38 0.024305555555555556 0.16171875 0.0 0.0
8 0.5 0.2080078125 0.9513888888888888 0.092578125
43 0.4513888888888889 0.3298828125 0.8055555555555556 0.028515625
38 0.9145833333333333 0.311328125 0.07361111111111111 0.04140625
38 0.024305555555555556 0.265234375 0.0 0.0
8 0.5 0.3115234375 0.9513888888888888 0.092578125
43 0.4513888888888889 0.4173828125 0.8055555555555556 0.069921875
43 0.4513888888888889 0.4666015625 0.8055555555555556 0.028515625
38 0.9145833333333333 0.431640625 0.07361111111111111 0.04140625
38 0.024305555555555556 0.36875 0.0 0.0
8 0.5 0.431640625 0.9513888888888888 0.12578125
43 0.4513888888888889 0.5541015625 0.8055555555555556 0.069921875
43 0.4513888888888889 0.6033203125 0.8055555555555556 0.028515625
38 0.9013888888888889 0.56328125 0.1 0.0296875
8 0.5 0.568359375 0.9513888888888888 0.12578125
43 0.4513888888888889 0.6908203125 0.8055555555555556 0.069921875
43 0.4513888888888889 0.7400390625 0.8055555555555556 0.028515625
38 0.9145833333333333 0.705078125 0.07361111111111111 0.04140625
38 0.024305555555555556 0.6421875 0.0 0.0
8 0.5 0.705078125 0.9513888888888888 0.12578125
43 0.4513888888888889 0.8435546875 0.8055555555555556 0.028515625
38 0.9145833333333333 0.825 0.07361111111111111 0.04140625
38 0.024305555555555556 0.77890625 0.0 0.0
8 0.5 0.8251953125 0.9513888888888888 0.092578125
43 0.4513888888888889 0.9232421875 0.8055555555555556 0.019140625
38 0.9145833333333333 0.9107421875 0.07361111111111111 0.005859375
38 0.024305555555555556 0.882421875 0.0 0.0
8 0.5 0.898046875 0.9513888888888888 0.03125
16 0.5 0.521875 1.0 0.825
34 0.5 0.48359375 1.0 0.9015625
4 0.5 0.9671875 1.0 0.065625
4 0.5 0.01640625 1.0 0.0328125
5 0.5 0.5 1.0 1.0
