17 0.0 0.0328125 0.0 0.0
34 0.5 0.48359375 1.0 0.9015625
975 0.25763888888888886 0.0708984375 0.20416666666666666 0.032421875
22 0.9416666666666667 0.07109375 0.11666666666666667 0.065625
52 0.06805555555555555 0.07109375 0.1361111111111111 0.0765625
654 0.5 0.100390625 1.0 0.003125
976 0.07777777777777778 0.13125 0.11666666666666667 0.06484375
8 0.49027777777777776 0.134765625 0.6694444444444444 0.071875
977 0.9125 0.1326171875 0.1361111111111111 0.067578125
16 0.5 0.1412109375 1.0 0.084765625
7 0.05138888888888889 0.21640625 0.10277777777777777 0.065625
7 0.20798611111111112 0.21640625 0.21041666666666667 0.065625
7 0.4166666666666667 0.21640625 0.20694444444444443 0.065625
7 0.6423611111111112 0.21640625 0.24444444444444444 0.065625
7 0.8774305555555556 0.21640625 0.22569444444444445 0.065625
978 0.5 0.21640625 1.0 0.065625
118 0.5 0.141015625 1.0 0.21640625
8 0.5 0.29296875 1.0 0.0875
796 0.07291666666666667 0.3595703125 0.09722222222222222 0.041015625
975 0.49375 0.376171875 0.6569444444444444 0.02578125
796 0.9111111111111111 0.376171875 0.17777777777777778 0.05859375
41 0.5 0.376171875 1.0 0.07890625
106 0.5 0.635546875 1.0 0.59765625
88 0.5 0.591796875 1.0 0.68515625
32 0.8930555555555556 0.85234375 0.0 0.0
8 0.3402777777777778 0.16953125 0.6805555555555556 0.2734375
796 0.3402777777777778 0.1478515625 0.6805555555555556 0.102734375
975 0.3402777777777778 0.226171875 0.6805555555555556 0.03203125
975 0.30243055555555554 0.3595703125 0.26458333333333334 0.041015625
8 0.3402777777777778 0.3595703125 0.6805555555555556 0.062890625
796 0.07291666666666667 0.4224609375 0.09722222222222222 0.041015625
975 0.31527777777777777 0.4224609375 0.2902777777777778 0.041015625
8 0.3402777777777778 0.4224609375 0.6805555555555556 0.062890625
796 0.07291666666666667 0.4853515625 0.09722222222222222 0.041015625
975 0.2545138888888889 0.4853515625 0.16875 0.041015625
8 0.3402777777777778 0.4853515625 0.6805555555555556 0.062890625
796 0.07291666666666667 0.5482421875 0.09722222222222222 0.041015625
975 0.28020833333333334 0.5482421875 0.22013888888888888 0.041015625
8 0.3402777777777778 0.5482421875 0.6805555555555556 0.062890625
796 0.07291666666666667 0.6111328125 0.09722222222222222 0.041015625
975 0.24479166666666666 0.6111328125 0.14930555555555555 0.041015625
8 0.3402777777777778 0.6111328125 0.6805555555555556 0.062890625
796 0.07291666666666667 0.6740234375 0.09722222222222222 0.041015625
975 0.21875 0.6740234375 0.09722222222222222 0.041015625
8 0.3402777777777778 0.6740234375 0.6805555555555556 0.062890625
796 0.07291666666666667 0.7369140625 0.09722222222222222 0.041015625
975 0.30416666666666664 0.7369140625 0.26805555555555555 0.041015625
8 0.3402777777777778 0.7369140625 0.6805555555555556 0.062890625
796 0.07291666666666667 0.7998046875 0.09722222222222222 0.041015625
975 0.26006944444444446 0.7998046875 0.1798611111111111 0.041015625
8 0.3402777777777778 0.7998046875 0.6805555555555556 0.062890625
796 0.07291666666666667 0.8626953125 0.09722222222222222 0.041015625
975 0.22534722222222223 0.8626953125 0.11041666666666666 0.041015625
8 0.3402777777777778 0.8626953125 0.6805555555555556 0.062890625
796 0.07291666666666667 0.9197265625 0.09722222222222222 0.029296875
975 0.2923611111111111 0.9197265625 0.24444444444444444 0.029296875
8 0.3402777777777778 0.9142578125 0.6805555555555556 0.040234375
10 0.3402777777777778 0.6203125 0.6805555555555556 0.628125
8 0.3402777777777778 0.48359375 0.6805555555555556 0.9015625
4 0.5 0.9671875 1.0 0.065625
4 0.5 0.01640625 1.0 0.0328125
5 0.5 0.5 1.0 1.0
