0 0.0 0.0 0.0 0.0
117 0.5 0.9001953125 1.0 0.068359375
52 0.06076388888888889 0.0669921875 0.12152777777777778 0.068359375
6 0.16770833333333332 0.0669921875 0.04375 0.024609375
979 0.6069444444444444 0.0669921875 0.7375 0.033203125
16 0.5 0.0669921875 1.0 0.068359375
606 0.0 0.101171875 0.0 0.0
16 0.5 0.101953125 0.975 0.0015625
16 0.25625 0.14375 0.4875 0.08203125
16 0.74375 0.14375 0.4875 0.08203125
16 0.25625 0.22578125 0.4875 0.08203125
16 0.74375 0.22578125 0.4875 0.08203125
16 0.25625 0.3078125 0.4875 0.08203125
16 0.74375 0.3078125 0.4875 0.08203125
16 0.25625 0.38984375 0.4875 0.08203125
16 0.74375 0.38984375 0.4875 0.08203125
16 0.25625 0.471875 0.4875 0.08203125
16 0.74375 0.471875 0.4875 0.08203125
16 0.25625 0.55390625 0.4875 0.08203125
16 0.74375 0.55390625 0.4875 0.08203125
16 0.25625 0.6359375 0.4875 0.08203125
16 0.74375 0.6359375 0.4875 0.08203125
16 0.25625 0.71796875 0.4875 0.08203125
16 0.74375 0.71796875 0.4875 0.08203125
16 0.25625 0.8 0.4875 0.08203125
16 0.74375 0.8 0.4875 0.08203125
16 0.25625 0.853515625 0.4875 0.025
16 0.74375 0.853515625 0.4875 0.025
106 0.5 0.48359375 1.0 0.76484375
6 0.5 0.369140625 0.1111111111111111 0.1046875
7 0.5 0.48359375 0.3375 0.05859375
7 0.5 0.556640625 0.5083333333333333 0.04375
7 0.5 0.6525390625 0.9222222222222223 0.082421875
455 0.5 0.48359375 1.0 0.9015625
8 0.0 0.1607421875 0.0 0.255859375
16 0.0 0.3244140625 0.0 0.071484375
16 0.0 0.3951171875 0.0 0.069921875
16 0.0 0.4650390625 0.0 0.069921875
16 0.0 0.5341796875 0.0 0.068359375
16 0.0 0.6041015625 0.0 0.068359375
16 0.0 0.6740234375 0.0 0.068359375
16 0.0 0.7439453125 0.0 0.068359375
16 0.0 0.8138671875 0.0 0.068359375
16 0.0 0.8837890625 0.0 0.068359375
16 0.0 0.48359375 0.0 0.9015625
4 0.5 0.9671875 1.0 0.065625
4 0.5 0.01640625 1.0 0.0328125
5 0.5 0.5 1.0 1.0
