36 0.0 0.0328125 0.0 0.0
71 0.4996527777777778 0.433203125 0.6076388888888888 0.0546875
71 0.4996527777777778 0.494921875 0.6076388888888888 0.0546875
71 0.4996527777777778 0.556640625 0.6076388888888888 0.0546875
50 0.24479166666666666 0.62109375 0.09236111111111112 0.0328125
602 0.1986111111111111 0.6046875 0.0 0.0
6 0.5520833333333334 0.62109375 0.0 0.0
603 0.5 0.62109375 0.6027777777777777 0.0328125
8 0.5 0.5216796875 1.0 0.231640625
117 0.5 0.9001953125 0.7777777777777778 0.068359375
89 0.5 0.9001953125 1.0 0.068359375
42 0.5 0.48359375 1.0 0.9015625
7 0.32569444444444445 0.0708984375 0.3597222222222222 0.030859375
52 0.06805555555555555 0.07109375 0.1361111111111111 0.0765625
45 1.0 0.07109375 0.0 0.0765625
46 0.5 0.07109375 1.0 0.0765625
5 0.5 0.5 1.0 1.0
4 0.5 0.9671875 1.0 0.065625
4 0.5 0.01640625 1.0 0.0328125
