17 0.0 0.0 0.0 0.0
208 0.11666666666666667 0.0708984375 0.15555555555555556 0.036328125
22 0.825 0.07109375 0.11666666666666667 0.065625
22 0.9416666666666667 0.07109375 0.11666666666666667 0.065625
80 0.5 0.07109375 1.0 0.0765625
38 0.0 0.109375 0.0 0.0
208 0.4996527777777778 0.4875 0.15208333333333332 0.04375
980 0.5 0.48359375 1.0 0.7484375
414 0.5 0.197265625 0.9222222222222223 0.13203125
38 0.5 0.358984375 0.2625 0.14765625
208 0.5 0.5662109375 0.6152777777777778 0.048046875
71 0.5 0.646875 0.2513888888888889 0.06953125
414 0.5 0.7697265625 0.9222222222222223 0.132421875
139 0.5 0.4671875 1.0 0.934375
38 0.0 0.8578125 0.0 0.0
981 0.5 0.89609375 1.0 0.0765625
38 0.08194444444444444 0.88515625 0.058333333333333334 0.0546875
158 0.08194444444444444 0.9125 0.0 0.0
982 0.08576388888888889 0.89609375 0.17152777777777778 0.0765625
38 0.2611111111111111 0.88515625 0.058333333333333334 0.0546875
158 0.2611111111111111 0.9125 0.0 0.0
982 0.2611111111111111 0.89609375 0.17916666666666667 0.0765625
38 0.5 0.8783203125 0.058333333333333334 0.041015625
208 0.4996527777777778 0.9173828125 0.1076388888888889 0.033984375
982 0.5 0.89609375 0.2986111111111111 0.0765625
38 0.7388888888888889 0.88515625 0.058333333333333334 0.0546875
158 0.7388888888888889 0.9125 0.0 0.0
982 0.7388888888888889 0.89609375 0.17916666666666667 0.0765625
38 0.9180555555555555 0.88515625 0.058333333333333334 0.0546875
158 0.9180555555555555 0.9125 0.0 0.0
982 0.9142361111111111 0.89609375 0.17152777777777778 0.0765625
4 0.5 0.9671875 1.0 0.065625
4 0.5 0.01640625 1.0 0.0328125
5 0.5 0.5 1.0 1.0
