17 0.0 0.0 0.0 0.0
44 0.06805555555555555 0.07109375 0.1361111111111111 0.0765625
38 0.825 0.07109375 0.058333333333333334 0.0328125
38 0.9416666666666667 0.06875 0.058333333333333334 0.02890625
45 0.8833333333333333 0.07109375 0.23333333333333334 0.0765625
80 0.5 0.07109375 1.0 0.0765625
43 0.25 0.0845703125 0.44166666666666665 0.049609375
43 0.029166666666666667 0.0978515625 0.0 0.023046875
43 0.08229166666666667 0.1349609375 0.10625 0.032421875
43 0.24097222222222223 0.1388671875 0.2111111111111111 0.018359375
43 0.25 0.173828125 0.44166666666666665 0.03671875
43 0.029166666666666667 0.15546875 0.0 0.0
44 0.41770833333333335 0.3333984375 0.10486111111111111 0.058984375
358 0.25 0.341015625 0.44166666666666665 0.07421875
983 0.25 0.24375 0.5 0.26875
43 0.75 0.0845703125 0.44166666666666665 0.049609375
43 0.5822916666666667 0.1140625 0.10625 0.009375
43 0.7409722222222223 0.1388671875 0.2111111111111111 0.018359375
43 0.5822916666666667 0.1349609375 0.10625 0.032421875
8 0.75 0.1302734375 0.44166666666666665 0.041796875
44 0.5135416666666667 0.30390625 0.03125 0.0
43 0.7447916666666666 0.3333984375 0.43125 0.058984375
983 0.75 0.24375 0.5 0.26875
38 0.25 0.48203125 0.2916666666666667 0.1640625
43 0.25 0.5787109375 0.44166666666666665 0.018359375
43 0.25 0.6212890625 0.44166666666666665 0.066796875
43 0.06701388888888889 0.6720703125 0.07569444444444444 0.018359375
43 0.09409722222222222 0.7298828125 0.12986111111111112 0.032421875
43 0.24305555555555555 0.7013671875 0.16805555555555557 0.018359375
16 0.25 0.7298828125 0.44166666666666665 0.032421875
43 0.26458333333333334 0.7337890625 0.2111111111111111 0.018359375
38 0.029166666666666667 0.56953125 0.0 0.0
8 0.25 0.6578125 0.44166666666666665 0.1765625
43 0.24479166666666666 0.9166015625 0.43125 0.035546875
983 0.25 0.65625 0.5 0.55625
38 0.0 0.378125 0.0 0.0
38 0.75 0.48203125 0.2916666666666667 0.1640625
43 0.75 0.5787109375 0.44166666666666665 0.018359375
43 0.75 0.6212890625 0.44166666666666665 0.066796875
43 0.5822916666666667 0.6974609375 0.10625 0.032421875
43 0.7163194444444444 0.7013671875 0.16180555555555556 0.018359375
16 0.75 0.7298828125 0.44166666666666665 0.032421875
43 0.5822916666666667 0.7298828125 0.10625 0.032421875
43 0.7409722222222223 0.7337890625 0.2111111111111111 0.018359375
38 0.5291666666666667 0.56953125 0.0 0.0
8 0.75 0.6578125 0.44166666666666665 0.1765625
44 0.9177083333333333 0.9166015625 0.10486111111111111 0.035546875
38 0.5135416666666667 0.898828125 0.03125 0.0
358 0.75 0.9166015625 0.44166666666666665 0.035546875
983 0.75 0.65625 0.5 0.55625
38 0.5 0.378125 0.0 0.0
984 0.5 0.521875 1.0 0.825
43 0.0 0.109375 0.0 0.0
19 0.5 0.48359375 0.11666666666666667 0.065625
38 0.825 0.8359375 0.0 0.0
32 0.8930555555555556 0.87421875 0.1361111111111111 0.0765625
322 1.0 0.0 0.0 0.0
50 1.0 0.0546875 0.0 0.109375
4 1.0 0.3546875 0.0 0.0015625
985 1.0 0.275390625 0.0 0.16015625
38 1.0 0.1953125 0.0 0.0
986 1.0 0.4921875 0.0 0.2734375
16 1.0 0.5423828125 0.0 0.373828125
106 1.0 0.4697265625 0.0 0.720703125
4 1.0 0.8314453125 0.0 0.002734375
987 1.0 0.4671875 0.0 0.934375
5 0.5 0.5 1.0 1.0
4 0.5 0.9671875 1.0 0.065625
