38 0.0 0.0 0.0 0.0
201 1.0 0.13671875 0.0 0.2734375
18 0.5 0.13671875 1.0 0.2734375
43 0.06354166666666666 0.2361328125 0.05347222222222222 0.033203125
7 0.175 0.0708984375 0.0 0.036328125
52 0.06805555555555555 0.07109375 0.1361111111111111 0.0765625
4 0.5291666666666667 0.07109375 0.7083333333333334 0.0765625
22 0.9416666666666667 0.07109375 0.11666666666666667 0.065625
80 0.5 0.07109375 1.0 0.0765625
43 0.5 0.3486328125 0.9027777777777778 0.022265625
43 0.9513888888888888 0.3486328125 0.0 0.022265625
43 0.12291666666666666 0.3884765625 0.1486111111111111 0.026171875
43 0.36875 0.38828125 0.3125 0.0265625
43 0.6489583333333333 0.3884765625 0.21736111111111112 0.026171875
43 0.8864583333333333 0.3884765625 0.22708333333333333 0.026171875
988 0.5 0.391015625 1.0 0.040625
38 0.16770833333333332 0.4556640625 0.07291666666666667 0.041015625
989 0.26805555555555555 0.455859375 0.10277777777777777 0.04765625
990 0.34305555555555556 0.464453125 0.04722222222222222 0.01953125
991 0.24895833333333334 0.4650390625 0.23541666666666666 0.066015625
8 0.24930555555555556 0.4650390625 0.4986111111111111 0.066015625
4 0.5 0.465234375 0.002777777777777778 0.0640625
38 0.6475694444444444 0.4572265625 0.08541666666666667 0.048046875
38 0.7555555555555555 0.45703125 0.04027777777777778 0.02265625
38 0.8361111111111111 0.45703125 0.04027777777777778 0.02265625
38 0.8763888888888889 0.45703125 0.04027777777777778 0.02265625
992 0.7506944444444444 0.4572265625 0.2916666666666667 0.048046875
43 0.7503472222222223 0.4892578125 0.24513888888888888 0.016015625
8 0.7506944444444444 0.465234375 0.4986111111111111 0.1078125
16 0.5 0.465234375 1.0 0.1078125
993 0.0 0.2734375 0.0 0.0
16 0.5 0.4044921875 1.0 0.262109375
4 0.5 0.536328125 1.0 0.0015625
38 0.13854166666666667 0.6205078125 0.12152777777777778 0.068359375
43 0.5802083333333333 0.620703125 0.6840277777777778 0.0796875
41 0.5 0.6435546875 0.9222222222222223 0.169140625
38 0.5 0.700390625 0.9222222222222223 0.0328125
8 0.5 0.6435546875 1.0 0.212890625
4 0.5 0.75078125 1.0 0.0015625
43 0.5 0.8294921875 0.9222222222222223 0.027734375
43 0.5 0.8892578125 0.9611111111111111 0.068359375
994 0.0 0.844140625 0.0 0.0
43 0.46111111111111114 0.9150390625 0.8444444444444444 0.038671875
43 0.9079861111111112 0.94453125 0.10625 0.0203125
43 0.4371527777777778 0.962890625 0.7965277777777777 0.05703125
43 0.9079861111111112 0.962890625 0.10625 0.05703125
8 0.5 0.962890625 0.9222222222222223 0.05703125
995 0.5 0.875 0.9222222222222223 0.11875
43 0.0 0.7515625 0.0 0.0
16 0.5 0.84296875 1.0 0.1828125
4 0.5 0.82109375 1.0 0.0015625
31 0.5 0.60390625 1.0 0.6609375
32 0.8833333333333333 0.2734375 0.1361111111111111 0.0765625
5 0.5 0.5 1.0 1.0
4 0.5 0.9671875 1.0 0.065625
