996 0.0 0.0328125 0.0 0.0
997 0.2607638888888889 0.7263671875 0.4534722222222222 0.061328125
997 0.7392361111111111 0.7263671875 0.4534722222222222 0.061328125
16 0.5 0.7263671875 0.9319444444444445 0.061328125
997 0.2607638888888889 0.8013671875 0.4534722222222222 0.061328125
997 0.7392361111111111 0.8013671875 0.4534722222222222 0.061328125
16 0.5 0.8013671875 0.9319444444444445 0.061328125
998 0.4996527777777778 0.8482421875 0.37569444444444444 0.018359375
999 0.5 0.871875 1.0 0.0015625
998 0.5 0.8966796875 0.9319444444444445 0.037109375
998 0.4996527777777778 0.903515625 0.15625 0.02578125
998 0.0 0.87265625 0.0 0.0
8 0.5 0.903515625 1.0 0.06171875
16 0.5 0.808203125 1.0 0.25234375
38 0.06458333333333334 0.45859375 0.06111111111111111 0.034375
998 0.5427083333333333 0.4572265625 0.8270833333333333 0.048046875
998 0.12916666666666668 0.433203125 0.0 0.0
38 0.0 0.424609375 0.0 0.0
1000 0.5 0.457421875 1.0 0.065625
38 0.06458333333333334 0.533984375 0.06111111111111111 0.034375
998 0.5427083333333333 0.5326171875 0.8270833333333333 0.048046875
998 0.12916666666666668 0.50859375 0.0 0.0
38 0.0 0.5 0.0 0.0
1000 0.5 0.5328125 1.0 0.065625
38 0.06458333333333334 0.609375 0.06111111111111111 0.034375
998 0.5427083333333333 0.6080078125 0.8270833333333333 0.048046875
998 0.12916666666666668 0.583984375 0.0 0.0
38 0.0 0.575390625 0.0 0.0
1000 0.5 0.608203125 1.0 0.065625
16 0.5 0.5087890625 1.0 0.346484375
38 0.5 0.1841796875 1.0 0.302734375
510 0.5 0.33828125 0.2 0.1125
34 0.5 0.48359375 1.0 0.9015625
1001 0.05625 0.065625 0.1125 0.065625
998 0.5 0.0654296875 0.14444444444444443 0.033203125
8 0.5 0.065625 1.0 0.065625
997 0.5 0.1482421875 0.9319444444444445 0.061328125
997 0.5 0.2232421875 0.9319444444444445 0.061328125
998 0.21875 0.3095703125 0.4375 0.056640625
1002 0.5 0.3810546875 0.9319444444444445 0.072265625
1002 0.5 0.5529296875 0.9319444444444445 0.072265625
16 0.5 0.4669921875 0.9319444444444445 0.244140625
997 0.5 0.6470703125 0.9319444444444445 0.061328125
998 0.0 0.0984375 0.0 0.0
998 0.5 0.6984375 1.0 0.04140625
4 0.5 0.80546875 1.0 0.13125
4 0.5 0.9671875 1.0 0.065625
4 0.5 0.01640625 1.0 0.0328125
5 0.5 0.5 1.0 1.0
