117 0.0 0.0 0.0 0.0
5 0.5 0.5 1.0 1.0
50 0.11666666666666667 0.03828125 0.15555555555555556 0.065625
43 0.23333333333333334 0.03828125 0.0 0.0
16 0.5972222222222222 0.03828125 0.7277777777777777 0.0
80 0.5 0.03828125 1.0 0.0765625
43 0.03888888888888889 0.0380859375 0.0 0.036328125
6 0.0 0.4671875 0.0 0.934375
6 1.0 0.4671875 0.0 0.934375
71 0.11770833333333333 0.866015625 0.23541666666666666 0.07109375
414 0.3 0.866015625 0.12916666666666668 0.0015625
38 0.39861111111111114 0.866015625 0.029166666666666667 0.01640625
38 0.4670138888888889 0.8662109375 0.04375 0.024609375
38 0.6027777777777777 0.866015625 0.029166666666666667 0.01640625
414 0.7013888888888888 0.866015625 0.12916666666666668 0.0015625
43 0.8826388888888889 0.866015625 0.075 0.03359375
16 0.5 0.882421875 1.0 0.10390625
4 0.5 0.9671875 1.0 0.065625
