61 0.0 0.0328125 0.0 0.0
43 0.5 0.1490234375 1.0 0.037890625
4 0.28541666666666665 0.18515625 0.5708333333333333 0.00703125
43 0.6659722222222222 0.196484375 0.19027777777777777 0.0296875
43 0.8805555555555555 0.197265625 0.2388888888888889 0.02734375
16 0.5 0.196484375 1.0 0.0296875
43 0.3020833333333333 0.240234375 0.5791666666666667 0.0296875
145 0.6972222222222222 0.240234375 0.2111111111111111 0.04375
145 0.8951388888888889 0.240234375 0.18472222222222223 0.04375
16 0.5 0.240234375 0.975 0.04375
43 0.3020833333333333 0.283984375 0.5791666666666667 0.0296875
145 0.6972222222222222 0.283984375 0.2111111111111111 0.04375
145 0.8951388888888889 0.283984375 0.18472222222222223 0.04375
16 0.5 0.283984375 0.975 0.04375
43 0.3020833333333333 0.327734375 0.5791666666666667 0.0296875
145 0.6972222222222222 0.327734375 0.2111111111111111 0.04375
145 0.8951388888888889 0.327734375 0.18472222222222223 0.04375
16 0.5 0.327734375 0.975 0.04375
43 0.3020833333333333 0.371484375 0.5791666666666667 0.0296875
145 0.6972222222222222 0.371484375 0.2111111111111111 0.04375
145 0.8951388888888889 0.371484375 0.18472222222222223 0.04375
16 0.5 0.371484375 0.975 0.04375
43 0.3020833333333333 0.415234375 0.5791666666666667 0.0296875
145 0.6972222222222222 0.415234375 0.2111111111111111 0.04375
145 0.8951388888888889 0.415234375 0.18472222222222223 0.04375
16 0.5 0.415234375 0.975 0.04375
43 0.3020833333333333 0.458984375 0.5791666666666667 0.0296875
145 0.6972222222222222 0.458984375 0.2111111111111111 0.04375
145 0.8951388888888889 0.458984375 0.18472222222222223 0.04375
16 0.5 0.458984375 0.975 0.04375
43 0.3020833333333333 0.502734375 0.5791666666666667 0.0296875
145 0.6972222222222222 0.502734375 0.2111111111111111 0.04375
145 0.8951388888888889 0.502734375 0.18472222222222223 0.04375
16 0.5 0.502734375 0.975 0.04375
43 0.3020833333333333 0.546484375 0.5791666666666667 0.0296875
145 0.6972222222222222 0.546484375 0.2111111111111111 0.04375
145 0.8951388888888889 0.546484375 0.18472222222222223 0.04375
16 0.5 0.546484375 0.975 0.04375
43 0.3020833333333333 0.59609375 0.5791666666666667 0.05546875
145 0.6972222222222222 0.590234375 0.2111111111111111 0.04375
145 0.8951388888888889 0.590234375 0.18472222222222223 0.04375
16 0.5 0.59609375 0.975 0.05546875
43 0.3020833333333333 0.645703125 0.5791666666666667 0.0296875
145 0.6972222222222222 0.645703125 0.2111111111111111 0.04375
145 0.8951388888888889 0.645703125 0.18472222222222223 0.04375
16 0.5 0.645703125 0.975 0.04375
43 0.3020833333333333 0.689453125 0.5791666666666667 0.0296875
145 0.6972222222222222 0.689453125 0.2111111111111111 0.04375
145 0.8951388888888889 0.689453125 0.18472222222222223 0.04375
16 0.5 0.689453125 0.975 0.04375
16 0.5 0.46484375 0.975 0.49296875
71 0.25729166666666664 0.76328125 0.46597222222222223 0.065625
71 0.7427083333333333 0.76328125 0.46597222222222223 0.065625
19 0.014583333333333334 0.725 0.0 0.0
16 0.5 0.76328125 0.9708333333333333 0.0765625
16 0.5 0.45546875 1.0 0.6921875
77 0.5 0.48359375 1.0 0.9015625
7 0.37222222222222223 0.0708984375 0.4527777777777778 0.036328125
52 0.06805555555555555 0.07109375 0.1361111111111111 0.0765625
45 1.0 0.07109375 0.0 0.0765625
74 0.5 0.07109375 1.0 0.0765625
5 0.5 0.5 1.0 1.0
4 0.5 0.9671875 1.0 0.065625
4 0.5 0.01640625 1.0 0.0328125
