17 0.0 0.0328125 0.0 0.0
1003 0.06666666666666667 0.123828125 0.13333333333333333 0.02890625
1003 0.28194444444444444 0.123828125 0.2722222222222222 0.02890625
1003 0.5666666666666667 0.123828125 0.2722222222222222 0.02890625
1003 0.8513888888888889 0.123828125 0.2722222222222222 0.02890625
1004 0.5 0.123828125 1.0 0.02890625
43 0.1423611111111111 0.1662109375 0.2847222222222222 0.055859375
4 0.5375 0.13828125 0.5055555555555555 0.0
43 0.8951388888888889 0.1662109375 0.20972222222222223 0.055859375
1005 0.5 0.1662109375 1.0 0.055859375
1006 0.21909722222222222 0.277734375 0.4131944444444444 0.153125
38 0.21909722222222222 0.2490234375 0.12152777777777778 0.068359375
43 0.21909722222222222 0.30234375 0.15208333333333332 0.02421875
43 0.0 0.21953125 0.0 0.0546875
1007 0.6447916666666667 0.277734375 0.4131944444444444 0.153125
38 0.6447916666666667 0.2490234375 0.12152777777777778 0.068359375
43 0.6444444444444445 0.30234375 0.32916666666666666 0.02421875
1008 0.5 0.277734375 1.0 0.153125
43 0.17083333333333334 0.3822265625 0.3416666666666667 0.055859375
4 0.5336805555555556 0.354296875 0.3840277777777778 0.0
43 0.8628472222222222 0.3822265625 0.2743055555555556 0.055859375
1005 0.5 0.3822265625 1.0 0.055859375
1009 0.0 0.4171875 0.0 0.0
43 0.253125 0.4390625 0.40902777777777777 0.04375
1010 0.5 0.4390625 0.9027777777777778 0.04375
38 0.09479166666666666 0.4896484375 0.09236111111111112 0.051953125
43 0.31875 0.5005859375 0.31666666666666665 0.022265625
1011 0.25625 0.4896484375 0.4152777777777778 0.057421875
43 0.17569444444444443 0.4767578125 0.030555555555555555 0.022265625
43 0.48680555555555555 0.4767578125 0.044444444444444446 0.022265625
43 0.6048611111111111 0.4767578125 0.19166666666666668 0.022265625
16 0.42083333333333334 0.489453125 0.5597222222222222 0.04765625
16 0.3746527777777778 0.4896484375 0.6520833333333333 0.057421875
1012 0.5 0.4896484375 0.9027777777777778 0.057421875
38 0.04861111111111111 0.4609375 0.0 0.0
38 0.5 0.66328125 1.0 0.2734375
43 0.5 0.8328125 0.9027777777777778 0.04375
43 0.5 0.89453125 0.9027777777777778 0.0796875
1013 0.5 0.73046875 1.0 0.4078125
1014 0.5 0.948828125 1.0 0.02890625
38 0.07847222222222222 0.9578125 0.058333333333333334 0.046875
50 0.10590277777777778 0.948828125 0.17708333333333334 0.02890625
50 0.4270833333333333 0.948828125 0.4652777777777778 0.02890625
43 0.7475694444444444 0.9595703125 0.17569444444444443 0.050390625
43 0.8711805555555555 0.9595703125 0.007638888888888889 0.050390625
44 0.9333333333333333 0.948828125 0.11666666666666667 0.02890625
1015 0.5 0.672265625 1.0 0.52421875
139 0.5 0.48359375 1.0 0.9015625
19 0.0 0.109375 0.0 0.0
194 0.5 0.109375 0.09722222222222222 0.0
52 0.06805555555555555 0.07109375 0.1361111111111111 0.0765625
7 0.21145833333333333 0.0708984375 0.13125 0.036328125
22 0.825 0.07109375 0.11666666666666667 0.065625
22 0.9416666666666667 0.07109375 0.11666666666666667 0.065625
118 0.5 0.07109375 1.0 0.0765625
32 0.8930555555555556 0.87421875 0.0 0.0
43 0.0 0.27421875 0.0 0.0546875
16 0.0 0.1939453125 0.0 0.256640625
43 0.0 0.3703125 0.0 0.0546875
43 0.0 0.425 0.0 0.0546875
43 0.0 0.4796875 0.0 0.0546875
43 0.0 0.534375 0.0 0.0546875
43 0.0 0.5890625 0.0 0.0546875
43 0.0 0.64375 0.0 0.0546875
4 0.0 0.692578125 0.0 0.0015625
43 0.0 0.74140625 0.0 0.0546875
43 0.0 0.79609375 0.0 0.0546875
4 0.0 0.8453125 0.0 0.04375
16 0.0 0.89453125 0.0 0.0546875
1016 0.0 0.48359375 0.0 0.9015625
5 0.5 0.5 1.0 1.0
4 0.5 0.9671875 1.0 0.065625
4 0.5 0.01640625 1.0 0.0328125
