8 0.0 0.0328125 0.0 0.0
6 0.12222222222222222 0.0736328125 0.19583333333333333 0.045703125
1017 0.9270833333333334 0.073828125 0.14583333333333334 0.08203125
7 0.9270833333333334 0.073828125 0.0 0.02578125
7 0.8590277777777777 0.035546875 0.0 0.0
16 0.7465277777777778 0.0736328125 0.2152777777777778 0.057421875
7 0.6885416666666667 0.089453125 0.09930555555555555 0.02578125
8 0.5 0.073828125 1.0 0.08203125
7 0.09965277777777778 0.1423828125 0.07291666666666667 0.041015625
8 0.1 0.155859375 0.2 0.08203125
4 0.1986111111111111 0.155859375 0.002777777777777778 0.04765625
7 0.29965277777777777 0.1423828125 0.07291666666666667 0.041015625
8 0.3 0.155859375 0.2 0.08203125
4 0.39861111111111114 0.155859375 0.002777777777777778 0.04765625
7 0.4996527777777778 0.1423828125 0.07291666666666667 0.041015625
8 0.5 0.155859375 0.2 0.08203125
4 0.5986111111111111 0.155859375 0.002777777777777778 0.04765625
7 0.6996527777777778 0.1423828125 0.07291666666666667 0.041015625
8 0.7 0.155859375 0.2 0.08203125
4 0.7986111111111112 0.155859375 0.002777777777777778 0.04765625
7 0.8996527777777777 0.1423828125 0.07291666666666667 0.041015625
8 0.9 0.155859375 0.2 0.08203125
16 0.5 0.155859375 1.0 0.08203125
0 0.0 0.196875 0.0 0.0
16 0.5 0.9330078125 1.0 0.002734375
6 0.07361111111111111 0.23125 0.07777777777777778 0.04375
7 0.24027777777777778 0.23125 0.25555555555555554 0.02578125
16 0.5 0.23125 1.0 0.06875
6 0.07048611111111111 0.3138671875 0.09236111111111112 0.051953125
7 0.5548611111111111 0.3138671875 0.8263888888888888 0.027734375
6 0.9777777777777777 0.313671875 0.019444444444444445 0.01796875
16 0.5 0.3138671875 1.0 0.093359375
6 0.07048611111111111 0.4087890625 0.09236111111111112 0.051953125
7 0.5548611111111111 0.4087890625 0.8263888888888888 0.027734375
6 0.9777777777777777 0.40859375 0.019444444444444445 0.01796875
16 0.5 0.4087890625 1.0 0.093359375
6 0.07048611111111111 0.5037109375 0.09236111111111112 0.051953125
7 0.5548611111111111 0.5037109375 0.8263888888888888 0.027734375
6 0.9777777777777777 0.503515625 0.019444444444444445 0.01796875
16 0.5 0.5037109375 1.0 0.093359375
6 0.07048611111111111 0.5986328125 0.09236111111111112 0.051953125
7 0.5548611111111111 0.5986328125 0.8263888888888888 0.027734375
6 0.9777777777777777 0.5984375 0.019444444444444445 0.01796875
16 0.5 0.5986328125 1.0 0.093359375
6 0.07048611111111111 0.6935546875 0.09236111111111112 0.051953125
7 0.5548611111111111 0.6935546875 0.8263888888888888 0.027734375
6 0.9777777777777777 0.693359375 0.019444444444444445 0.01796875
16 0.5 0.6935546875 1.0 0.093359375
6 0.07048611111111111 0.7884765625 0.09236111111111112 0.051953125
7 0.5548611111111111 0.7884765625 0.8263888888888888 0.027734375
6 0.9777777777777777 0.78828125 0.019444444444444445 0.01796875
16 0.5 0.7884765625 1.0 0.093359375
6 0.07048611111111111 0.8833984375 0.09236111111111112 0.051953125
7 0.5548611111111111 0.8833984375 0.8263888888888888 0.027734375
6 0.9777777777777777 0.883203125 0.019444444444444445 0.01796875
16 0.5 0.8833984375 1.0 0.093359375
6 0.07048611111111111 0.943359375 0.09236111111111112 0.01796875
7 0.5548611111111111 0.9494140625 0.8263888888888888 0.030078125
6 0.9777777777777777 0.9517578125 0.019444444444444445 0.034765625
5 0.5 0.565625 1.0 0.7375
5 0.5 0.4671875 1.0 0.934375
