17 0.0 0.0 0.0 0.0
18 0.5 0.1572265625 1.0 0.314453125
38 0.14583333333333334 0.2142578125 0.24305555555555555 0.123046875
43 0.34375 0.0685546875 0.3375 0.036328125
44 0.06805555555555555 0.07109375 0.1361111111111111 0.0765625
22 0.9416666666666667 0.07109375 0.11666666666666667 0.065625
80 0.5 0.112109375 1.0 0.15859375
38 0.0 0.237890625 0.0 0.0
43 0.0875 0.276171875 0.09444444444444444 0.02578125
127 0.0875 0.276171875 0.175 0.0765625
38 0.175 0.237890625 0.0 0.0
43 0.26840277777777777 0.276171875 0.1284722222222222 0.02578125
127 0.26840277777777777 0.276171875 0.18680555555555556 0.0765625
38 0.36180555555555555 0.237890625 0.0 0.0
43 0.44895833333333335 0.276171875 0.11597222222222223 0.02578125
127 0.44930555555555557 0.276171875 0.175 0.0765625
38 0.5368055555555555 0.237890625 0.0 0.0
43 0.6322916666666667 0.276171875 0.1326388888888889 0.02578125
127 0.6322916666666667 0.276171875 0.1909722222222222 0.0765625
38 0.7277777777777777 0.237890625 0.0 0.0
43 0.8149305555555556 0.276171875 0.06180555555555556 0.02578125
127 0.8152777777777778 0.276171875 0.175 0.0765625
38 0.9027777777777778 0.237890625 0.0 0.0
127 0.9513888888888888 0.276171875 0.09722222222222222 0.0765625
128 0.5 0.276171875 1.0 0.0765625
38 0.25 0.410546875 0.2916666666666667 0.1640625
43 0.25 0.50546875 0.1597222222222222 0.02578125
41 0.25 0.4234375 0.46111111111111114 0.20390625
38 0.75 0.410546875 0.2916666666666667 0.1640625
43 0.75 0.50546875 0.22083333333333333 0.02578125
41 0.75 0.4234375 0.46111111111111114 0.20390625
38 0.25 0.628515625 0.2916666666666667 0.1640625
43 0.25 0.7234375 0.125 0.02578125
41 0.25 0.64140625 0.46111111111111114 0.20390625
38 0.75 0.628515625 0.2916666666666667 0.1640625
43 0.7496527777777777 0.7234375 0.24513888888888888 0.02578125
41 0.75 0.64140625 0.46111111111111114 0.20390625
38 0.25 0.846484375 0.2916666666666667 0.1640625
43 0.24965277777777778 0.9314453125 0.2326388888888889 0.005859375
41 0.25 0.8458984375 0.46111111111111114 0.176953125
38 0.75 0.846484375 0.2916666666666667 0.1640625
43 0.75 0.9314453125 0.275 0.005859375
41 0.75 0.8458984375 0.46111111111111114 0.176953125
435 0.475 0.9548828125 0.9111111111111111 0.041015625
106 0.5 0.6244140625 1.0 0.619921875
106 1.0 0.6244140625 0.0 0.619921875
5 0.5 0.5 1.0 1.0
8 0.0 0.1298828125 0.0 0.259765625
43 0.0 0.303515625 0.0 0.065625
82 0.0 0.369140625 0.0 0.065625
82 0.0 0.434765625 0.0 0.065625
82 0.0 0.500390625 0.0 0.065625
82 0.0 0.566015625 0.0 0.065625
50 0.0 0.610546875 0.0 0.0234375
82 0.0 0.655078125 0.0 0.065625
82 0.0 0.720703125 0.0 0.065625
82 0.0 0.786328125 0.0 0.065625
82 0.0 0.851953125 0.0 0.065625
82 0.0 0.9095703125 0.0 0.049609375
113 0.0 0.4671875 0.0 0.934375
4 0.5 0.9671875 1.0 0.065625
