177 0.5 0.146484375 0.975 0.08203125
59 0.4527777777777778 0.23125 0.7833333333333333 0.04375
6 0.9100694444444445 0.2314453125 0.12152777777777778 0.068359375
16 0.5121527777777778 0.2314453125 0.9270833333333334 0.073828125
16 0.5121527777777778 0.3119140625 0.8923611111111112 0.040234375
7 0.9583333333333334 0.3142578125 0.0 0.033203125
51 0.5121527777777778 0.35390625 0.8923611111111112 0.04375
16 0.5121527777777778 0.3337890625 0.9270833333333334 0.103515625
7 0.50625 0.4126953125 0.9875 0.040234375
59 0.4527777777777778 0.4765625 0.7833333333333333 0.04375
6 0.9100694444444445 0.4767578125 0.12152777777777778 0.068359375
16 0.5121527777777778 0.4767578125 0.9270833333333334 0.073828125
59 0.4527777777777778 0.550390625 0.7833333333333333 0.04375
6 0.9100694444444445 0.5505859375 0.12152777777777778 0.068359375
16 0.5121527777777778 0.5505859375 0.9270833333333334 0.073828125
59 0.4527777777777778 0.62421875 0.7833333333333333 0.04375
6 0.9100694444444445 0.6244140625 0.12152777777777778 0.068359375
16 0.5121527777777778 0.6244140625 0.9270833333333334 0.073828125
7 0.50625 0.7021484375 0.9875 0.040234375
59 0.4527777777777778 0.766015625 0.7833333333333333 0.04375
6 0.9100694444444445 0.7662109375 0.12152777777777778 0.068359375
16 0.5121527777777778 0.7662109375 0.9270833333333334 0.073828125
59 0.4527777777777778 0.83984375 0.7833333333333333 0.04375
6 0.9100694444444445 0.8400390625 0.12152777777777778 0.068359375
16 0.5121527777777778 0.8400390625 0.9270833333333334 0.073828125
59 0.4527777777777778 0.95 0.7833333333333333 0.03125
6 0.9100694444444445 0.9439453125 0.12152777777777778 0.019140625
16 0.5121527777777778 0.942578125 0.9270833333333334 0.01640625
16 0.5 0.51640625 1.0 0.8359375
57 0.0 0.0328125 0.0 0.0
54 0.06875 0.065625 0.09722222222222222 0.065625
16 0.3190972222222222 0.0654296875 0.40347222222222223 0.033203125
7 0.11736111111111111 0.048828125 0.0 0.0
16 0.2704861111111111 0.065625 0.5006944444444444 0.065625
143 0.9319444444444445 0.065625 0.1361111111111111 0.065625
56 0.5 0.065625 1.0 0.065625
56 0.0 0.0 0.0 0.0
53 0.5 0.4671875 1.0 0.934375
