1018 0.0 0.0984375 0.0 0.0
50 0.07291666666666667 0.123828125 0.14583333333333334 0.05078125
7 0.5729166666666666 0.123828125 0.8541666666666666 0.05078125
8 0.5 0.123828125 1.0 0.05078125
194 0.5 0.14921875 0.09722222222222222 0.0
1019 0.5 0.36015625 1.0 0.421875
1020 0.0 0.14921875 0.0 0.0
1021 0.0 0.391015625 0.0 0.0
1021 0.5 0.4681640625 0.9222222222222223 0.110546875
7 0.24340277777777777 0.536328125 0.40902777777777777 0.02578125
8 0.03888888888888889 0.5234375 0.0 0.0
8 0.5 0.536328125 0.9222222222222223 0.02578125
16 0.5 0.4810546875 1.0 0.180078125
1022 0.15555555555555556 0.6421875 0.23333333333333334 0.0984375
6 0.03888888888888889 0.59296875 0.0 0.0
1021 0.3111111111111111 0.59296875 0.0 0.0
1021 0.6361111111111111 0.620703125 0.65 0.05546875
7 0.515625 0.661328125 0.40902777777777777 0.02578125
8 0.3111111111111111 0.6484375 0.0 0.0
8 0.6361111111111111 0.661328125 0.65 0.02578125
1019 0.0 0.58828125 0.0 0.065625
1023 0.5 0.6421875 1.0 0.1421875
1022 0.15555555555555556 0.784375 0.23333333333333334 0.0984375
6 0.0 0.72109375 0.0 0.021875
1021 0.3111111111111111 0.73515625 0.0 0.0
1021 0.609375 0.762890625 0.5965277777777778 0.05546875
7 0.515625 0.803515625 0.40902777777777777 0.02578125
8 0.3111111111111111 0.790625 0.0 0.0
8 0.6361111111111111 0.803515625 0.65 0.02578125
1024 0.0 0.72109375 0.0 0.065625
1023 0.5 0.784375 1.0 0.1421875
1022 0.15555555555555556 0.8716796875 0.23333333333333334 0.011328125
6 0.15555555555555556 0.8853515625 0.07777777777777778 0.038671875
1021 0.3111111111111111 0.8716796875 0.0 0.011328125
1021 0.6361111111111111 0.8716796875 0.65 0.011328125
7 0.515625 0.8994140625 0.40902777777777777 0.066796875
1019 0.0 0.85390625 0.0 0.065625
1023 0.5 0.8607421875 1.0 0.010546875
1025 0.5 0.5076171875 1.0 0.716796875
1020 0.0 0.5076171875 0.0 0.716796875
1025 1.0 0.14921875 0.0 0.0
1020 1.0 0.5076171875 0.0 0.716796875
195 0.5 0.9001953125 0.7777777777777778 0.068359375
1018 0.5 0.9001953125 1.0 0.068359375
455 0.5 0.51640625 1.0 0.8359375
19 0.5 0.51640625 0.11666666666666667 0.065625
1024 0.0 0.210546875 0.0 0.065625
1024 0.0 0.276953125 0.0 0.065625
1024 0.0 0.3330078125 0.0 0.044921875
1024 0.0 0.45546875 0.0 0.065625
1019 0.0 0.521875 0.0 0.065625
1019 0.0 0.6546875 0.0 0.065625
1024 0.0 0.7875 0.0 0.065625
1019 0.0 0.9109375 0.0 0.046875
1026 0.0 0.5560546875 0.0 0.756640625
8 0.0 0.51640625 0.0 0.8359375
57 0.0 0.0328125 0.0 0.0
55 1.0 0.065625 0.0 0.065625
6 0.06805555555555555 0.065625 0.1361111111111111 0.065625
6 0.5 0.0654296875 0.47638888888888886 0.035546875
56 0.5 0.065625 1.0 0.065625
53 0.5 0.4671875 1.0 0.934375
