120 0.0 0.0328125 0.0 0.0
7 0.23680555555555555 0.0708984375 0.18194444444444444 0.036328125
52 0.06805555555555555 0.07109375 0.1361111111111111 0.0765625
173 0.9513888888888888 0.07109375 0.09722222222222222 0.065625
80 0.5 0.07109375 1.0 0.0765625
7 0.4996527777777778 0.4935546875 0.4534722222222222 0.033203125
7 0.253125 0.5384765625 0.47847222222222224 0.033203125
7 0.7465277777777778 0.5384765625 0.4791666666666667 0.040234375
16 0.5 0.521875 0.9722222222222222 0.08984375
16 0.0 0.49609375 0.0 0.0046875
179 0.5 0.48359375 1.0 0.9015625
16 0.5 0.934375 1.0 0.0
7 0.0 0.065625 0.0 0.065625
7 0.0 0.130859375 0.0 0.065625
16 0.0 0.230859375 0.0 0.0046875
7 0.0 0.265625 0.0 0.065625
7 0.0 0.330859375 0.0 0.065625
7 0.0 0.39609375 0.0 0.065625
7 0.0 0.461328125 0.0 0.065625
7 0.0 0.530859375 0.0 0.065625
7 0.0 0.59609375 0.0 0.065625
10 0.0 0.48359375 0.0 0.9015625
5 0.5 0.5 1.0 1.0
4 0.5 0.01640625 1.0 0.0328125
