17 0.0 0.0328125 0.0 0.0
373 0.5 0.48359375 1.0 0.9015625
195 0.5 0.0669921875 0.7777777777777778 0.068359375
43 0.5413194444444445 0.0669921875 0.9173611111111111 0.068359375
50 0.5 0.934375 1.0 0.0
38 0.12152777777777778 0.1251953125 0.24305555555555555 0.048046875
43 0.5725694444444445 0.1251953125 0.42986111111111114 0.048046875
327 0.5725694444444445 0.1251953125 0.6590277777777778 0.048046875
220 0.9701388888888889 0.11796875 0.04861111111111111 0.02734375
43 0.9020833333333333 0.101171875 0.0 0.0
43 0.5 0.163671875 1.0 0.0671875
50 0.5 0.5423828125 1.0 0.783984375
43 1.0 0.101171875 0.0 0.0
16 1.0 0.175 0.0 0.0484375
38 1.0 0.198828125 0.0 0.0
38 1.0 0.25390625 0.0 0.0
38 1.0 0.308984375 0.0 0.0
38 1.0 0.3640625 0.0 0.0
38 1.0 0.419140625 0.0 0.0
38 1.0 0.47421875 0.0 0.0
38 1.0 0.529296875 0.0 0.0
38 1.0 0.584375 0.0 0.0
38 1.0 0.639453125 0.0 0.0
38 1.0 0.69453125 0.0 0.0
38 1.0 0.749609375 0.0 0.0
16 1.0 0.5177734375 0.0 0.833203125
38 0.05347222222222222 0.066796875 0.058333333333333334 0.0328125
43 0.5 0.2861328125 0.8541666666666666 0.068359375
43 0.5 0.3818359375 0.8541666666666666 0.068359375
43 0.0 0.102734375 0.0 0.0
16 0.5 0.273046875 1.0 0.340625
4 0.5 0.01640625 1.0 0.0328125
5 0.5 0.5 1.0 1.0
