61 0.0 0.0328125 0.0 0.0
1027 0.09513888888888888 0.1294921875 0.14166666666666666 0.018359375
16 0.5 0.1267578125 1.0 0.034765625
6 0.024305555555555556 0.160546875 0.0 0.0
1027 0.10902777777777778 0.1794921875 0.16944444444444445 0.021484375
6 0.9684027777777777 0.1794921875 0.024305555555555556 0.020703125
8 0.5024305555555556 0.1794921875 0.95625 0.037890625
1027 0.11145833333333334 0.2349609375 0.17430555555555555 0.018359375
16 0.5 0.2322265625 1.0 0.034765625
6 0.024305555555555556 0.266015625 0.0 0.0
1027 0.1232638888888889 0.2849609375 0.19791666666666666 0.021484375
6 0.9684027777777777 0.2849609375 0.024305555555555556 0.020703125
8 0.5024305555555556 0.2849609375 0.95625 0.037890625
1027 0.075 0.3404296875 0.10138888888888889 0.018359375
16 0.5 0.3376953125 1.0 0.034765625
6 0.024305555555555556 0.371484375 0.0 0.0
1027 0.10104166666666667 0.3904296875 0.15347222222222223 0.021484375
6 0.9684027777777777 0.3904296875 0.024305555555555556 0.020703125
8 0.5024305555555556 0.3904296875 0.95625 0.037890625
179 0.5 0.521875 1.0 0.825
50 0.0 0.109375 0.0 0.0
10 0.4 0.521875 0.8 0.825
71 0.9 0.521875 0.2 0.825
8 0.1361111111111111 0.07109375 0.0 0.0765625
1027 0.1361111111111111 0.0708984375 0.0 0.025390625
16 0.5 0.07109375 0.9222222222222223 0.0765625
45 1.0 0.07109375 0.0 0.0765625
74 0.5 0.07109375 1.0 0.0765625
5 0.5 0.5 1.0 1.0
4 0.5 0.9671875 1.0 0.065625
4 0.5 0.01640625 1.0 0.0328125
