1028 0.0 0.0328125 0.0 0.0
1029 0.5 0.0669921875 1.0 0.068359375
16 0.5 0.0669921875 0.44305555555555554 0.068359375
7 0.27847222222222223 0.0328125 0.0 0.0
6 0.07291666666666667 0.066796875 0.04722222222222222 0.02734375
16 0.08506944444444445 0.0669921875 0.1701388888888889 0.068359375
6 0.14583333333333334 0.0328125 0.0 0.0
50 0.1579861111111111 0.0669921875 0.024305555555555556 0.068359375
6 0.9267361111111111 0.066796875 0.07291666666666667 0.0234375
50 0.9270833333333334 0.0669921875 0.14583333333333334 0.068359375
16 0.0 0.101171875 0.0 0.0
1030 0.08576388888888889 0.1177734375 0.07430555555555556 0.033203125
177 0.5 0.1552734375 0.9027777777777778 0.041796875
1030 0.11388888888888889 0.1927734375 0.13055555555555556 0.033203125
177 0.5 0.2302734375 0.9027777777777778 0.041796875
114 0.5 0.309375 0.9027777777777778 0.06171875
1030 0.4996527777777778 0.3986328125 0.30486111111111114 0.022265625
50 0.4996527777777778 0.3638671875 0.45625 0.047265625
50 0.5 0.4515625 0.9027777777777778 0.08359375
16 0.5 0.297265625 1.0 0.3921875
5 0.5 0.4671875 1.0 0.934375
