1031 0.0 0.0328125 0.0 0.0
1031 0.06805555555555555 0.07109375 0.09722222222222222 0.0546875
1031 0.4996527777777778 0.07109375 0.04236111111111111 0.0546875
8 0.5 0.07109375 1.0 0.0765625
41 0.5 0.1189453125 1.0 0.013671875
12 0.5 0.1640625 0.9222222222222223 0.0328125
16 0.5 0.284375 0.9416666666666667 0.0765625
16 0.5 0.3828125 0.9416666666666667 0.0765625
16 0.5 0.48125 0.9416666666666667 0.0765625
16 0.5 0.5796875 0.9416666666666667 0.0765625
8 0.5 0.48359375 1.0 0.9015625
5 0.5 0.4671875 1.0 0.934375
