0 0.0 0.0 0.0 0.0
6 0.10347222222222222 0.3013671875 0.03611111111111111 0.020703125
824 0.5305555555555556 0.3013671875 0.7930555555555555 0.062890625
824 0.5 0.4451171875 0.8541666666666666 0.219140625
1032 0.35868055555555556 0.57578125 0.5618055555555556 0.03671875
824 0.07291666666666667 0.335546875 0.0 0.0
16 0.07291666666666667 0.2671875 0.0 0.0
8 0.5 0.6333984375 0.8541666666666666 0.067578125
829 0.07291666666666667 0.599609375 0.0 0.0
16 0.5 0.4671875 0.8541666666666666 0.4
5 0.5 0.5 1.0 1.0
4 0.5 0.9671875 1.0 0.065625
