1033 0.0 0.0328125 0.0 0.0
1034 0.06805555555555555 0.07109375 0.1361111111111111 0.0765625
22 0.6111111111111112 0.07109375 0.11666666666666667 0.065625
22 0.7277777777777777 0.07109375 0.11666666666666667 0.065625
22 0.8444444444444444 0.07109375 0.11666666666666667 0.065625
1035 0.9513888888888888 0.07109375 0.09722222222222222 0.065625
45 0.7763888888888889 0.07109375 0.44722222222222224 0.0765625
80 0.5 0.07109375 1.0 0.0765625
1036 0.5 0.521875 1.0 0.825
1037 0.0 0.109375 0.0 0.0
4 0.5 0.230078125 1.0 0.00078125
1038 0.06805555555555555 0.2796875 0.1361111111111111 0.0984375
1039 0.0 0.195703125 0.0 0.0765625
1040 0.1361111111111111 0.249609375 0.0 0.0
1040 0.2743055555555556 0.264453125 0.1986111111111111 0.0296875
16 0.2378472222222222 0.2921875 0.12569444444444444 0.02578125
1040 0.25729166666666664 0.2921875 0.08680555555555555 0.02578125
1040 0.334375 0.326171875 0.31875 0.0421875
8 0.46597222222222223 0.2984375 0.6597222222222222 0.09765625
1041 0.8541666666666666 0.26328125 0.11666666666666667 0.065625
1041 0.95625 0.26328125 0.0875 0.065625
1042 0.5 0.2884765625 1.0 0.117578125
16 0.5 0.347265625 1.0 0.0
1043 0.46111111111111114 0.1693359375 0.8444444444444444 0.073828125
1044 0.9416666666666667 0.16953125 0.11666666666666667 0.065625
1045 0.5 0.16953125 1.0 0.1203125
1046 0.5 0.934375 1.0 0.0
1047 0.0 0.9177734375 0.0 0.033203125
19 0.5 0.521875 0.11666666666666667 0.065625
32 0.8930555555555556 0.934375 0.1361111111111111 0.0
1040 0.3013888888888889 0.948046875 0.525 0.02734375
1048 0.0 0.1169921875 0.0 0.233984375
1047 0.0 0.278515625 0.0 0.065625
1047 0.0 0.344140625 0.0 0.065625
1047 0.0 0.409765625 0.0 0.065625
16 0.0 0.475 0.0 0.06484375
1047 0.0 0.540234375 0.0 0.065625
1047 0.0 0.605859375 0.0 0.065625
1047 0.0 0.671484375 0.0 0.065625
1047 0.0 0.737109375 0.0 0.065625
1047 0.0 0.802734375 0.0 0.065625
1047 0.0 0.868359375 0.0 0.065625
1049 0.0 0.4671875 0.0 0.934375
5 0.5 0.5 1.0 1.0
4 0.5 0.9671875 1.0 0.065625
