43 0.0 0.0328125 0.0 0.0
38 0.3263888888888889 0.07109375 0.30277777777777776 0.04375
44 0.06805555555555555 0.07109375 0.1361111111111111 0.0765625
22 0.6694444444444444 0.07109375 0.11666666666666667 0.065625
38 0.7958333333333333 0.07109375 0.11666666666666667 0.065625
43 0.8444444444444444 0.05390625 0.029166666666666667 0.02578125
38 0.9319444444444445 0.07109375 0.11666666666666667 0.065625
43 0.9805555555555555 0.05390625 0.029166666666666667 0.02578125
45 0.8055555555555556 0.07109375 0.3888888888888889 0.0765625
80 0.5 0.07109375 1.0 0.0765625
8 0.5 0.272265625 0.11666666666666667 0.065625
1050 0.5 0.24609375 0.9611111111111111 0.240625
16 0.009722222222222222 0.11484375 0.0 0.0
38 0.07083333333333333 0.3953125 0.07777777777777778 0.04375
38 0.8545138888888889 0.3951171875 0.05347222222222222 0.030078125
38 0.9246527777777778 0.3953125 0.08680555555555555 0.04375
4 0.5017361111111112 0.3951171875 0.025694444444444443 0.014453125
1051 0.5017361111111112 0.3953125 0.6270833333333333 0.02734375
8 0.5 0.3953125 0.9611111111111111 0.0578125
18 0.5 0.2802734375 1.0 0.341796875
18 0.5 0.5166015625 1.0 0.130859375
4 0.5 0.451953125 1.0 0.0015625
43 0.5 0.49921875 0.9513888888888888 0.065625
43 0.4076388888888889 0.5529296875 0.7666666666666667 0.027734375
16 0.5 0.61875 1.0 0.0734375
1052 0.5 0.345703125 1.0 0.47265625
43 0.06354166666666666 0.642578125 0.08680555555555555 0.02578125
1053 0.0 0.58203125 0.0 0.0
16 0.3857638888888889 0.605859375 0.73125 0.04765625
1054 0.8371527777777777 0.675390625 0.28541666666666665 0.0171875
43 0.34756944444444443 0.675390625 0.6548611111111111 0.02578125
8 0.5 0.675390625 0.9597222222222223 0.02578125
41 0.5 0.6419921875 1.0 0.119921875
16 0.08958333333333333 0.752734375 0.1388888888888889 0.02578125
1055 0.83125 0.7529296875 0.2972222222222222 0.033203125
8 0.5 0.7529296875 0.9597222222222223 0.033203125
7 0.16458333333333333 0.811328125 0.32916666666666666 0.02578125
7 0.42569444444444443 0.811328125 0.19305555555555556 0.02578125
7 0.6520833333333333 0.811328125 0.25972222222222224 0.02578125
372 0.5 0.8140625 1.0 0.05859375
1056 0.5 0.8888671875 1.0 0.091015625
41 0.5 0.828515625 1.0 0.21171875
31 0.5 0.758203125 1.0 0.35234375
32 0.8930555555555556 0.58203125 0.1361111111111111 0.0765625
34 0.5 0.48359375 1.0 0.9015625
38 0.0 0.934375 0.0 0.0
16 0.5 0.934375 1.0 0.0
16 0.0 0.521875 0.0 0.825
5 0.5 0.5 1.0 1.0
4 0.5 0.01640625 1.0 0.0328125
