1057 0.0 0.0328125 0.0 0.0
118 0.5 0.07109375 1.0 0.0765625
22 0.825 0.07109375 0.11666666666666667 0.065625
22 0.9416666666666667 0.07109375 0.11666666666666667 0.065625
52 0.06805555555555555 0.07109375 0.1361111111111111 0.0765625
7 0.35694444444444445 0.07109375 0.3638888888888889 0.0421875
1058 0.0 0.109375 0.0 0.0
50 0.5 0.109375 1.0 0.0
1059 0.5 0.48359375 1.0 0.7484375
1060 0.5 0.89609375 1.0 0.0765625
44 0.058333333333333334 0.89609375 0.11666666666666667 0.065625
43 0.5586805555555555 0.8962890625 0.4798611111111111 0.033984375
16 0.5583333333333333 0.8962890625 0.8833333333333333 0.076171875
38 0.11666666666666667 0.858203125 0.0 0.0
1061 0.5 0.48359375 1.0 0.9015625
4 0.5 0.9671875 1.0 0.065625
5 0.5 0.5 1.0 1.0
