1062 0.0 0.109375 0.0 0.0
6 0.0875 0.14765625 0.058333333333333334 0.0328125
7 0.2652777777777778 0.1478515625 0.21944444444444444 0.033203125
16 0.33402777777777776 0.1607421875 0.35694444444444445 0.058984375
16 0.5 0.1607421875 0.9611111111111111 0.102734375
6 0.0875 0.250390625 0.058333333333333334 0.0328125
7 0.29583333333333334 0.2505859375 0.28055555555555556 0.033203125
16 0.3579861111111111 0.2634765625 0.4048611111111111 0.058984375
16 0.5 0.2634765625 0.9611111111111111 0.102734375
6 0.0875 0.353125 0.058333333333333334 0.0328125
7 0.290625 0.3533203125 0.2701388888888889 0.033203125
16 0.40347222222222223 0.3662109375 0.49583333333333335 0.058984375
16 0.5 0.3662109375 0.9611111111111111 0.102734375
16 0.5 0.2580078125 1.0 0.319140625
1063 0.5 0.51640625 1.0 0.8359375
56 0.5 0.065625 1.0 0.065625
50 0.10694444444444444 0.090234375 0.09722222222222222 0.01640625
19 0.058333333333333334 0.062890625 0.0 0.07109375
16 0.5 0.083984375 0.1388888888888889 0.02890625
6 0.5 0.2361328125 0.9611111111111111 0.253515625
7 0.5 0.415625 0.9611111111111111 0.10546875
7 0.5 0.52109375 0.9611111111111111 0.10546875
16 0.0 0.86875 0.0 0.0
8 0.5 0.86875 1.0 0.0
6 0.5 0.466796875 0.2916666666666667 0.1640625
7 0.5 0.6310546875 0.2916666666666667 0.033203125
16 0.5 0.4833984375 0.2916666666666667 0.328515625
7 0.1 0.899609375 0.2 0.0640625
7 0.3 0.899609375 0.2 0.0640625
6 0.5 0.890625 0.1361111111111111 0.0765625
7 0.7 0.899609375 0.2 0.0640625
7 0.9 0.899609375 0.2 0.0640625
8 0.0 0.51640625 0.0 0.8359375
54 0.07326388888888889 0.065625 0.14652777777777778 0.065625
16 0.2503472222222222 0.0654296875 0.2076388888888889 0.033203125
7 0.14652777777777778 0.048828125 0.0 0.0
16 0.17708333333333334 0.065625 0.3541666666666667 0.065625
55 1.0 0.065625 0.0 0.065625
57 0.0 0.0328125 0.0 0.0
53 0.5 0.4671875 1.0 0.934375
