36 0.0 0.0328125 0.0 0.0
38 0.09722222222222222 0.1421875 0.07777777777777778 0.04375
43 0.221875 0.1421875 0.1326388888888889 0.0296875
43 0.15555555555555556 0.12734375 0.0 0.0
8 0.5583333333333333 0.1421875 0.8055555555555556 0.0296875
16 0.5 0.1421875 1.0 0.065625
38 0.09722222222222222 0.2078125 0.07777777777777778 0.04375
43 0.23055555555555557 0.2078125 0.15 0.0296875
43 0.15555555555555556 0.19296875 0.0 0.0
8 0.5583333333333333 0.2078125 0.8055555555555556 0.0296875
16 0.5 0.2078125 1.0 0.065625
38 0.09722222222222222 0.2734375 0.07777777777777778 0.04375
43 0.28506944444444443 0.2734375 0.2590277777777778 0.0296875
43 0.15555555555555556 0.25859375 0.0 0.0
8 0.5583333333333333 0.2734375 0.8055555555555556 0.0296875
16 0.5 0.2734375 1.0 0.065625
38 0.0875 0.3390625 0.058333333333333334 0.0328125
43 0.31493055555555555 0.3390625 0.3576388888888889 0.0296875
43 0.1361111111111111 0.32421875 0.0 0.0
8 0.5486111111111112 0.3390625 0.825 0.0296875
16 0.5 0.3390625 1.0 0.065625
42 0.5 0.48359375 1.0 0.9015625
50 0.5 0.934375 1.0 0.0
71 0.0 0.109375 0.0 0.0
7 0.23576388888888888 0.0708984375 0.1798611111111111 0.036328125
52 0.06805555555555555 0.07109375 0.1361111111111111 0.0765625
45 1.0 0.07109375 0.0 0.0765625
46 0.5 0.07109375 1.0 0.0765625
5 0.5 0.5 1.0 1.0
4 0.5 0.01640625 1.0 0.0328125
