1064 0.0 0.0984375 0.0 0.0
6 0.03229166666666667 0.1427734375 0.01597222222222222 0.016796875
6 0.05486111111111111 0.14296875 0.10972222222222222 0.06171875
7 0.49409722222222224 0.1427734375 0.74375 0.036328125
6 0.9208333333333333 0.141796875 0.10972222222222222 0.06171875
8 0.5 0.14296875 1.0 0.0890625
4 0.5 0.18984375 1.0 0.0015625
1065 0.5 0.263671875 0.24305555555555555 0.13671875
7 0.5 0.2634765625 0.09861111111111111 0.027734375
1064 0.5 0.3669921875 0.24305555555555555 0.069921875
7 0.31527777777777777 0.3650390625 0.2902777777777778 0.033203125
6 0.4986111111111111 0.3607421875 0.002777777777777778 0.024609375
7 0.6829861111111111 0.3650390625 0.2923611111111111 0.033203125
16 0.5 0.3650390625 1.0 0.033203125
8 0.10347222222222222 0.4376953125 0.15833333333333333 0.057421875
8 0.26180555555555557 0.4376953125 0.15833333333333333 0.057421875
8 0.4201388888888889 0.4376953125 0.15833333333333333 0.057421875
8 0.5784722222222223 0.4376953125 0.15833333333333333 0.057421875
8 0.7371527777777778 0.4376953125 0.15902777777777777 0.057421875
8 0.8961805555555555 0.4376953125 0.15902777777777777 0.057421875
16 0.5 0.4376953125 0.9513888888888888 0.057421875
8 0.10347222222222222 0.5158203125 0.15833333333333333 0.057421875
8 0.26180555555555557 0.5158203125 0.15833333333333333 0.057421875
8 0.4201388888888889 0.5158203125 0.15833333333333333 0.057421875
8 0.5784722222222223 0.5158203125 0.15833333333333333 0.057421875
8 0.7371527777777778 0.5158203125 0.15902777777777777 0.057421875
8 0.8961805555555555 0.5158203125 0.15902777777777777 0.057421875
16 0.5 0.5158203125 0.9513888888888888 0.057421875
8 0.10347222222222222 0.5939453125 0.15833333333333333 0.057421875
8 0.26180555555555557 0.5939453125 0.15833333333333333 0.057421875
8 0.4201388888888889 0.5939453125 0.15833333333333333 0.057421875
8 0.5784722222222223 0.5939453125 0.15833333333333333 0.057421875
8 0.7371527777777778 0.5939453125 0.15902777777777777 0.057421875
8 0.8961805555555555 0.5939453125 0.15902777777777777 0.057421875
16 0.5 0.5939453125 0.9513888888888888 0.057421875
8 0.10347222222222222 0.6720703125 0.15833333333333333 0.057421875
8 0.26180555555555557 0.6720703125 0.15833333333333333 0.057421875
8 0.4201388888888889 0.6720703125 0.15833333333333333 0.057421875
8 0.5784722222222223 0.6720703125 0.15833333333333333 0.057421875
8 0.7371527777777778 0.6720703125 0.15902777777777777 0.057421875
8 0.8961805555555555 0.6720703125 0.15902777777777777 0.057421875
16 0.5 0.6720703125 0.9513888888888888 0.057421875
8 0.10347222222222222 0.7490234375 0.15833333333333333 0.055078125
8 0.26180555555555557 0.7490234375 0.15833333333333333 0.055078125
8 0.4201388888888889 0.7490234375 0.15833333333333333 0.055078125
8 0.5784722222222223 0.7490234375 0.15833333333333333 0.055078125
8 0.7371527777777778 0.7490234375 0.15902777777777777 0.055078125
8 0.8961805555555555 0.7490234375 0.15902777777777777 0.055078125
8 0.5 0.742578125 1.0 0.0546875
16 0.5 0.5927734375 0.9513888888888888 0.367578125
88 0.5 0.459765625 1.0 0.5109375
117 0.5 0.8177734375 0.7777777777777778 0.068359375
89 0.5 0.8177734375 1.0 0.068359375
1066 0.5 0.51640625 1.0 0.8359375
8 0.0 0.459765625 0.0 0.5109375
6 0.4996527777777778 0.459765625 0.7548611111111111 0.5109375
8 1.0 0.459765625 0.0 0.5109375
52 0.05486111111111111 0.7326171875 0.06111111111111111 0.034765625
52 0.9451388888888889 0.7326171875 0.06111111111111111 0.034765625
6 0.12465277777777778 0.896484375 0.04791666666666667 0.028125
8 0.125 0.8966796875 0.25 0.075390625
6 0.375 0.896484375 0.05 0.0234375
8 0.375 0.8966796875 0.25 0.075390625
6 0.6246527777777777 0.8966796875 0.04652777777777778 0.026171875
8 0.625 0.8966796875 0.25 0.075390625
6 0.875 0.8966796875 0.05694444444444444 0.008984375
8 0.875 0.8966796875 0.25 0.075390625
107 0.5 0.8966796875 1.0 0.075390625
8 0.0 0.1396484375 0.0 0.082421875
8 0.0 0.2236328125 0.0 0.082421875
8 0.0 0.3076171875 0.0 0.082421875
8 0.0 0.3916015625 0.0 0.082421875
8 0.0 0.4755859375 0.0 0.082421875
8 0.0 0.5595703125 0.0 0.082421875
10 0.0 0.51640625 0.0 0.8359375
54 0.06145833333333333 0.065625 0.12291666666666666 0.065625
6 0.11284722222222222 0.0658203125 0.0006944444444444445 0.000390625
16 0.3763888888888889 0.0654296875 0.5069444444444444 0.033203125
16 0.31493055555555555 0.065625 0.6298611111111111 0.065625
55 1.0 0.065625 0.0 0.065625
56 0.5 0.065625 1.0 0.065625
57 0.0 0.0328125 0.0 0.0
53 0.5 0.4671875 1.0 0.934375
