1067 0.0 0.0328125 0.0 0.0
7 0.23680555555555555 0.0708984375 0.18194444444444444 0.036328125
52 0.06805555555555555 0.07109375 0.1361111111111111 0.0765625
45 1.0 0.07109375 0.0 0.0765625
118 0.5 0.0984375 1.0 0.13125
43 0.18506944444444445 0.13671875 0.27569444444444446 0.02578125
127 0.1857638888888889 0.13671875 0.3715277777777778 0.0546875
38 0.3715277777777778 0.109375 0.0 0.0
43 0.5857638888888889 0.13671875 0.33125 0.02578125
127 0.5857638888888889 0.13671875 0.4284722222222222 0.0546875
38 0.8 0.109375 0.0 0.0
43 0.8954861111111111 0.13671875 0.09375 0.02578125
127 0.8954861111111111 0.13671875 0.1909722222222222 0.0546875
127 0.9954861111111111 0.13671875 0.009027777777777777 0.0546875
128 0.5 0.13671875 1.0 0.0546875
1068 0.0 0.5150390625 0.0 0.701953125
294 0.5 0.5150390625 1.0 0.701953125
6 0.08541666666666667 0.8439453125 0.14583333333333334 0.030078125
16 0.0 0.1640625 0.0 0.0
222 0.9756944444444444 0.177734375 0.0 0.0
8 0.9756944444444444 0.5150390625 0.0 0.674609375
223 0.07291666666666667 0.205078125 0.09722222222222222 0.0546875
38 0.6461805555555555 0.2197265625 0.7076388888888889 0.064453125
32 0.11180555555555556 0.78671875 0.1361111111111111 0.0765625
32 0.8881944444444444 0.78671875 0.1361111111111111 0.0765625
32 0.8881944444444444 0.6828125 0.1361111111111111 0.0765625
19 0.5 0.8625 0.5430555555555555 0.00703125
34 0.5 0.48359375 1.0 0.9015625
195 0.5 0.9001953125 0.7777777777777778 0.068359375
295 0.5 0.9001953125 1.0 0.068359375
5 0.5 0.5 1.0 1.0
4 0.5 0.9671875 1.0 0.065625
4 0.5 0.01640625 1.0 0.0328125
