0 0.0 0.0 0.0 0.0
429 0.5 0.355859375 0.15833333333333333 0.0890625
430 0.5 0.4564453125 0.9222222222222223 0.046484375
430 0.5 0.5203125 0.9222222222222223 0.08125
16 0.5 0.452734375 0.9222222222222223 0.76328125
430 0.03888888888888889 0.834375 0.0 0.0
16 0.5 0.834375 0.9222222222222223 0.0
16 0.5 0.90078125 1.0 0.0671875
472 0.24930555555555556 0.9015625 0.4986111111111111 0.065625
4 0.5 0.9015625 0.002777777777777778 0.0328125
472 0.7506944444444444 0.9015625 0.4986111111111111 0.065625
16 0.5 0.4671875 1.0 0.934375
52 0.9378472222222223 0.0677734375 0.12430555555555556 0.069921875
4 0.5 0.9671875 1.0 0.065625
5 0.5 0.5 1.0 1.0
