0 0.0 0.0 0.0 0.0
1069 0.05347222222222222 0.062890625 0.10694444444444444 0.06015625
1069 0.9465277777777777 0.062890625 0.10694444444444444 0.06015625
1069 0.5 0.0642578125 0.6305555555555555 0.053515625
1069 0.8638888888888889 0.062890625 0.09722222222222222 0.06015625
1069 0.1361111111111111 0.062890625 0.09722222222222222 0.06015625
50 0.5 0.062890625 0.825 0.06015625
1070 0.5 0.062890625 1.0 0.06015625
687 0.5 0.1271484375 0.7777777777777778 0.068359375
646 0.5 0.1271484375 1.0 0.068359375
106 0.5 0.5478515625 1.0 0.773046875
111 0.5 0.48359375 1.0 0.9015625
1071 0.0 0.11328125 0.0 0.040625
1071 0.0 0.1609375 0.0 0.0546875
1071 0.0 0.215625 0.0 0.0546875
1071 0.0 0.2703125 0.0 0.0546875
1071 0.0 0.325 0.0 0.0546875
7 0.0 0.369921875 0.0 0.03515625
1072 0.0 0.41484375 0.0 0.0546875
1072 0.0 0.46953125 0.0 0.0546875
1072 0.0 0.52421875 0.0 0.0546875
1072 0.0 0.57890625 0.0 0.0546875
1072 0.0 0.63359375 0.0 0.0546875
1072 0.0 0.68828125 0.0 0.0546875
1072 0.0 0.74296875 0.0 0.0546875
1072 0.0 0.79765625 0.0 0.0546875
1072 0.0 0.85234375 0.0 0.0546875
1072 0.0 0.90703125 0.0 0.0546875
106 0.0 0.513671875 0.0 0.84140625
4 0.5 0.9671875 1.0 0.065625
4 0.5 0.01640625 1.0 0.0328125
5 0.5 0.5 1.0 1.0
