0 0.0 0.0 0.0 0.0
1069 0.05347222222222222 0.062890625 0.10694444444444444 0.06015625
1069 0.9465277777777777 0.062890625 0.10694444444444444 0.06015625
1069 0.5 0.064453125 0.6305555555555555 0.0390625
1069 0.0875 0.0328125 0.0 0.0
50 0.5 0.062890625 0.825 0.06015625
1070 0.5 0.062890625 1.0 0.06015625
687 0.5 0.1271484375 0.7777777777777778 0.068359375
646 0.5 0.1271484375 1.0 0.068359375
1073 0.5 0.1888671875 1.0 0.055078125
1069 0.13194444444444445 0.2525390625 0.18611111111111112 0.038671875
1069 0.019444444444444445 0.221875 0.0 0.0
1069 0.646875 0.2912109375 0.07291666666666667 0.033203125
8 0.3611111111111111 0.271875 0.6444444444444445 0.07734375
1069 0.11979166666666667 0.2912109375 0.16180555555555556 0.038671875
6 0.6784722222222223 0.2912109375 0.009722222222222222 0.010546875
1069 0.7809027777777777 0.254296875 0.1451388888888889 0.04296875
1069 0.6840277777777778 0.2328125 0.0 0.0
8 0.8225694444444445 0.271875 0.27708333333333335 0.078125
1074 0.5 0.271875 1.0 0.1109375
1069 0.11979166666666667 0.3634765625 0.16180555555555556 0.038671875
1069 0.019444444444444445 0.3328125 0.0 0.0
1069 0.646875 0.4021484375 0.07291666666666667 0.033203125
8 0.3611111111111111 0.3828125 0.6444444444444445 0.07734375
1069 0.11631944444444445 0.4021484375 0.15486111111111112 0.038671875
4 0.6836805555555555 0.3828125 0.0006944444444444445 0.078125
1069 0.7809027777777777 0.365234375 0.1451388888888889 0.04296875
1069 0.6840277777777778 0.34375 0.0 0.0
8 0.8225694444444445 0.3828125 0.27708333333333335 0.078125
1074 0.5 0.3828125 1.0 0.1109375
1069 0.11979166666666667 0.4744140625 0.16180555555555556 0.038671875
1069 0.019444444444444445 0.44375 0.0 0.0
1069 0.6840277777777778 0.4546875 0.0 0.0
8 0.3611111111111111 0.49375 0.6444444444444445 0.07734375
1069 0.1284722222222222 0.5130859375 0.17916666666666667 0.038671875
1069 0.646875 0.5130859375 0.07291666666666667 0.033203125
1069 0.7809027777777777 0.476171875 0.1451388888888889 0.04296875
8 0.8225694444444445 0.49375 0.27708333333333335 0.078125
1074 0.5 0.49375 1.0 0.1109375
1069 0.12222222222222222 0.5853515625 0.16666666666666666 0.038671875
1069 0.019444444444444445 0.5546875 0.0 0.0
1069 0.646875 0.6240234375 0.07291666666666667 0.033203125
8 0.3611111111111111 0.6046875 0.6444444444444445 0.07734375
1069 0.11979166666666667 0.6240234375 0.16180555555555556 0.038671875
6 0.6784722222222223 0.6240234375 0.009722222222222222 0.010546875
1069 0.7722222222222223 0.587109375 0.12777777777777777 0.04296875
1069 0.6840277777777778 0.565625 0.0 0.0
8 0.8225694444444445 0.6046875 0.27708333333333335 0.078125
1074 0.5 0.6046875 1.0 0.1109375
1073 0.5 0.6876953125 1.0 0.055078125
1069 0.15763888888888888 0.7513671875 0.2375 0.038671875
1069 0.3013888888888889 0.7513671875 0.04027777777777778 0.027734375
1069 0.646875 0.7900390625 0.07291666666666667 0.033203125
8 0.3611111111111111 0.770703125 0.6444444444444445 0.07734375
1069 0.11979166666666667 0.7900390625 0.16180555555555556 0.038671875
1069 0.23368055555555556 0.7900390625 0.05625 0.027734375
6 0.03888888888888889 0.770703125 0.0 0.0
4 0.6836805555555555 0.770703125 0.0006944444444444445 0.078125
1069 0.7802083333333333 0.753125 0.14375 0.04296875
1069 0.6840277777777778 0.731640625 0.0 0.0
8 0.8225694444444445 0.770703125 0.27708333333333335 0.078125
1074 0.5 0.770703125 1.0 0.1109375
1069 0.019444444444444445 0.720703125 0.0 0.0
1069 0.11979166666666667 0.8623046875 0.16180555555555556 0.038671875
1069 0.23368055555555556 0.8623046875 0.05625 0.027734375
1069 0.646875 0.9009765625 0.07291666666666667 0.033203125
8 0.3611111111111111 0.881640625 0.6444444444444445 0.07734375
1069 0.11666666666666667 0.9009765625 0.15555555555555556 0.038671875
1069 0.22743055555555555 0.9009765625 0.05625 0.027734375
6 0.03888888888888889 0.881640625 0.0 0.0
4 0.6836805555555555 0.881640625 0.0006944444444444445 0.078125
1069 0.7802083333333333 0.8640625 0.14375 0.04296875
1069 0.6840277777777778 0.842578125 0.0 0.0
8 0.8225694444444445 0.881640625 0.27708333333333335 0.078125
1074 0.5 0.8802734375 1.0 0.108203125
1069 0.019444444444444445 0.831640625 0.0 0.0
106 0.5 0.5478515625 1.0 0.773046875
111 0.5 0.48359375 1.0 0.9015625
1072 0.0 0.1203125 0.0 0.0546875
1072 0.0 0.175 0.0 0.0546875
7 0.0 0.219921875 0.0 0.03515625
1072 0.0 0.26484375 0.0 0.0546875
1072 0.0 0.31953125 0.0 0.0546875
1071 0.0 0.37421875 0.0 0.0546875
1071 0.0 0.42890625 0.0 0.0546875
1071 0.0 0.48359375 0.0 0.0546875
1071 0.0 0.53828125 0.0 0.0546875
1071 0.0 0.59296875 0.0 0.0546875
1071 0.0 0.64765625 0.0 0.0546875
1071 0.0 0.70234375 0.0 0.0546875
1071 0.0 0.75703125 0.0 0.0546875
1071 0.0 0.81171875 0.0 0.0546875
1071 0.0 0.86640625 0.0 0.0546875
1071 0.0 0.9140625 0.0 0.040625
106 0.0 0.513671875 0.0 0.84140625
4 0.5 0.9671875 1.0 0.065625
4 0.5 0.01640625 1.0 0.0328125
5 0.5 0.5 1.0 1.0
