17 0.0 0.0328125 0.0 0.0
43 0.25590277777777776 0.07109375 0.16180555555555556 0.034375
44 0.06805555555555555 0.07109375 0.1361111111111111 0.0765625
22 0.9319444444444445 0.07109375 0.1361111111111111 0.065625
80 0.5 0.07109375 1.0 0.0765625
19 0.5 0.521875 0.11666666666666667 0.065625
34 0.5 0.48359375 1.0 0.9015625
38 0.25 0.24140625 0.5 0.2640625
38 0.05486111111111111 0.06328125 0.10972222222222222 0.0921875
38 0.75 0.24140625 0.5 0.2640625
38 0.5548611111111111 0.06328125 0.10972222222222222 0.0921875
38 0.25 0.582421875 0.5 0.41796875
38 0.05486111111111111 0.404296875 0.10972222222222222 0.06171875
43 0.0 0.3734375 0.0 0.0
38 0.75 0.582421875 0.5 0.41796875
38 0.5548611111111111 0.404296875 0.10972222222222222 0.06171875
43 0.5 0.3734375 0.0 0.0
38 0.25 0.8287109375 0.5 0.074609375
38 0.05486111111111111 0.822265625 0.10972222222222222 0.06171875
43 0.0 0.79140625 0.0 0.0
38 0.75 0.8287109375 0.5 0.074609375
38 0.5548611111111111 0.822265625 0.10972222222222222 0.06171875
43 0.5 0.79140625 0.0 0.0
417 0.4996527777777778 0.9001953125 0.9118055555555555 0.068359375
966 0.08888888888888889 0.9138671875 0.09027777777777778 0.041015625
967 0.0 0.866015625 0.0 0.0
194 0.5 0.109375 0.09722222222222222 0.0
38 0.0 0.109375 0.0 0.0
5 0.5 0.5 1.0 1.0
4 0.5 0.9671875 1.0 0.065625
4 0.5 0.01640625 1.0 0.0328125
