36 0.0 0.0328125 0.0 0.0
111 0.5 0.491015625 1.0 0.76328125
6 0.08541666666666667 0.8505859375 0.14583333333333334 0.030078125
1079 0.0 0.109375 0.0 0.0
222 0.9736111111111111 0.123046875 0.0 0.0
8 1.0 0.4740234375 0.0 0.729296875
223 0.07291666666666667 0.150390625 0.09722222222222222 0.0546875
44 0.06319444444444444 0.793359375 0.0875 0.04921875
44 0.1701388888888889 0.793359375 0.0875 0.04921875
16 0.11666666666666667 0.793359375 0.23333333333333334 0.07109375
8 0.5 0.903515625 1.0 0.06171875
1080 0.09479166666666666 0.904296875 0.1701388888888889 0.04921875
1080 0.3451388888888889 0.902734375 0.2916666666666667 0.04921875
1080 0.9173611111111111 0.902734375 0.14583333333333334 0.04921875
1080 0.6791666666666667 0.902734375 0.2916666666666667 0.04921875
1081 0.5 0.112109375 1.0 0.00546875
1082 0.0 0.1953125 0.0 0.06171875
1082 0.0 0.257421875 0.0 0.06171875
1082 0.0 0.31953125 0.0 0.06171875
1082 0.0 0.378125 0.0 0.0546875
1082 0.0 0.43671875 0.0 0.06171875
1082 0.0 0.4953125 0.0 0.0546875
1082 0.0 0.55390625 0.0 0.06171875
1082 0.0 0.616015625 0.0 0.06171875
1082 0.0 0.674609375 0.0 0.0546875
1082 0.0 0.733203125 0.0 0.06171875
1082 0.0 0.7953125 0.0 0.06171875
1082 0.0 0.857421875 0.0 0.06171875
1082 0.0 0.9115234375 0.0 0.045703125
10 0.0 0.521875 0.0 0.825
4 1.0 0.166796875 0.0 0.0015625
8 1.0 0.25234375 0.0 0.15546875
4 1.0 0.3390625 0.0 0.0015625
8 1.0 0.4068359375 0.0 0.133984375
8 1.0 0.5099609375 0.0 0.066015625
8 1.0 0.5775390625 0.0 0.066015625
8 1.0 0.6689453125 0.0 0.113671875
8 1.0 0.7830078125 0.0 0.111328125
8 1.0 0.825 0.0 0.02734375
8 1.0 0.8982421875 0.0 0.119140625
8 1.0 0.521875 0.0 0.825
43 0.3385416666666667 0.0587890625 0.32708333333333334 0.030078125
44 0.06805555555555555 0.07109375 0.1361111111111111 0.0765625
22 0.9416666666666667 0.07109375 0.11666666666666667 0.065625
43 0.30694444444444446 0.0859375 0.2638888888888889 0.02421875
46 0.5 0.07109375 1.0 0.0765625
42 0.5 0.48359375 1.0 0.9015625
4 0.5 0.9671875 1.0 0.065625
4 0.5 0.01640625 1.0 0.0328125
5 0.5 0.5 1.0 1.0
