451 0.0 0.109375 0.0 0.0
7 0.20347222222222222 0.14609375 0.32916666666666666 0.0296875
8 0.44166666666666665 0.1701171875 0.8055555555555556 0.121484375
59 0.9222222222222223 0.169921875 0.07777777777777778 0.04375
16 0.9027777777777778 0.1701171875 0.11666666666666667 0.121484375
16 0.5 0.1701171875 1.0 0.121484375
7 0.5 0.25625 1.0 0.04765625
16 0.03888888888888889 0.28984375 0.0 0.0
16 0.0 0.4294921875 0.0 0.295703125
7 0.11493055555555555 0.3064453125 0.15208333333333332 0.033203125
8 0.49756944444444445 0.4294921875 0.9173611111111111 0.279296875
16 0.5 0.4294921875 1.0 0.295703125
6 0.03888888888888889 0.57890625 0.0 0.0
16 0.03888888888888889 0.62265625 0.0 0.0875
7 0.19409722222222223 0.6095703125 0.2326388888888889 0.033203125
16 0.13854166666666667 0.6390625 0.12152777777777778 0.02578125
51 0.5704861111111111 0.6384765625 0.7423611111111111 0.024609375
8 0.5097222222222222 0.6224609375 0.8638888888888889 0.058984375
16 0.5 0.62265625 1.0 0.0875
6 0.03888888888888889 0.66796875 0.0 0.0
16 0.03888888888888889 0.71171875 0.0 0.0875
7 0.27361111111111114 0.6986328125 0.39166666666666666 0.033203125
16 0.13854166666666667 0.728125 0.12152777777777778 0.02578125
51 0.5704861111111111 0.7275390625 0.7423611111111111 0.024609375
8 0.5097222222222222 0.7115234375 0.8638888888888889 0.058984375
16 0.5 0.71171875 1.0 0.0875
6 0.03888888888888889 0.75703125 0.0 0.0
16 0.03888888888888889 0.80078125 0.0 0.0875
7 0.2590277777777778 0.7876953125 0.3625 0.033203125
16 0.13854166666666667 0.8171875 0.12152777777777778 0.02578125
51 0.5704861111111111 0.8166015625 0.7423611111111111 0.024609375
8 0.5097222222222222 0.8005859375 0.8638888888888889 0.058984375
16 0.5 0.80078125 1.0 0.0875
7 0.5 0.869921875 1.0 0.04765625
16 0.03888888888888889 0.903515625 0.0 0.0
7 0.11493055555555555 0.9189453125 0.15208333333333332 0.030859375
8 0.49756944444444445 0.9189453125 0.9173611111111111 0.030859375
16 0.5 0.91484375 1.0 0.0390625
290 0.5 0.521875 1.0 0.825
52 0.06805555555555555 0.07109375 0.1361111111111111 0.0765625
7 0.284375 0.0708984375 0.27708333333333335 0.036328125
55 1.0 0.07109375 0.0 0.0765625
56 0.5 0.07109375 1.0 0.0765625
57 0.0 0.0328125 0.0 0.0
53 0.5 0.4671875 1.0 0.934375
4 0.5 0.9671875 1.0 0.065625
4 0.5 0.01640625 1.0 0.0328125
