1084 0.06597222222222222 0.07109375 0.10694444444444444 0.06015625
52 0.7958333333333333 0.07109375 0.1361111111111111 0.0765625
1085 0.42465277777777777 0.07109375 0.5618055555555556 0.06015625
8 0.4270833333333333 0.07109375 0.8541666666666666 0.0765625
16 0.4270833333333333 0.1642578125 0.8541666666666666 0.109765625
6 0.05520833333333333 0.1853515625 0.08125 0.045703125
7 0.4798611111111111 0.18515625 0.7194444444444444 0.0296875
8 0.4270833333333333 0.1853515625 0.8541666666666666 0.067578125
7 0.0 0.219921875 0.0 0.0
6 0.05520833333333333 0.2537109375 0.08125 0.045703125
7 0.4798611111111111 0.253515625 0.7194444444444444 0.0296875
8 0.4270833333333333 0.2537109375 0.8541666666666666 0.067578125
7 0.0 0.28828125 0.0 0.0
6 0.05520833333333333 0.3220703125 0.08125 0.045703125
7 0.4798611111111111 0.321875 0.7194444444444444 0.0296875
8 0.4270833333333333 0.3220703125 0.8541666666666666 0.067578125
7 0.0 0.356640625 0.0 0.0
6 0.05520833333333333 0.3904296875 0.08125 0.045703125
7 0.4798611111111111 0.390234375 0.7194444444444444 0.0296875
8 0.4270833333333333 0.3904296875 0.8541666666666666 0.067578125
7 0.0 0.425 0.0 0.0
6 0.09236111111111112 0.4609375 0.14583333333333334 0.08203125
7 0.4798611111111111 0.45859375 0.7194444444444444 0.0296875
8 0.4270833333333333 0.4587890625 0.8541666666666666 0.067578125
16 0.4270833333333333 0.5482421875 0.8541666666666666 0.109765625
6 0.05520833333333333 0.5693359375 0.08125 0.045703125
7 0.4798611111111111 0.569140625 0.7194444444444444 0.0296875
8 0.4270833333333333 0.5693359375 0.8541666666666666 0.067578125
8 0.0 0.57734375 0.0 0.0
6 0.05520833333333333 0.6376953125 0.08125 0.045703125
7 0.4798611111111111 0.6375 0.7194444444444444 0.0296875
8 0.4270833333333333 0.6376953125 0.8541666666666666 0.067578125
8 0.0 0.66796875 0.0 0.0
6 0.05520833333333333 0.7060546875 0.08125 0.045703125
7 0.4798611111111111 0.705859375 0.7194444444444444 0.0296875
8 0.4270833333333333 0.7060546875 0.8541666666666666 0.067578125
7 0.0 0.740625 0.0 0.0
6 0.05520833333333333 0.7744140625 0.08125 0.045703125
7 0.4798611111111111 0.77421875 0.7194444444444444 0.0296875
8 0.4270833333333333 0.7744140625 0.8541666666666666 0.067578125
7 0.0 0.808984375 0.0 0.0
6 0.05520833333333333 0.8427734375 0.08125 0.045703125
7 0.4798611111111111 0.842578125 0.7194444444444444 0.0296875
8 0.4270833333333333 0.8427734375 0.8541666666666666 0.067578125
7 0.0 0.87734375 0.0 0.0
6 0.05520833333333333 0.9111328125 0.08125 0.045703125
7 0.4798611111111111 0.9109375 0.7194444444444444 0.0296875
8 0.4270833333333333 0.905859375 0.8541666666666666 0.05703125
1087 0.4270833333333333 0.521875 0.8541666666666666 0.825
1088 0.5 0.521875 1.0 0.825
1086 0.0 0.0328125 0.0 0.0
6 0.30069444444444443 0.0677734375 0.2513888888888889 0.030859375
52 0.9319444444444445 0.07109375 0.1361111111111111 0.0765625
1089 0.8347222222222223 0.046484375 0.0 0.0
8 0.5 0.07109375 1.0 0.0765625
16 0.5 0.4681640625 1.0 0.067578125
8 0.0 0.109375 0.0 0.0
8 0.5 0.2802734375 1.0 0.341796875
19 0.5 0.280078125 0.11666666666666667 0.065625
7 0.11284722222222222 0.43828125 0.09236111111111112 0.02578125
8 0.5 0.42734375 1.0 0.04765625
7 0.5 0.4859375 1.0 0.06953125
8 0.0 0.5265625 0.0 0.0
8 0.5 0.6974609375 1.0 0.341796875
19 0.5 0.697265625 0.11666666666666667 0.065625
7 0.11284722222222222 0.85546875 0.09236111111111112 0.02578125
8 0.5 0.84453125 1.0 0.04765625
16 0.5 0.8853515625 1.0 0.067578125
19 0.5 0.521875 0.11666666666666667 0.065625
8 1.0 0.3123046875 0.0 0.405859375
146 1.0 0.65078125 0.0 0.27109375
7 1.0 0.8216796875 0.0 0.043359375
16 1.0 0.521875 0.0 0.825
6 0.5 0.4193359375 1.0 0.619921875
8 0.5 0.680859375 1.0 0.02578125
6 0.07291666666666667 0.734765625 0.14583333333333334 0.08203125
8 0.4548611111111111 0.734765625 0.6180555555555556 0.03046875
734 0.14583333333333334 0.71953125 0.0 0.0
7 0.8819444444444444 0.734765625 0.2111111111111111 0.053125
8 0.5 0.734765625 1.0 0.08203125
6 0.9170138888888889 0.800390625 0.022916666666666665 0.021875
6 0.8940972222222222 0.800390625 0.022916666666666665 0.021875
8 0.196875 0.8005859375 0.39375 0.049609375
8 0.5 0.855078125 1.0 0.15859375
16 0.5 0.801171875 1.0 0.26640625
7 0.16215277777777778 0.1345703125 0.32430555555555557 0.050390625
7 0.5 0.5470703125 1.0 0.774609375
7 0.4027777777777778 0.211328125 0.7666666666666667 0.03671875
7 0.8833333333333333 0.134765625 0.19444444444444445 0.03671875
8 0.5 0.134765625 1.0 0.05078125
8 0.0 0.16015625 0.0 0.0
8 0.5 0.3310546875 1.0 0.341796875
19 0.5 0.330859375 0.11666666666666667 0.065625
7 0.35555555555555557 0.4580078125 0.3416666666666667 0.036328125
7 0.3013888888888889 0.4890625 0.034722222222222224 0.02578125
8 0.4128472222222222 0.4890625 0.45625 0.02578125
7 0.5 0.53671875 1.0 0.06953125
8 0.5 0.7482421875 1.0 0.341796875
19 0.5 0.748046875 0.11666666666666667 0.065625
7 0.35555555555555557 0.8751953125 0.3416666666666667 0.036328125
7 0.3013888888888889 0.90625 0.034722222222222224 0.02578125
8 0.4128472222222222 0.90625 0.45625 0.02578125
6 0.09236111111111112 0.878125 0.14583333333333334 0.08203125
4 0.5 0.9623046875 1.0 0.055859375
1090 0.5 0.569140625 1.0 0.66484375
1086 0.7378472222222222 0.5349609375 0.27569444444444446 0.237109375
7 0.5 0.3513671875 0.9513888888888888 0.075390625
114 0.5 0.521875 0.36944444444444446 0.065625
