61 0.0 0.0328125 0.0 0.0
43 0.5 0.33359375 0.2513888888888889 0.04375
6 0.35625 0.40625 0.15555555555555556 0.0875
43 0.5777777777777777 0.4060546875 0.2875 0.052734375
16 0.5 0.40625 0.44305555555555554 0.0875
71 0.37118055555555557 0.492578125 0.29930555555555555 0.065625
71 0.6493055555555556 0.492578125 0.2222222222222222 0.065625
16 0.4996527777777778 0.492578125 0.55625 0.065625
145 0.4996527777777778 0.547265625 0.41597222222222224 0.04375
145 0.30625 0.591015625 0.2708333333333333 0.04375
145 0.6350694444444445 0.591015625 0.35208333333333336 0.04375
16 0.4996527777777778 0.591015625 0.6576388888888889 0.04375
145 0.3232638888888889 0.634765625 0.2923611111111111 0.04375
145 0.6461805555555555 0.634765625 0.31875 0.04375
16 0.5 0.634765625 0.6458333333333334 0.04375
62 0.5 0.521875 1.0 0.825
71 0.35104166666666664 0.9001953125 0.36875 0.068359375
71 0.6840277777777778 0.9001953125 0.2972222222222222 0.068359375
16 0.4996527777777778 0.8966796875 0.6659722222222222 0.075390625
7 0.25 0.0708984375 0.20833333333333334 0.036328125
52 0.06805555555555555 0.07109375 0.1361111111111111 0.0765625
45 1.0 0.07109375 0.0 0.0765625
74 0.5 0.07109375 1.0 0.0765625
77 0.5 0.48359375 1.0 0.9015625
4 0.5 0.9671875 1.0 0.065625
4 0.5 0.01640625 1.0 0.0328125
5 0.5 0.5 1.0 1.0
