7 0.0 0.0328125 0.0 0.0
16 0.0 0.54375 0.0 0.0
16 0.5 0.573046875 1.0 0.05859375
50 0.15416666666666667 0.6591796875 0.13194444444444445 0.069921875
6 0.08819444444444445 0.62421875 0.0 0.0
7 0.15416666666666667 0.72578125 0.1111111111111111 0.04140625
16 0.15416666666666667 0.6853515625 0.23055555555555557 0.144140625
50 0.38472222222222224 0.6591796875 0.13194444444444445 0.069921875
6 0.31875 0.62421875 0.0 0.0
7 0.384375 0.72578125 0.16319444444444445 0.04140625
16 0.38472222222222224 0.6853515625 0.23055555555555557 0.144140625
50 0.6152777777777778 0.6591796875 0.13194444444444445 0.069921875
6 0.5493055555555556 0.62421875 0.0 0.0
7 0.6152777777777778 0.72578125 0.2111111111111111 0.04140625
16 0.6152777777777778 0.6853515625 0.23055555555555557 0.144140625
50 0.8458333333333333 0.6591796875 0.13194444444444445 0.069921875
6 0.7798611111111111 0.62421875 0.0 0.0
7 0.8454861111111112 0.72578125 0.11041666666666666 0.04140625
16 0.8458333333333333 0.6853515625 0.23055555555555557 0.144140625
16 0.5 0.6853515625 1.0 0.166015625
50 0.15416666666666667 0.8251953125 0.13194444444444445 0.069921875
6 0.08819444444444445 0.790234375 0.0 0.0
7 0.15416666666666667 0.891796875 0.16666666666666666 0.04140625
16 0.15416666666666667 0.8513671875 0.23055555555555557 0.144140625
50 0.38472222222222224 0.8251953125 0.13194444444444445 0.069921875
6 0.31875 0.790234375 0.0 0.0
7 0.38472222222222224 0.891796875 0.12638888888888888 0.04140625
16 0.38472222222222224 0.8513671875 0.23055555555555557 0.144140625
16 0.0 0.768359375 0.0 0.0
16 0.5 0.8513671875 1.0 0.166015625
10 0.5 0.768359375 1.0 0.33203125
5 0.5 0.48359375 1.0 0.9015625
