43 0.42083333333333334 0.133203125 0.3861111111111111 0.04375
43 0.5 0.1951171875 0.5444444444444444 0.036328125
38 0.27534722222222224 0.2619140625 0.09513888888888888 0.053515625
43 0.4864583333333333 0.26171875 0.2326388888888889 0.03359375
172 0.6875 0.265234375 0.16944444444444445 0.04375
16 0.5 0.2619140625 0.5444444444444444 0.053515625
38 0.27534722222222224 0.3291015625 0.09513888888888888 0.053515625
43 0.465625 0.32890625 0.1909722222222222 0.03359375
172 0.6666666666666666 0.332421875 0.2111111111111111 0.04375
16 0.5 0.3291015625 0.5444444444444444 0.053515625
38 0.27534722222222224 0.3962890625 0.09513888888888888 0.053515625
43 0.4184027777777778 0.39609375 0.09652777777777778 0.03359375
172 0.6194444444444445 0.399609375 0.3055555555555556 0.04375
16 0.5 0.3962890625 0.5444444444444444 0.053515625
38 0.27534722222222224 0.4634765625 0.09513888888888888 0.053515625
43 0.4666666666666667 0.46328125 0.19305555555555556 0.03359375
172 0.6677083333333333 0.466796875 0.20902777777777778 0.04375
16 0.5 0.4634765625 0.5444444444444444 0.053515625
38 0.27534722222222224 0.5306640625 0.09513888888888888 0.053515625
43 0.45902777777777776 0.53046875 0.17777777777777778 0.03359375
172 0.6600694444444445 0.533984375 0.22430555555555556 0.04375
16 0.5 0.5306640625 0.5444444444444444 0.053515625
38 0.27534722222222224 0.5978515625 0.09513888888888888 0.053515625
43 0.415625 0.59765625 0.09097222222222222 0.03359375
172 0.6166666666666667 0.601171875 0.3111111111111111 0.04375
16 0.5 0.5978515625 0.5444444444444444 0.053515625
38 0.27534722222222224 0.6650390625 0.09513888888888888 0.053515625
43 0.4701388888888889 0.66484375 0.2 0.03359375
172 0.6711805555555556 0.668359375 0.20208333333333334 0.04375
16 0.5 0.6650390625 0.5444444444444444 0.053515625
38 0.27534722222222224 0.7322265625 0.09513888888888888 0.053515625
43 0.4527777777777778 0.73203125 0.16527777777777777 0.03359375
172 0.6538194444444444 0.735546875 0.23680555555555555 0.04375
16 0.5 0.7322265625 0.5444444444444444 0.053515625
10 0.5 0.4970703125 0.5444444444444444 0.523828125
38 0.22777777777777777 0.111328125 0.0 0.0
16 0.5 0.43515625 0.5444444444444444 0.64765625
43 0.4579861111111111 0.8345703125 0.24791666666666667 0.063671875
43 0.7159722222222222 0.8345703125 0.1125 0.063671875
8 0.5 0.8291015625 0.5444444444444444 0.140234375
16 0.5 0.4833984375 0.7 0.831640625
0 0.15 0.067578125 0.0 0.0
5 0.5 0.4833984375 0.7777777777777778 0.875390625
