17 0.0 0.0 0.0 0.0
50 0.25416666666666665 0.063671875 0.43472222222222223 0.06171875
43 0.5395833333333333 0.063671875 0.1361111111111111 0.06171875
38 0.6625 0.063671875 0.10972222222222222 0.06171875
43 0.7854166666666667 0.063671875 0.1361111111111111 0.06171875
38 0.9076388888888889 0.04375 0.07777777777777778 0.021875
16 0.5 0.063671875 1.0 0.06171875
38 0.03888888888888889 0.11796875 0.0 0.0
43 0.49930555555555556 0.164453125 0.23194444444444445 0.04765625
43 0.4486111111111111 0.215625 0.15138888888888888 0.04375
38 0.5777777777777777 0.215625 0.09722222222222222 0.0546875
16 0.5 0.191796875 0.9222222222222223 0.14765625
8 0.5 0.2177734375 1.0 0.243359375
38 0.2569444444444444 0.4109375 0.058333333333333334 0.0328125
38 0.325 0.4109375 0.058333333333333334 0.0328125
16 0.2569444444444444 0.4109375 0.21388888888888888 0.04375
50 0.4027777777777778 0.4111328125 0.6888888888888889 0.077734375
43 0.4027777777777778 0.4869140625 0.6888888888888889 0.022265625
16 0.4027777777777778 0.43515625 0.7277777777777777 0.14765625
38 0.6354166666666666 0.432421875 0.32083333333333336 0.1203125
4 0.6354166666666666 0.4939453125 0.3402777777777778 0.008203125
8 0.4027777777777778 0.4611328125 0.8055555555555556 0.243359375
38 0.8541666666666666 0.46328125 0.041666666666666664 0.0234375
38 0.9319444444444445 0.46328125 0.041666666666666664 0.0234375
16 0.8930555555555556 0.4482421875 0.15555555555555556 0.053515625
16 0.8930555555555556 0.501953125 0.15555555555555556 0.05390625
38 0.9319444444444445 0.5171875 0.041666666666666664 0.0234375
16 0.8930555555555556 0.555859375 0.15555555555555556 0.05390625
38 0.9319444444444445 0.57109375 0.041666666666666664 0.0234375
16 0.9027777777777778 0.4611328125 0.19444444444444445 0.243359375
16 0.5 0.4611328125 1.0 0.243359375
38 0.06805555555555555 0.706640625 0.041666666666666664 0.0234375
38 0.14583333333333334 0.706640625 0.041666666666666664 0.0234375
16 0.10694444444444444 0.6916015625 0.15555555555555556 0.053515625
38 0.06805555555555555 0.760546875 0.041666666666666664 0.0234375
16 0.10694444444444444 0.7453125 0.15555555555555556 0.05390625
38 0.06805555555555555 0.814453125 0.041666666666666664 0.0234375
16 0.10694444444444444 0.79921875 0.15555555555555556 0.05390625
16 0.09722222222222222 0.7044921875 0.19444444444444445 0.243359375
38 0.7430555555555556 0.654296875 0.058333333333333334 0.0328125
38 0.8111111111111111 0.654296875 0.058333333333333334 0.0328125
16 0.7430555555555556 0.654296875 0.21388888888888888 0.04375
50 0.5972222222222222 0.6544921875 0.6888888888888889 0.077734375
43 0.5972222222222222 0.7302734375 0.6888888888888889 0.022265625
16 0.5972222222222222 0.678515625 0.7277777777777777 0.14765625
38 0.3645833333333333 0.67578125 0.32083333333333336 0.1203125
4 0.3645833333333333 0.7373046875 0.3402777777777778 0.008203125
8 0.5972222222222222 0.7044921875 0.8055555555555556 0.243359375
16 0.5 0.7044921875 1.0 0.243359375
38 0.2569444444444444 0.86953125 0.058333333333333334 0.0234375
38 0.325 0.86953125 0.058333333333333334 0.0234375
16 0.2569444444444444 0.866796875 0.21388888888888888 0.01796875
43 0.4027777777777778 0.897265625 0.6888888888888889 0.07890625
43 0.4027777777777778 0.91015625 0.6888888888888889 0.1046875
38 0.6354166666666666 0.8583984375 0.32083333333333336 0.001171875
4 0.6354166666666666 0.9171875 0.3402777777777778 0.11875
8 0.4027777777777778 0.8419921875 0.8055555555555556 0.031640625
38 0.8541666666666666 0.898046875 0.041666666666666664 0.08046875
38 0.9319444444444445 0.925 0.041666666666666664 0.134375
16 0.8930555555555556 0.909765625 0.15555555555555556 0.10390625
16 0.9027777777777778 0.8419921875 0.19444444444444445 0.031640625
38 0.5 0.855078125 1.0 0.00546875
106 0.5 0.476953125 1.0 0.76171875
43 0.5260416666666666 0.0837890625 0.9229166666666667 0.060546875
43 0.6333333333333333 0.1455078125 0.7083333333333334 0.060546875
38 0.6645833333333333 0.10546875 0.07777777777777778 0.021875
50 0.5 0.13515625 1.0 0.08125
50 0.5 0.42890625 1.0 0.8578125
16 0.5 0.89609375 1.0 0.0765625
38 0.08194444444444444 0.88515625 0.058333333333333334 0.0546875
43 0.08194444444444444 0.9296875 0.0 0.0
16 0.08576388888888889 0.89609375 0.17152777777777778 0.0765625
38 0.2611111111111111 0.88515625 0.058333333333333334 0.0546875
43 0.2611111111111111 0.9296875 0.0 0.0
16 0.2611111111111111 0.89609375 0.17916666666666667 0.0765625
38 0.5 0.8783203125 0.058333333333333334 0.041015625
43 0.5 0.9173828125 0.15 0.033984375
16 0.5 0.89609375 0.2986111111111111 0.0765625
38 0.7388888888888889 0.88515625 0.058333333333333334 0.0546875
43 0.7388888888888889 0.9296875 0.0 0.0
16 0.7388888888888889 0.89609375 0.17916666666666667 0.0765625
38 0.9180555555555555 0.88515625 0.058333333333333334 0.0546875
43 0.9180555555555555 0.9296875 0.0 0.0
16 0.9142361111111111 0.89609375 0.17152777777777778 0.0765625
5 0.5 0.5 1.0 1.0
4 0.5 0.01640625 1.0 0.0328125
