17 0.0 0.0328125 0.0 0.0
7 0.1361111111111111 0.0708984375 0.0 0.036328125
1098 0.26631944444444444 0.0708984375 0.2604166666666667 0.037109375
1098 0.9559027777777778 0.0708984375 0.03819444444444445 0.030078125
80 0.5 0.07109375 1.0 0.0765625
45 1.0 0.07109375 0.0 0.0765625
52 0.06805555555555555 0.07109375 0.1361111111111111 0.0765625
1098 0.5 0.2482421875 1.0 0.277734375
918 0.5 0.166796875 1.0 0.11484375
1098 0.07777777777777778 0.276171875 0.07777777777777778 0.04375
8 0.5 0.2763671875 0.9263888888888889 0.062890625
918 0.16909722222222223 0.4146484375 0.28958333333333336 0.033203125
1098 0.09722222222222222 0.483203125 0.09722222222222222 0.0546875
918 0.5729166666666666 0.46796875 0.8055555555555556 0.0296875
918 0.4270833333333333 0.5 0.5138888888888888 0.02578125
41 0.5 0.4859375 0.9513888888888888 0.0875
1098 0.09722222222222222 0.581640625 0.09722222222222222 0.0546875
918 0.5729166666666666 0.56640625 0.8055555555555556 0.0296875
918 0.39444444444444443 0.5984375 0.4486111111111111 0.02578125
41 0.5 0.584375 0.9513888888888888 0.0875
1098 0.09722222222222222 0.680078125 0.09722222222222222 0.0546875
918 0.5729166666666666 0.66484375 0.8055555555555556 0.0296875
918 0.44895833333333335 0.696875 0.5576388888888889 0.02578125
41 0.5 0.6828125 0.9513888888888888 0.0875
1098 0.09722222222222222 0.778515625 0.09722222222222222 0.0546875
918 0.5729166666666666 0.766015625 0.8055555555555556 0.0296875
918 0.440625 0.798046875 0.5409722222222222 0.02578125
41 0.5 0.78125 0.9513888888888888 0.0875
8 0.875 0.8900390625 0.0 0.088671875
8 0.0 0.8900390625 0.0 0.088671875
1099 0.4375 0.8900390625 0.875 0.088671875
34 0.5 0.48359375 1.0 0.9015625
16 0.0 0.145703125 0.0 0.0453125
4 0.0 0.191015625 0.0 0.0015625
16 0.0 0.2798828125 0.0 0.051953125
16 0.0 0.3400390625 0.0 0.051953125
16 0.0 0.4001953125 0.0 0.051953125
16 0.0 0.4603515625 0.0 0.051953125
16 0.0 0.5205078125 0.0 0.051953125
4 0.0 0.569140625 0.0 0.0015625
16 0.0 0.6580078125 0.0 0.051953125
16 0.0 0.7181640625 0.0 0.051953125
16 0.0 0.7783203125 0.0 0.051953125
16 0.0 0.8384765625 0.0 0.051953125
16 0.0 0.4869140625 0.0 0.755078125
5 0.5 0.5 1.0 1.0
4 0.5 0.9671875 1.0 0.065625
4 0.5 0.01640625 1.0 0.0328125
