17 0.0 0.0328125 0.0 0.0
1102 0.0 0.18046875 0.0 0.0
127 0.1076388888888889 0.21328125 0.2152777777777778 0.065625
38 0.2152777777777778 0.18046875 0.0 0.0
127 0.2986111111111111 0.21328125 0.16666666666666666 0.065625
38 0.3819444444444444 0.18046875 0.0 0.0
127 0.5020833333333333 0.21328125 0.24027777777777778 0.065625
38 0.6222222222222222 0.18046875 0.0 0.0
127 0.7361111111111112 0.21328125 0.22777777777777777 0.065625
38 0.85 0.18046875 0.0 0.0
127 0.925 0.21328125 0.15 0.065625
128 0.5 0.21328125 1.0 0.065625
1103 0.5 0.3349609375 1.0 0.155859375
38 0.06805555555555555 0.455859375 0.07777777777777778 0.04921875
1100 0.5680555555555555 0.4560546875 0.8638888888888889 0.063671875
1100 0.0 0.42421875 0.0 0.0
1104 0.5 0.4578125 1.0 0.0671875
1100 0.5 0.5259765625 1.0 0.069140625
38 0.18958333333333333 0.669921875 0.3402777777777778 0.21875
102 0.019444444444444445 0.560546875 0.0 0.0
1100 0.10972222222222222 0.8162109375 0.14166666666666666 0.022265625
1100 0.2263888888888889 0.8162109375 0.06666666666666667 0.022265625
38 0.5493055555555556 0.669921875 0.3402777777777778 0.21875
102 0.37916666666666665 0.560546875 0.0 0.0
1100 0.46944444444444444 0.8162109375 0.14166666666666666 0.022265625
1100 0.5861111111111111 0.8162109375 0.06666666666666667 0.022265625
38 0.8694444444444445 0.669921875 0.2611111111111111 0.21875
102 0.7388888888888889 0.560546875 0.0 0.0
1100 0.8291666666666667 0.8162109375 0.14166666666666666 0.022265625
1100 0.9458333333333333 0.8162109375 0.06666666666666667 0.022265625
106 0.5 0.7048828125 1.0 0.288671875
1100 0.0 0.87265625 0.0 0.0
50 0.5 0.8546875 1.0 0.0109375
1105 0.5 0.64296875 1.0 0.4375
38 0.06805555555555555 0.904296875 0.07777777777777778 0.04921875
1104 0.5 0.903515625 1.0 0.06171875
1100 0.5 0.937109375 1.0 0.00546875
106 0.5 0.590234375 1.0 0.68828125
1102 0.0 0.24609375 0.0 0.0
1103 0.0 0.3349609375 0.0 0.155859375
1106 0.0 0.5201171875 0.0 0.191796875
4 0.0 0.621484375 0.0 0.0109375
1106 0.0 0.7228515625 0.0 0.191796875
1106 0.0 0.88203125 0.0 0.1046875
16 0.0 0.9294921875 0.0 0.009765625
1105 0.0 0.679296875 0.0 0.51015625
106 0.0 0.590234375 0.0 0.68828125
1103 1.0 0.33515625 0.0 0.15625
1104 1.0 0.4578125 0.0 0.0671875
1105 1.0 0.679296875 0.0 0.51015625
106 1.0 0.590234375 0.0 0.68828125
1102 1.0 0.24609375 0.0 0.0
38 0.4996527777777778 0.5927734375 0.12152777777777778 0.068359375
38 0.4996527777777778 0.530859375 0.5673611111111111 0.35546875
1100 0.5 0.7421875 0.9513888888888888 0.0671875
1100 0.5 0.8041015625 0.3055555555555556 0.056640625
16 0.5 0.5927734375 0.9513888888888888 0.479296875
1100 0.43125 0.1421875 0.7847222222222222 0.065625
4 0.8243055555555555 0.1421875 0.001388888888888889 0.021875
38 0.8930555555555556 0.1421875 0.1361111111111111 0.065625
38 0.825 0.07109375 0.09722222222222222 0.0546875
38 0.9416666666666667 0.07109375 0.09722222222222222 0.0546875
45 0.8833333333333333 0.07109375 0.23333333333333334 0.0765625
52 0.06805555555555555 0.07109375 0.1361111111111111 0.0765625
6 0.17256944444444444 0.0708984375 0.07291666666666667 0.041015625
18 0.5 0.106640625 1.0 0.14765625
34 0.5 0.48359375 1.0 0.9015625
1100 0.36944444444444446 0.06953125 0.7388888888888889 0.0640625
38 0.6902777777777778 0.06953125 0.09722222222222222 0.0125
1100 0.36944444444444446 0.13359375 0.7388888888888889 0.0640625
38 0.6902777777777778 0.13359375 0.09722222222222222 0.0125
1100 0.36944444444444446 0.19765625 0.7388888888888889 0.0640625
38 0.6902777777777778 0.19765625 0.09722222222222222 0.0125
1100 0.36944444444444446 0.26171875 0.7388888888888889 0.0640625
38 0.6902777777777778 0.26171875 0.09722222222222222 0.0125
1100 0.36944444444444446 0.32578125 0.7388888888888889 0.0640625
38 0.6902777777777778 0.32578125 0.09722222222222222 0.0125
1100 0.36944444444444446 0.38984375 0.7388888888888889 0.0640625
38 0.6902777777777778 0.38984375 0.09722222222222222 0.0125
1100 0.36944444444444446 0.45390625 0.7388888888888889 0.0640625
38 0.6902777777777778 0.45390625 0.09722222222222222 0.0125
1100 0.36944444444444446 0.51796875 0.7388888888888889 0.0640625
38 0.6902777777777778 0.51796875 0.09722222222222222 0.0125
1100 0.36944444444444446 0.58203125 0.7388888888888889 0.0640625
38 0.6902777777777778 0.58203125 0.09722222222222222 0.0125
1100 0.36944444444444446 0.64609375 0.7388888888888889 0.0640625
38 0.6902777777777778 0.64609375 0.09722222222222222 0.0125
1100 0.36944444444444446 0.71015625 0.7388888888888889 0.0640625
38 0.6902777777777778 0.71015625 0.09722222222222222 0.0125
1100 0.36944444444444446 0.77421875 0.7388888888888889 0.0640625
38 0.6902777777777778 0.77421875 0.09722222222222222 0.0125
1100 0.36944444444444446 0.83828125 0.7388888888888889 0.0640625
38 0.6902777777777778 0.83828125 0.09722222222222222 0.0125
1100 0.36944444444444446 0.90234375 0.7388888888888889 0.0640625
38 0.6902777777777778 0.90234375 0.09722222222222222 0.0125
4 0.36944444444444446 0.93359375 0.7388888888888889 0.0015625
106 0.36944444444444446 0.48359375 0.7388888888888889 0.9015625
1102 0.36944444444444446 0.48359375 0.09722222222222222 0.0546875
4 0.5 0.01640625 1.0 0.0328125
5 0.5 0.5 1.0 1.0
