0 0.0 0.0 0.0 0.0
52 0.044097222222222225 0.0634765625 0.07291666666666667 0.041015625
7 0.4878472222222222 0.0634765625 0.7895833333333333 0.031640625
52 0.9388888888888889 0.063671875 0.09722222222222222 0.0546875
8 0.5 0.063671875 1.0 0.06171875
7 0.5 0.1212890625 0.9611111111111111 0.031640625
146 0.5048611111111111 0.4576171875 0.9513888888888888 0.641015625
114 0.7461805555555555 0.82890625 0.49236111111111114 0.065625
4 0.5 0.796875 0.0 0.0015625
114 0.24895833333333334 0.82890625 0.4826388888888889 0.065625
8 0.5 0.82890625 1.0 0.07421875
112 0.5 0.9001953125 1.0 0.068359375
5 0.5 0.4671875 1.0 0.934375
