17 0.0 0.0328125 0.0 0.0
43 0.4996527777777778 0.14375 0.5604166666666667 0.221875
38 0.5 0.4396484375 1.0 0.369921875
43 0.5 0.7357421875 1.0 0.222265625
43 0.5 0.890625 1.0 0.0875
207 0.5 0.48359375 1.0 0.9015625
38 1.0 0.4396484375 0.0 0.369921875
43 1.0 0.7357421875 0.0 0.222265625
43 1.0 0.890625 0.0 0.0875
16 1.0 0.48359375 0.0 0.9015625
43 0.5 0.8470703125 1.0 0.000390625
6 0.484375 0.8908203125 0.03125 0.023046875
6 0.578125 0.8908203125 0.03125 0.023046875
16 0.5 0.8908203125 0.1875 0.087109375
71 0.14097222222222222 0.8908203125 0.24305555555555555 0.087109375
44 0.8590277777777777 0.8908203125 0.24305555555555555 0.087109375
4 0.5 0.9671875 1.0 0.065625
4 0.5 0.01640625 1.0 0.0328125
5 0.5 0.5 1.0 1.0
