8 0.0 0.0328125 0.0 0.0
8 0.06805555555555555 0.068359375 0.1361111111111111 0.07109375
8 0.5 0.068359375 0.4861111111111111 0.03515625
7 0.8541666666666666 0.0328125 0.0 0.0
8 0.9270833333333334 0.068359375 0.14583333333333334 0.07109375
50 0.5 0.068359375 1.0 0.07109375
7 0.0 0.10390625 0.0 0.0
1107 0.5 0.2078125 0.24305555555555555 0.13671875
16 0.5909722222222222 0.156640625 0.06111111111111111 0.034375
8 0.5 0.1900390625 1.0 0.172265625
7 0.4642361111111111 0.302734375 0.1840277777777778 0.02578125
7 0.5958333333333333 0.3025390625 0.06388888888888888 0.019921875
16 0.5 0.302734375 1.0 0.02578125
7 0.4996527777777778 0.3490234375 0.23402777777777778 0.066796875
6 0.25555555555555554 0.4357421875 0.14583333333333334 0.051953125
7 0.25590277777777776 0.48828125 0.46319444444444446 0.02578125
16 0.25590277777777776 0.4611328125 0.46319444444444446 0.130078125
6 0.7440972222222222 0.433984375 0.09513888888888888 0.0453125
7 0.7440972222222222 0.488671875 0.46319444444444446 0.02578125
16 0.7440972222222222 0.4611328125 0.46319444444444446 0.130078125
16 0.5 0.4611328125 0.9513888888888888 0.130078125
6 0.25555555555555554 0.578125 0.11666666666666667 0.04375
7 0.25590277777777776 0.63203125 0.46319444444444446 0.02578125
16 0.25590277777777776 0.6048828125 0.46319444444444446 0.130078125
6 0.7440972222222222 0.5775390625 0.14375 0.048046875
7 0.7440972222222222 0.632421875 0.46319444444444446 0.02578125
16 0.7440972222222222 0.6048828125 0.46319444444444446 0.130078125
16 0.5 0.6048828125 0.9513888888888888 0.130078125
16 0.5 0.53984375 1.0 0.31484375
7 0.5 0.715234375 1.0 0.0359375
6 0.07916666666666666 0.778515625 0.10972222222222222 0.06171875
7 0.2972222222222222 0.762109375 0.3263888888888889 0.0296875
16 0.5670138888888889 0.7787109375 0.8659722222222223 0.062890625
8 0.5 0.7787109375 1.0 0.090234375
6 0.07916666666666666 0.8521484375 0.10972222222222222 0.027734375
7 0.26944444444444443 0.851953125 0.2708333333333333 0.028125
16 0.5670138888888889 0.897265625 0.8659722222222223 0.0625
8 0.5 0.8451171875 1.0 0.041796875
6 0.07916666666666666 0.8974609375 0.10972222222222222 0.062890625
7 0.2701388888888889 0.897265625 0.2722222222222222 0.0625
7 0.5670138888888889 0.917578125 0.8659722222222223 0.103125
8 0.5 0.8904296875 1.0 0.048828125
16 0.5 0.4849609375 1.0 0.762109375
8 0.5 0.9001953125 1.0 0.068359375
8 0.5 0.48359375 1.0 0.9015625
4 0.5 0.9671875 1.0 0.065625
4 0.5 0.01640625 1.0 0.0328125
5 0.5 0.5 1.0 1.0
