7 0.4423611111111111 0.1146484375 0.8069444444444445 0.036328125
1108 0.9034722222222222 0.1146484375 0.11527777777777778 0.037109375
1109 0.5 0.11484375 1.0 0.0765625
1110 0.0 0.153125 0.0 0.0
16 0.5 0.1701171875 1.0 0.033984375
7 0.03888888888888889 0.188671875 0.0 0.0
8 0.5 0.2345703125 0.9222222222222223 0.091796875
16 0.5 0.2345703125 1.0 0.091796875
16 0.5 0.50546875 1.0 0.8578125
8 0.0 0.0765625 0.0 0.0
7 0.1440972222222222 0.0380859375 0.21041666666666667 0.036328125
91 0.9513888888888888 0.03828125 0.09722222222222222 0.065625
56 0.5 0.03828125 1.0 0.0765625
57 0.0 0.0 0.0 0.0
53 0.5 0.4671875 1.0 0.934375
4 0.5 0.9671875 1.0 0.065625
