17 0.0 0.0 0.0 0.0
44 0.06805555555555555 0.07109375 0.1361111111111111 0.0765625
45 1.0 0.07109375 0.0 0.0765625
43 0.2847222222222222 0.0708984375 0.21944444444444444 0.036328125
80 0.5 0.07109375 1.0 0.0765625
1111 0.5 0.4890625 1.0 0.759375
43 0.17847222222222223 0.1623046875 0.2388888888888889 0.068359375
43 0.6045138888888889 0.1623046875 0.5159722222222223 0.068359375
38 0.9263888888888889 0.1630859375 0.030555555555555555 0.015234375
8 0.5 0.144921875 1.0 0.07109375
44 0.024305555555555556 0.2171875 0.0 0.0
43 0.5 0.287890625 0.9263888888888889 0.0296875
144 0.43680555555555556 0.1435546875 0.8736111111111111 0.068359375
1112 0.5 0.212890625 1.0 0.0671875
43 0.0 0.109375 0.0 0.0
44 0.9368055555555556 0.1435546875 0.12638888888888888 0.068359375
19 0.5 0.556640625 0.11666666666666667 0.065625
43 0.4996527777777778 0.5568359375 0.3451388888888889 0.040234375
38 0.0 0.179296875 0.0 0.0
43 0.5 0.21640625 0.9263888888888889 0.0296875
38 0.0 0.24609375 0.0 0.0
1112 0.5 0.2796875 1.0 0.0671875
38 0.0 0.312890625 0.0 0.0
43 0.5 0.359375 0.9263888888888889 0.0296875
1112 0.5 0.346484375 1.0 0.0671875
38 0.0 0.3796875 0.0 0.0
43 0.5 0.430859375 0.9263888888888889 0.0296875
1112 0.5 0.41328125 1.0 0.0671875
38 0.0 0.446484375 0.0 0.0
43 0.5 0.50234375 0.9263888888888889 0.0296875
1112 0.5 0.480078125 1.0 0.0671875
38 0.0 0.51328125 0.0 0.0
43 0.5 0.573828125 0.9263888888888889 0.0296875
1112 0.5 0.546875 1.0 0.0671875
38 0.0 0.580078125 0.0 0.0
43 0.5 0.6453125 0.9263888888888889 0.0296875
1112 0.5 0.613671875 1.0 0.0671875
38 0.0 0.646875 0.0 0.0
43 0.5 0.716796875 0.9263888888888889 0.0296875
1112 0.5 0.68046875 1.0 0.0671875
38 0.0 0.713671875 0.0 0.0
43 0.5 0.747265625 0.9263888888888889 0.02578125
1112 0.5 0.747265625 1.0 0.0671875
38 0.0 0.78046875 0.0 0.0
43 0.5 0.78828125 0.9263888888888889 0.0296875
1112 0.5 0.8140625 1.0 0.0671875
38 0.0 0.847265625 0.0 0.0
43 0.5 0.880859375 0.9263888888888889 0.02578125
1112 0.5 0.880859375 1.0 0.0671875
38 0.0 0.9140625 0.0 0.0
1112 0.5 0.92421875 1.0 0.0203125
71 0.7861111111111111 0.109375 0.0 0.0
4 0.5 0.1162109375 1.0 0.013671875
43 0.11180555555555556 0.144921875 0.15 0.0296875
43 0.5871527777777777 0.144921875 0.7520833333333333 0.02578125
8 0.0 0.0904296875 0.0 0.115234375
16 0.0 0.2009765625 0.0 0.105859375
16 0.0 0.3083984375 0.0 0.105859375
16 0.0 0.4158203125 0.0 0.105859375
16 0.0 0.5232421875 0.0 0.105859375
16 0.0 0.6306640625 0.0 0.105859375
16 0.0 0.7380859375 0.0 0.105859375
10 0.0 0.46953125 0.0 0.64296875
16 0.0 0.8626953125 0.0 0.143359375
8 0.0 0.48359375 0.0 0.9015625
5 0.5 0.5 1.0 1.0
4 0.5 0.9671875 1.0 0.065625
4 0.5 0.01640625 1.0 0.0328125
