0 0.0 0.0 0.0 0.0
6 0.4222222222222222 0.062890625 0.8444444444444444 0.06015625
1113 0.4222222222222222 0.126171875 0.8444444444444444 0.06640625
1113 0.4222222222222222 0.192578125 0.8444444444444444 0.06640625
1113 0.4222222222222222 0.2578125 0.8444444444444444 0.06640625
1113 0.4222222222222222 0.32421875 0.8444444444444444 0.06640625
1113 0.4222222222222222 0.389453125 0.8444444444444444 0.06640625
1113 0.4222222222222222 0.455859375 0.8444444444444444 0.06640625
1113 0.4222222222222222 0.522265625 0.8444444444444444 0.06640625
1113 0.4222222222222222 0.588671875 0.8444444444444444 0.06640625
1113 0.4222222222222222 0.655078125 0.8444444444444444 0.06640625
6 0.18680555555555556 0.78125 0.08333333333333333 0.0546875
6 0.33541666666666664 0.78125 0.09722222222222222 0.0546875
6 0.4909722222222222 0.78125 0.09722222222222222 0.0546875
6 0.6465277777777778 0.78125 0.09722222222222222 0.0546875
16 0.4201388888888889 0.78125 0.55 0.0546875
16 0.4222222222222222 0.437109375 0.8444444444444444 0.80859375
1114 0.4222222222222222 0.48359375 0.8444444444444444 0.9015625
1115 0.8444444444444444 0.0328125 0.0 0.0
8 0.9222222222222223 0.0609375 0.15555555555555556 0.03984375
1116 0.9444444444444444 0.122265625 0.1111111111111111 0.0421875
50 0.9357638888888888 0.4875 0.1284722222222222 0.66640625
16 0.9357638888888888 0.1748046875 0.1284722222222222 0.041015625
7 0.9625 0.2015625 0.075 0.0453125
16 0.9576388888888889 0.2900390625 0.08472222222222223 0.002734375
16 0.9152777777777777 0.296875 0.0 0.0
16 0.9576388888888889 0.3490234375 0.08472222222222223 0.002734375
16 0.9152777777777777 0.355859375 0.0 0.0
16 0.9357638888888888 0.2673828125 0.1284722222222222 0.226171875
1117 0.9357638888888888 0.503515625 0.1284722222222222 0.82578125
16 0.9357638888888888 0.8015625 0.1284722222222222 0.01171875
1118 0.9357638888888888 0.8341796875 0.1284722222222222 0.164453125
6 0.9673611111111111 0.751953125 0.0 0.0
16 0.9836805555555556 0.8341796875 0.03263888888888889 0.164453125
7 0.9704861111111112 0.503515625 0.059027777777777776 0.05546875
16 0.9222222222222223 0.0841796875 0.15555555555555556 0.102734375
1119 0.9222222222222223 0.48359375 0.15555555555555556 0.9015625
5 0.5 0.4671875 1.0 0.934375
