120 0.0 0.0328125 0.0 0.0
4 0.5 0.2720703125 1.0 0.478515625
7 0.4996527777777778 0.0666015625 0.8631944444444445 0.067578125
4 0.5 0.1630859375 0.8986111111111111 0.123046875
7 0.4996527777777778 0.209375 0.22569444444444445 0.0546875
7 0.5 0.2478515625 0.10416666666666667 0.022265625
16 0.5 0.220703125 0.3402777777777778 0.19140625
7 0.7559027777777778 0.1974609375 0.2673611111111111 0.055078125
8 0.7559027777777778 0.1974609375 0.2673611111111111 0.150390625
6 0.2708333333333333 0.358203125 0.06111111111111111 0.034375
16 0.4986111111111111 0.352734375 0.5319444444444444 0.0453125
6 0.2708333333333333 0.403515625 0.06111111111111111 0.034375
16 0.48055555555555557 0.398046875 0.49583333333333335 0.0453125
16 0.5 0.375390625 0.7291666666666666 0.11796875
16 0.13541666666666666 0.31640625 0.0 0.0
7 0.5 0.4740234375 0.30694444444444446 0.022265625
19 0.31493055555555555 0.473828125 0.06319444444444444 0.021875
8 0.5 0.4740234375 0.8791666666666667 0.068359375
7 0.4996527777777778 0.5365234375 0.46875 0.045703125
8 0.5 0.33046875 0.9027777777777778 0.46015625
6 0.18229166666666666 0.7341796875 0.21875 0.095703125
7 0.5697916666666667 0.69921875 0.53125 0.02578125
16 0.609375 0.7234375 0.6354166666666666 0.07421875
16 0.5 0.7341796875 0.9027777777777778 0.123046875
7 0.5 0.602734375 0.5125 0.0296875
7 0.5 0.6314453125 0.39444444444444443 0.027734375
16 0.5 0.6166015625 0.9027777777777778 0.084765625
7 0.4996527777777778 0.846484375 0.4340277777777778 0.046875
6 0.4996527777777778 0.8939453125 0.08541666666666667 0.048046875
7 0.4996527777777778 0.926171875 0.28958333333333336 0.01640625
7 0.5 0.942578125 0.8055555555555556 0.01640625
16 0.5 0.871875 0.9027777777777778 0.125
179 0.5 0.48359375 1.0 0.9015625
4 0.5 0.9671875 1.0 0.065625
4 0.5 0.01640625 1.0 0.0328125
5 0.5 0.5 1.0 1.0
