43 0.0 0.0328125 0.0 0.0
43 0.16666666666666666 0.15859375 0.10416666666666667 0.0984375
16 0.16666666666666666 0.15859375 0.3333333333333333 0.0984375
43 0.5 0.15859375 0.175 0.0984375
16 0.5 0.15859375 0.3333333333333333 0.0984375
43 0.8333333333333334 0.15859375 0.16666666666666666 0.0984375
16 0.8333333333333334 0.15859375 0.3333333333333333 0.0984375
1120 0.5 0.15859375 1.0 0.0984375
43 0.0 0.0955078125 0.0 0.027734375
4 0.5 0.20859375 1.0 0.0015625
16 0.0 0.571875 0.0 0.725
19 0.5 0.571875 0.18472222222222223 0.10390625
1121 0.5 0.571875 1.0 0.725
21 0.5 0.4513671875 0.1875 0.117578125
43 0.5 0.555078125 0.9027777777777778 0.03515625
43 0.5 0.6275390625 0.9027777777777778 0.027734375
43 0.0 0.1943359375 0.0 0.071484375
34 0.5 0.48359375 1.0 0.9015625
6 0.8979166666666667 0.876953125 0.20416666666666666 0.11484375
8 0.5 0.876953125 1.0 0.11484375
52 0.07291666666666667 0.0708984375 0.1361111111111111 0.074609375
21 0.634375 0.070703125 0.08541666666666667 0.0328125
43 0.5625 0.03359375 0.0 0.0
21 0.778125 0.070703125 0.08541666666666667 0.0328125
43 0.70625 0.03359375 0.0 0.0
21 0.921875 0.070703125 0.08541666666666667 0.0328125
43 0.85 0.03359375 0.0 0.0
45 0.778125 0.0708984375 0.43125 0.074609375
7 0.27569444444444446 0.0701171875 0.25 0.036328125
80 0.5 0.07109375 1.0 0.0765625
8 0.0 0.095703125 0.0 0.12578125
50 0.0 0.26640625 0.0 0.07109375
50 0.0 0.3658203125 0.0 0.127734375
50 0.0 0.466015625 0.0 0.07109375
50 0.0 0.537109375 0.0 0.07109375
50 0.0 0.608203125 0.0 0.07109375
50 0.0 0.679296875 0.0 0.07109375
50 0.0 0.750390625 0.0 0.07109375
16 0.0 0.5083984375 0.0 0.555078125
16 0.0 0.409375 0.0 0.753125
1122 0.0 0.48359375 0.0 0.9015625
4 0.5 0.9671875 1.0 0.065625
4 0.5 0.01640625 1.0 0.0328125
5 0.5 0.5 1.0 1.0
