0 0.0 0.0 0.0 0.0
114 0.1 0.0697265625 0.2 0.073828125
16 0.22847222222222222 0.0697265625 0.05694444444444444 0.073828125
6 0.5 0.0697265625 0.4861111111111111 0.073828125
16 0.8715277777777778 0.0697265625 0.2569444444444444 0.073828125
16 0.5 0.0697265625 1.0 0.073828125
16 0.5 0.1154296875 1.0 0.017578125
16 0.022222222222222223 0.174609375 0.044444444444444446 0.10078125
114 0.1638888888888889 0.174609375 0.2388888888888889 0.10078125
114 0.39166666666666666 0.174609375 0.21666666666666667 0.10078125
114 0.6083333333333333 0.174609375 0.21666666666666667 0.10078125
114 0.8361111111111111 0.174609375 0.2388888888888889 0.10078125
16 0.9777777777777777 0.174609375 0.044444444444444446 0.10078125
16 0.5 0.174609375 1.0 0.10078125
16 0.5 0.23671875 1.0 0.0234375
16 0.022222222222222223 0.5794921875 0.044444444444444446 0.662109375
16 0.5 0.5794921875 1.0 0.662109375
16 0.9777777777777777 0.5794921875 0.044444444444444446 0.662109375
16 0.5 0.9224609375 1.0 0.023828125
16 0.5 0.5205078125 1.0 0.827734375
5 0.5 0.4671875 1.0 0.934375
