36 0.0 0.0328125 0.0 0.0
43 0.4392361111111111 0.1419921875 0.8284722222222223 0.033203125
38 0.9361111111111111 0.1421875 0.07777777777777778 0.04375
8 0.5 0.1421875 0.975 0.065625
43 0.4392361111111111 0.2091796875 0.8284722222222223 0.033203125
38 0.9361111111111111 0.209375 0.07777777777777778 0.04375
8 0.5 0.209375 0.975 0.065625
43 0.4392361111111111 0.2763671875 0.8284722222222223 0.033203125
38 0.9361111111111111 0.2765625 0.07777777777777778 0.04375
8 0.5 0.2765625 0.975 0.065625
43 0.4392361111111111 0.3435546875 0.8284722222222223 0.033203125
38 0.9361111111111111 0.34375 0.07777777777777778 0.04375
8 0.5 0.34375 0.975 0.065625
43 0.4392361111111111 0.4107421875 0.8284722222222223 0.033203125
38 0.9361111111111111 0.4109375 0.07777777777777778 0.04375
8 0.5 0.4109375 0.975 0.065625
43 0.4392361111111111 0.4779296875 0.8284722222222223 0.033203125
38 0.9361111111111111 0.478125 0.07777777777777778 0.04375
8 0.5 0.478125 0.975 0.065625
43 0.4392361111111111 0.5451171875 0.8284722222222223 0.033203125
38 0.9361111111111111 0.5453125 0.07777777777777778 0.04375
8 0.5 0.5453125 0.975 0.065625
43 0.4392361111111111 0.6123046875 0.8284722222222223 0.033203125
38 0.9361111111111111 0.6125 0.07777777777777778 0.04375
8 0.5 0.6125 0.975 0.065625
43 0.4392361111111111 0.6794921875 0.8284722222222223 0.033203125
38 0.9361111111111111 0.6796875 0.07777777777777778 0.04375
8 0.5 0.6796875 0.975 0.065625
43 0.4392361111111111 0.7466796875 0.8284722222222223 0.033203125
38 0.9361111111111111 0.746875 0.07777777777777778 0.04375
8 0.5 0.746875 0.975 0.065625
43 0.4392361111111111 0.8138671875 0.8284722222222223 0.033203125
38 0.9361111111111111 0.8140625 0.07777777777777778 0.04375
8 0.5 0.8140625 0.975 0.065625
43 0.4392361111111111 0.8810546875 0.8284722222222223 0.033203125
38 0.9361111111111111 0.88125 0.07777777777777778 0.04375
8 0.5 0.88125 0.975 0.065625
43 0.4392361111111111 0.9330078125 0.8284722222222223 0.002734375
38 0.9361111111111111 0.93046875 0.07777777777777778 0.0078125
8 0.5 0.925 0.975 0.01875
197 0.5 0.521875 1.0 0.825
7 0.23472222222222222 0.0708984375 0.17777777777777778 0.036328125
52 0.06805555555555555 0.07109375 0.1361111111111111 0.0765625
45 1.0 0.07109375 0.0 0.0765625
46 0.5 0.07109375 1.0 0.0765625
42 0.5 0.48359375 1.0 0.9015625
4 0.5 0.9671875 1.0 0.065625
4 0.5 0.01640625 1.0 0.0328125
5 0.5 0.5 1.0 1.0
