0 0.0 0.0 0.0 0.0
52 0.09756944444444444 0.0326171875 0.1701388888888889 0.051171875
52 0.9024305555555555 0.0326171875 0.1701388888888889 0.051171875
52 0.4996527777777778 0.0291015625 0.1701388888888889 0.051171875
8 0.5 0.0291015625 1.0 0.058203125
6 0.5 0.339453125 1.0 0.5625
52 0.06319444444444444 0.6498046875 0.12638888888888888 0.058203125
52 0.203125 0.6498046875 0.15347222222222223 0.058203125
52 0.35659722222222223 0.6498046875 0.15347222222222223 0.058203125
52 0.5100694444444445 0.6498046875 0.15347222222222223 0.058203125
52 0.6635416666666667 0.6498046875 0.15347222222222223 0.058203125
52 0.8170138888888889 0.6498046875 0.15347222222222223 0.058203125
52 0.946875 0.6498046875 0.10625 0.058203125
372 0.5 0.6498046875 1.0 0.058203125
6 0.17604166666666668 0.7421875 0.3215277777777778 0.109375
6 0.4996527777777778 0.7421875 0.3215277777777778 0.109375
6 0.8232638888888889 0.7421875 0.3215277777777778 0.109375
6 0.17604166666666668 0.852734375 0.3215277777777778 0.109375
6 0.4996527777777778 0.852734375 0.3215277777777778 0.109375
6 0.8232638888888889 0.852734375 0.3215277777777778 0.109375
6 0.17604166666666668 0.9208984375 0.3215277777777778 0.024609375
6 0.4996527777777778 0.9208984375 0.3215277777777778 0.024609375
6 0.8232638888888889 0.9208984375 0.3215277777777778 0.024609375
206 0.5 0.806640625 1.0 0.25546875
5 0.5 0.4671875 1.0 0.934375
52 0.0 0.058203125 0.0 0.0
52 0.12118055555555556 0.1115234375 0.12152777777777778 0.068359375
52 0.12152777777777778 0.19765625 0.11666666666666667 0.065625
8 0.12152777777777778 0.1498046875 0.24305555555555555 0.183203125
