43 0.0 0.0328125 0.0 0.0
43 0.24965277777777778 0.15859375 0.13680555555555557 0.0984375
16 0.25 0.15859375 0.5 0.0984375
43 0.75 0.15859375 0.14722222222222223 0.0984375
16 0.75 0.15859375 0.5 0.0984375
1120 0.5 0.15859375 1.0 0.0984375
50 0.0 0.109375 0.0 0.0
16 0.5 0.209375 1.0 0.0
19 0.5 0.571875 0.18472222222222223 0.10390625
1121 0.5 0.571875 1.0 0.725
43 0.0 0.209375 0.0 0.0
1123 0.0875 0.258984375 0.175 0.0984375
43 0.5680555555555555 0.273828125 0.7083333333333334 0.02578125
16 0.5 0.258984375 1.0 0.0984375
1123 0.0875 0.3578125 0.175 0.0984375
21 0.0 0.30859375 0.0 0.0
43 0.5680555555555555 0.37265625 0.7083333333333334 0.02578125
16 0.5 0.3578125 1.0 0.0984375
19 0.0 0.407421875 0.0 0.0
50 0.5 0.407421875 1.0 0.0
16 0.0 0.571875 0.0 0.725
16 0.0 0.258984375 0.0 0.0984375
34 0.5 0.48359375 1.0 0.9015625
6 0.8979166666666667 0.876953125 0.20416666666666666 0.11484375
8 0.5 0.876953125 1.0 0.11484375
1124 0.09722222222222222 0.095703125 0.11666666666666667 0.065625
45 0.99375 0.0708984375 0.0 0.074609375
7 0.3402777777777778 0.0701171875 0.37916666666666665 0.036328125
80 0.5 0.07109375 1.0 0.0765625
43 0.43020833333333336 0.0955078125 0.5493055555555556 0.027734375
8 0.3524305555555556 0.095703125 0.7048611111111112 0.12578125
43 0.3524305555555556 0.1943359375 0.7048611111111112 0.071484375
21 0.06805555555555555 0.26640625 0.058333333333333334 0.0328125
43 0.4204861111111111 0.2666015625 0.4909722222222222 0.027734375
43 0.175 0.252734375 0.0 0.0
50 0.3524305555555556 0.26640625 0.7048611111111112 0.07109375
21 0.06805555555555555 0.3375 0.058333333333333334 0.0328125
43 0.4204861111111111 0.3376953125 0.4909722222222222 0.027734375
43 0.4204861111111111 0.3865234375 0.4909722222222222 0.048046875
50 0.3524305555555556 0.3658203125 0.7048611111111112 0.127734375
50 0.3524305555555556 0.466015625 0.7048611111111112 0.07109375
21 0.06805555555555555 0.466015625 0.058333333333333334 0.0328125
43 0.4204861111111111 0.4662109375 0.4909722222222222 0.027734375
43 0.175 0.45234375 0.0 0.0
21 0.06805555555555555 0.537109375 0.058333333333333334 0.0328125
43 0.4204861111111111 0.5373046875 0.4909722222222222 0.027734375
43 0.175 0.5234375 0.0 0.0
50 0.3524305555555556 0.537109375 0.7048611111111112 0.07109375
21 0.06805555555555555 0.608203125 0.058333333333333334 0.0328125
43 0.4204861111111111 0.6083984375 0.4909722222222222 0.027734375
43 0.175 0.59453125 0.0 0.0
50 0.3524305555555556 0.608203125 0.7048611111111112 0.07109375
21 0.06805555555555555 0.679296875 0.058333333333333334 0.0328125
43 0.4204861111111111 0.6794921875 0.4909722222222222 0.027734375
43 0.175 0.665625 0.0 0.0
50 0.3524305555555556 0.679296875 0.7048611111111112 0.07109375
21 0.06805555555555555 0.750390625 0.058333333333333334 0.0328125
43 0.4204861111111111 0.7505859375 0.4909722222222222 0.027734375
43 0.175 0.73671875 0.0 0.0
50 0.3524305555555556 0.750390625 0.7048611111111112 0.07109375
16 0.3524305555555556 0.5083984375 0.7048611111111112 0.555078125
16 0.3524305555555556 0.409375 0.7048611111111112 0.753125
1122 0.3524305555555556 0.48359375 0.7048611111111112 0.9015625
4 0.5 0.9671875 1.0 0.065625
4 0.5 0.01640625 1.0 0.0328125
5 0.5 0.5 1.0 1.0
