1067 0.0 0.0328125 0.0 0.0
7 0.20694444444444443 0.0708984375 0.12222222222222222 0.036328125
52 0.06805555555555555 0.07109375 0.1361111111111111 0.0765625
45 1.0 0.07109375 0.0 0.0765625
118 0.5 0.0984375 1.0 0.13125
127 0.05694444444444444 0.13671875 0.11388888888888889 0.0546875
38 0.11388888888888889 0.109375 0.0 0.0
43 0.3388888888888889 0.13671875 0.3527777777777778 0.02578125
127 0.3388888888888889 0.13671875 0.45 0.0546875
38 0.5638888888888889 0.109375 0.0 0.0
43 0.7392361111111111 0.13671875 0.2534722222222222 0.02578125
127 0.7392361111111111 0.13671875 0.3506944444444444 0.0546875
128 0.45729166666666665 0.13671875 0.9145833333333333 0.0546875
1068 0.0 0.5150390625 0.0 0.701953125
1125 0.0 0.412109375 0.0 0.49609375
1126 0.5 0.5150390625 1.0 0.701953125
1127 0.2517361111111111 0.2826171875 0.4895833333333333 0.229296875
1128 0.2517361111111111 0.2396484375 0.4895833333333333 0.143359375
43 0.2517361111111111 0.354296875 0.4895833333333333 0.0859375
1127 0.7482638888888888 0.2826171875 0.4895833333333333 0.229296875
1128 0.7482638888888888 0.2396484375 0.4895833333333333 0.143359375
43 0.7482638888888888 0.354296875 0.4895833333333333 0.0859375
1127 0.2517361111111111 0.5158203125 0.4895833333333333 0.229296875
1128 0.2517361111111111 0.4728515625 0.4895833333333333 0.143359375
43 0.2517361111111111 0.5875 0.4895833333333333 0.0859375
1127 0.7482638888888888 0.5158203125 0.4895833333333333 0.229296875
1128 0.7482638888888888 0.4728515625 0.4895833333333333 0.143359375
43 0.7482638888888888 0.5875 0.4895833333333333 0.0859375
1127 0.2517361111111111 0.7490234375 0.4895833333333333 0.229296875
1128 0.2517361111111111 0.7060546875 0.4895833333333333 0.143359375
43 0.2517361111111111 0.820703125 0.4895833333333333 0.0859375
1127 0.7482638888888888 0.7490234375 0.4895833333333333 0.229296875
1128 0.7482638888888888 0.7060546875 0.4895833333333333 0.143359375
43 0.7482638888888888 0.820703125 0.4895833333333333 0.0859375
1127 0.2517361111111111 0.866796875 0.4895833333333333 0.0015625
1127 0.7482638888888888 0.866796875 0.4895833333333333 0.0015625
194 0.5 0.150390625 0.0 0.02734375
34 0.5 0.48359375 1.0 0.9015625
195 0.5 0.9001953125 0.7777777777777778 0.068359375
295 0.5 0.9001953125 1.0 0.068359375
5 0.5 0.5 1.0 1.0
4 0.5 0.9671875 1.0 0.065625
4 0.5 0.01640625 1.0 0.0328125
