17 0.0 0.0 0.0 0.0
7 0.3038194444444444 0.0708984375 0.25763888888888886 0.036328125
52 0.06805555555555555 0.07109375 0.1361111111111111 0.0765625
22 0.9416666666666667 0.07109375 0.11666666666666667 0.065625
80 0.5 0.07109375 1.0 0.0765625
19 0.5 0.521875 0.18472222222222223 0.10390625
38 0.5 0.3265625 0.14583333333333334 0.08203125
43 0.5 0.4296875 0.7583333333333333 0.0296875
43 0.46041666666666664 0.4765625 0.1375 0.02578125
38 0.578125 0.4763671875 0.04375 0.024609375
16 0.5 0.4765625 0.7583333333333333 0.0421875
43 0.5 0.583984375 0.6805555555555556 0.13984375
38 0.20104166666666667 0.6716796875 0.04375 0.024609375
43 0.3003472222222222 0.673046875 0.15486111111111112 0.03828125
16 0.5 0.673046875 0.6805555555555556 0.03828125
43 0.5 0.7578125 0.7583333333333333 0.065625
1129 0.5 0.5216796875 0.7583333333333333 0.537890625
1130 0.5 0.521875 0.8833333333333333 0.825
1130 0.9708333333333333 0.521875 0.058333333333333334 0.825
38 0.0 0.109375 0.0 0.0
34 0.5 0.4671875 1.0 0.934375
38 0.3402777777777778 0.109375 0.6805555555555556 0.21875
38 0.11666666666666667 0.10703125 0.15555555555555556 0.0875
43 0.1798611111111111 0.0755859375 0.029166666666666667 0.024609375
43 0.3597222222222222 0.18203125 0.6416666666666667 0.0296875
43 0.0 0.06328125 0.0 0.0
82 0.3402777777777778 0.2625 0.6805555555555556 0.065625
50 0.6416666666666667 0.2625 0.0 0.065625
82 0.3402777777777778 0.328125 0.6805555555555556 0.065625
16 0.6270833333333333 0.328125 0.029166666666666667 0.065625
82 0.3402777777777778 0.39375 0.6805555555555556 0.065625
50 0.6416666666666667 0.39375 0.0 0.065625
82 0.3402777777777778 0.459375 0.6805555555555556 0.065625
50 0.6416666666666667 0.459375 0.0 0.065625
82 0.3402777777777778 0.525 0.6805555555555556 0.065625
50 0.6416666666666667 0.525 0.0 0.065625
82 0.3402777777777778 0.590625 0.6805555555555556 0.065625
50 0.6416666666666667 0.590625 0.0 0.065625
113 0.3402777777777778 0.4671875 0.6805555555555556 0.934375
4 0.5 0.9671875 1.0 0.065625
5 0.5 0.5 1.0 1.0
