19 0.5 0.51640625 0.11666666666666667 0.065625
455 0.5 0.51640625 1.0 0.8359375
1131 0.5 0.1361328125 1.0 0.075390625
1132 0.1954861111111111 0.2001953125 0.36736111111111114 0.039453125
1133 0.9673611111111111 0.1921875 0.041666666666666664 0.0234375
8 0.5 0.2001953125 0.9763888888888889 0.039453125
1134 0.21770833333333334 0.3458984375 0.39375 0.221484375
1135 0.020833333333333332 0.23515625 0.0 0.0
1136 0.7149305555555555 0.27578125 0.5465277777777777 0.09140625
1137 0.7149305555555555 0.3416015625 0.5465277777777777 0.040234375
1138 0.7149305555555555 0.3814453125 0.5465277777777777 0.039453125
1139 0.5541666666666667 0.4142578125 0.225 0.026171875
1131 0.7298611111111111 0.4212890625 0.12638888888888888 0.040234375
1140 0.6173611111111111 0.4212890625 0.35138888888888886 0.040234375
1141 0.7149305555555555 0.4986328125 0.5465277777777777 0.033984375
8 0.7149305555555555 0.3728515625 0.5465277777777777 0.285546875
1142 0.5 0.348046875 0.9944444444444445 0.3453125
1132 0.1954861111111111 0.5470703125 0.36736111111111114 0.039453125
1133 0.9673611111111111 0.5390625 0.041666666666666664 0.0234375
8 0.5 0.5470703125 0.9763888888888889 0.039453125
1134 0.21770833333333334 0.6927734375 0.39375 0.221484375
1135 0.020833333333333332 0.58203125 0.0 0.0
1136 0.7149305555555555 0.62265625 0.5465277777777777 0.09140625
1137 0.7149305555555555 0.6884765625 0.5465277777777777 0.040234375
1138 0.7149305555555555 0.7283203125 0.5465277777777777 0.039453125
1140 0.6024305555555556 0.7681640625 0.3215277777777778 0.040234375
1131 0.7149305555555555 0.7681640625 0.09652777777777778 0.040234375
1141 0.7149305555555555 0.8455078125 0.5465277777777777 0.033984375
8 0.7149305555555555 0.7197265625 0.5465277777777777 0.285546875
1142 0.5 0.694921875 0.9944444444444445 0.3453125
1132 0.011805555555555555 0.87421875 0.0 0.0
1133 0.9673611111111111 0.8859375 0.041666666666666664 0.0234375
1142 0.5 0.9017578125 0.9944444444444445 0.065234375
1134 0.21770833333333334 0.9236328125 0.39375 0.021484375
1135 0.020833333333333332 0.912890625 0.0 0.0
1136 0.7149305555555555 0.92109375 0.5465277777777777 0.0265625
1137 0.7149305555555555 0.966796875 0.5465277777777777 0.06484375
1143 0.44166666666666665 0.9078125 0.0 0.0
7 0.17118055555555556 0.1421875 0.10486111111111111 0.02734375
8 0.17152777777777778 0.1421875 0.3416666666666667 0.0875
7 0.17118055555555556 0.230078125 0.13819444444444445 0.02734375
8 0.17152777777777778 0.230078125 0.3416666666666667 0.0875
7 0.17118055555555556 0.31796875 0.16319444444444445 0.02734375
8 0.17152777777777778 0.31796875 0.3416666666666667 0.0875
7 0.17118055555555556 0.405859375 0.09097222222222222 0.02734375
8 0.17152777777777778 0.405859375 0.3416666666666667 0.0875
7 0.17152777777777778 0.49375 0.12916666666666668 0.02734375
8 0.17152777777777778 0.49375 0.3416666666666667 0.0875
10 0.17152777777777778 0.51640625 0.3416666666666667 0.8359375
4 0.34375 0.51640625 0.002777777777777778 0.8359375
16 0.6722222222222223 0.155859375 0.5763888888888888 0.0
7 0.3840277777777778 0.128515625 0.0 0.0
8 0.6722222222222223 0.1421875 0.6541666666666667 0.0875
16 0.6722222222222223 0.24375 0.5763888888888888 0.0
7 0.3840277777777778 0.21640625 0.0 0.0
8 0.6722222222222223 0.230078125 0.6541666666666667 0.0875
16 0.6722222222222223 0.331640625 0.5763888888888888 0.0
7 0.3840277777777778 0.304296875 0.0 0.0
8 0.6722222222222223 0.31796875 0.6541666666666667 0.0875
4 0.6722222222222223 0.37578125 0.6541666666666667 0.0
16 0.6722222222222223 0.447265625 0.5763888888888888 0.0
7 0.3840277777777778 0.419921875 0.0 0.0
8 0.6722222222222223 0.43359375 0.6541666666666667 0.0875
16 0.6722222222222223 0.53515625 0.5763888888888888 0.0
7 0.3840277777777778 0.5078125 0.0 0.0
8 0.6722222222222223 0.521484375 0.6541666666666667 0.0875
16 0.6722222222222223 0.623046875 0.5763888888888888 0.0
7 0.3840277777777778 0.595703125 0.0 0.0
8 0.6722222222222223 0.609375 0.6541666666666667 0.0875
7 0.3840277777777778 0.68359375 0.0 0.0
16 0.6722222222222223 0.7109375 0.5763888888888888 0.0
8 0.6722222222222223 0.697265625 0.6541666666666667 0.0875
16 0.6722222222222223 0.798828125 0.5763888888888888 0.0
7 0.3840277777777778 0.771484375 0.0 0.0
8 0.6722222222222223 0.78515625 0.6541666666666667 0.0875
16 0.6722222222222223 0.88671875 0.5763888888888888 0.0
7 0.3840277777777778 0.859375 0.0 0.0
8 0.6722222222222223 0.873046875 0.6541666666666667 0.0875
16 0.6722222222222223 0.9408203125 0.5763888888888888 0.012890625
7 0.3840277777777778 0.9408203125 0.0 0.012890625
35 0.6722222222222223 0.51640625 0.6541666666666667 0.8359375
57 0.0 0.0328125 0.0 0.0
54 0.06875 0.065625 0.09722222222222222 0.065625
820 0.2902777777777778 0.0328125 0.0 0.0
16 0.35833333333333334 0.065625 0.1361111111111111 0.065625
16 0.49930555555555556 0.065625 0.14583333333333334 0.065625
8 0.6451388888888889 0.065625 0.14583333333333334 0.065625
8 0.7909722222222222 0.065625 0.14583333333333334 0.065625
143 0.9319444444444445 0.065625 0.1361111111111111 0.065625
55 0.6451388888888889 0.065625 0.7097222222222223 0.065625
56 0.5 0.065625 1.0 0.065625
56 0.0 0.0 0.0 0.0
53 0.5 0.4671875 1.0 0.934375
