6 0.059027777777777776 0.1421875 0.08888888888888889 0.07109375
16 0.5517361111111111 0.1421875 0.8673611111111111 0.07109375
16 0.5 0.1421875 1.0 0.0875
16 0.5 0.51640625 1.0 0.8359375
57 0.0 0.0328125 0.0 0.0
54 0.06875 0.065625 0.09722222222222222 0.065625
16 0.234375 0.0654296875 0.23402777777777778 0.033203125
7 0.11736111111111111 0.048828125 0.0 0.0
16 0.1857638888888889 0.065625 0.33125 0.065625
143 0.7958333333333333 0.065625 0.1361111111111111 0.065625
143 0.9319444444444445 0.065625 0.1361111111111111 0.065625
56 0.5 0.065625 1.0 0.065625
56 0.0 0.0 0.0 0.0
53 0.5 0.4671875 1.0 0.934375
