17 0.0 0.0328125 0.0 0.0
7 0.2552083333333333 0.0708984375 0.21875 0.036328125
52 0.06805555555555555 0.07109375 0.1361111111111111 0.0765625
22 0.825 0.07109375 0.11666666666666667 0.065625
22 0.9416666666666667 0.07109375 0.11666666666666667 0.065625
118 0.5 0.10390625 1.0 0.1421875
957 0.0 0.109375 0.0 0.0
1144 0.16666666666666666 0.1421875 0.125 0.02578125
1145 0.16666666666666666 0.1421875 0.3333333333333333 0.065625
957 0.3333333333333333 0.109375 0.0 0.0
1144 0.4996527777777778 0.1421875 0.09652777777777778 0.02578125
1145 0.5 0.1421875 0.3333333333333333 0.065625
957 0.6666666666666666 0.109375 0.0 0.0
1144 0.8329861111111111 0.1421875 0.13958333333333334 0.02578125
1145 0.8333333333333334 0.1421875 0.3333333333333333 0.065625
164 0.5 0.1421875 1.0 0.065625
1146 0.5 0.2056640625 1.0 0.047265625
1146 0.5 0.279296875 0.7555555555555555 0.02578125
957 0.06076388888888889 0.2791015625 0.12152777777777778 0.068359375
957 0.9513888888888888 0.2640625 0.09722222222222222 0.0546875
8 0.5 0.2642578125 1.0 0.069921875
19 0.5 0.6203125 0.11666666666666667 0.065625
1146 0.09340277777777778 0.3580078125 0.13680555555555557 0.047265625
1146 0.25555555555555554 0.3580078125 0.1388888888888889 0.036328125
1146 0.16180555555555556 0.326171875 0.0 0.0
16 0.5013888888888889 0.3580078125 0.6791666666666667 0.063671875
957 0.9079861111111112 0.3580078125 0.08541666666666667 0.048046875
41 0.5 0.3580078125 0.975 0.089453125
1146 0.09340277777777778 0.4705078125 0.13680555555555557 0.047265625
1146 0.2722222222222222 0.4556640625 0.17222222222222222 0.036328125
1146 0.2604166666666667 0.50234375 0.1486111111111111 0.0296875
16 0.5013888888888889 0.4705078125 0.6791666666666667 0.093359375
957 0.9079861111111112 0.4705078125 0.08541666666666667 0.048046875
41 0.5 0.4705078125 0.975 0.107421875
1146 0.09340277777777778 0.5830078125 0.13680555555555557 0.047265625
1146 0.2520833333333333 0.5830078125 0.13194444444444445 0.036328125
1146 0.16180555555555556 0.551171875 0.0 0.0
16 0.5013888888888889 0.5830078125 0.6791666666666667 0.063671875
957 0.9079861111111112 0.5830078125 0.08541666666666667 0.048046875
41 0.5 0.5830078125 0.975 0.089453125
1146 0.09340277777777778 0.6865234375 0.13680555555555557 0.047265625
1146 0.30486111111111114 0.6865234375 0.2375 0.036328125
1146 0.16180555555555556 0.6546875 0.0 0.0
16 0.5013888888888889 0.6865234375 0.6791666666666667 0.063671875
957 0.9079861111111112 0.6865234375 0.08541666666666667 0.048046875
41 0.5 0.6865234375 0.975 0.089453125
1146 0.09340277777777778 0.7900390625 0.13680555555555557 0.047265625
1146 0.2607638888888889 0.7900390625 0.14930555555555555 0.036328125
1146 0.16180555555555556 0.758203125 0.0 0.0
16 0.5013888888888889 0.7900390625 0.6791666666666667 0.063671875
957 0.9079861111111112 0.7900390625 0.08541666666666667 0.048046875
41 0.5 0.7900390625 0.975 0.089453125
106 0.5 0.6203125 1.0 0.628125
88 0.5 0.5546875 1.0 0.759375
16 1.0 0.444921875 0.0 0.53984375
8 1.0 0.5546875 0.0 0.759375
34 0.5 0.48359375 1.0 0.9015625
50 0.5 0.934375 1.0 0.0
957 0.315625 0.1283203125 0.1701388888888889 0.095703125
8 0.3159722222222222 0.128515625 0.6319444444444444 0.19140625
1146 0.2465277777777778 0.2791015625 0.2013888888888889 0.068359375
16 0.3159722222222222 0.2791015625 0.6319444444444444 0.068359375
1146 0.38680555555555557 0.3474609375 0.48194444444444445 0.068359375
16 0.3159722222222222 0.3474609375 0.6319444444444444 0.068359375
957 0.06076388888888889 0.4158203125 0.12152777777777778 0.068359375
1146 0.24930555555555556 0.4158203125 0.20694444444444443 0.068359375
16 0.3159722222222222 0.4158203125 0.6319444444444444 0.068359375
1146 0.26666666666666666 0.4841796875 0.24166666666666667 0.068359375
16 0.3159722222222222 0.4841796875 0.6319444444444444 0.068359375
957 0.06076388888888889 0.5525390625 0.12152777777777778 0.068359375
1146 0.2864583333333333 0.5525390625 0.28125 0.068359375
16 0.3159722222222222 0.5525390625 0.6319444444444444 0.068359375
106 0.3159722222222222 0.5896484375 0.6319444444444444 0.689453125
8 0.3159722222222222 0.48359375 0.6319444444444444 0.9015625
4 0.5 0.01640625 1.0 0.0328125
5 0.5 0.5 1.0 1.0
