128 0.0 0.0328125 0.0 0.0
22 0.8444444444444444 0.07109375 0.11666666666666667 0.065625
173 0.9513888888888888 0.07109375 0.09722222222222222 0.065625
38 0.5 0.07109375 0.9513888888888888 0.04921875
1147 0.5 0.2734375 0.9513888888888888 0.30078125
43 0.5 0.3248046875 0.8972222222222223 0.033203125
43 0.5 0.372265625 0.8972222222222223 0.06171875
1148 0.5 0.6107421875 0.9513888888888888 0.373828125
1149 0.3638888888888889 0.48671875 0.6208333333333333 0.09296875
43 0.3638888888888889 0.512890625 0.6208333333333333 0.040625
38 0.825 0.4916015625 0.24305555555555555 0.102734375
8 0.5 0.4916015625 0.8930555555555556 0.102734375
1149 0.3638888888888889 0.605859375 0.6208333333333333 0.09296875
43 0.3638888888888889 0.63203125 0.6208333333333333 0.040625
38 0.825 0.6107421875 0.24305555555555555 0.102734375
8 0.5 0.6107421875 0.8930555555555556 0.102734375
1149 0.3638888888888889 0.725 0.6208333333333333 0.09296875
43 0.3638888888888889 0.751171875 0.6208333333333333 0.040625
38 0.825 0.7298828125 0.24305555555555555 0.102734375
8 0.5 0.7298828125 0.8930555555555556 0.102734375
4 0.5 0.7984375 0.8777777777777778 0.0015625
43 0.5 0.8294921875 0.9513888888888888 0.060546875
41 0.5 0.49140625 0.9513888888888888 0.73671875
1147 0.25625 0.933984375 0.4638888888888889 0.00078125
1147 0.74375 0.933984375 0.4638888888888889 0.00078125
34 0.5 0.48359375 1.0 0.9015625
195 0.5 0.9001953125 0.7777777777777778 0.068359375
295 0.5 0.9001953125 1.0 0.068359375
5 0.5 0.5 1.0 1.0
4 0.5 0.9671875 1.0 0.065625
4 0.5 0.01640625 1.0 0.0328125
