31 0.15 0.144921875 0.0 0.0
416 0.5 0.170703125 0.5833333333333334 0.0515625
416 0.41388888888888886 0.2275390625 0.4111111111111111 0.062109375
16 0.5 0.2140625 0.7 0.13828125
412 0.5 0.5142578125 0.7 0.462109375
411 0.15 0.5142578125 0.0 0.462109375
411 0.85 0.5142578125 0.0 0.462109375
418 0.24166666666666667 0.3296875 0.11666666666666667 0.065625
418 0.7583333333333333 0.3296875 0.11666666666666667 0.065625
413 0.15 0.283203125 0.0 0.0
139 0.5 0.4833984375 0.7 0.676953125
30 0.15 0.7453125 0.0 0.0
158 0.328125 0.81640625 0.29791666666666666 0.0
30 0.5711805555555556 0.78359375 0.18819444444444444 0.065625
30 0.7430555555555556 0.78359375 0.15555555555555556 0.065625
278 0.5 0.78359375 0.7 0.0765625
5 0.5 0.4833984375 0.7777777777777778 0.720703125
