120 0.1 0.1453125 0.0 0.0
6 0.13645833333333332 0.1662109375 0.07291666666666667 0.033203125
1150 0.5364583333333334 0.1662109375 0.7270833333333333 0.033203125
6 0.13645833333333332 0.21875 0.07291666666666667 0.0515625
1150 0.5364583333333334 0.21875 0.7020833333333333 0.0515625
1150 0.17291666666666666 0.19296875 0.0 0.0
6 0.13645833333333332 0.2712890625 0.07291666666666667 0.033203125
1150 0.5364583333333334 0.2712890625 0.7270833333333333 0.033203125
6 0.13645833333333332 0.323828125 0.07291666666666667 0.0515625
1150 0.5364583333333334 0.323828125 0.7020833333333333 0.0515625
1150 0.17291666666666666 0.298046875 0.0 0.0
16 0.5 0.249609375 0.8 0.20859375
446 0.5 0.4833984375 0.8 0.676171875
