17 0.0 0.0328125 0.0 0.0
43 0.175 0.0708984375 0.0 0.036328125
38 0.9392361111111112 0.0708984375 0.07291666666666667 0.041015625
38 0.8420138888888888 0.0708984375 0.07291666666666667 0.041015625
38 0.671875 0.0708984375 0.07291666666666667 0.041015625
8 0.5875 0.0708984375 0.825 0.055078125
44 0.06805555555555555 0.07109375 0.1361111111111111 0.0765625
45 1.0 0.07109375 0.0 0.0765625
80 0.5 0.07109375 1.0 0.0765625
1151 0.25 0.245703125 0.5 0.27265625
38 0.0 0.105078125 0.0 0.00859375
1151 0.75 0.245703125 0.5 0.27265625
38 0.5 0.105078125 0.0 0.00859375
1151 0.25 0.52265625 0.5 0.28125
38 0.0 0.38203125 0.0 0.0
1151 0.75 0.52265625 0.5 0.28125
38 0.5 0.38203125 0.0 0.0
1151 0.25 0.798828125 0.5 0.27109375
38 0.0 0.66328125 0.0 0.0
1151 0.75 0.798828125 0.5 0.27109375
38 0.5 0.66328125 0.0 0.0
34 0.5 0.48359375 1.0 0.9015625
19 0.5 0.521875 0.11666666666666667 0.065625
5 0.5 0.5 1.0 1.0
4 0.5 0.9671875 1.0 0.065625
4 0.5 0.01640625 1.0 0.0328125
