6 0.17083333333333334 0.0984375 0.09722222222222222 0.0546875
7 0.36319444444444443 0.0859375 0.20972222222222223 0.0296875
7 0.4204861111111111 0.1119140625 0.32430555555555557 0.022265625
16 0.5680555555555555 0.0970703125 0.6194444444444445 0.051953125
16 0.5 0.0984375 0.7555555555555555 0.0875
16 0.5 0.1998046875 0.7555555555555555 0.049609375
6 0.15138888888888888 0.257421875 0.058333333333333334 0.0328125
6 0.8486111111111111 0.257421875 0.058333333333333334 0.0328125
7 0.41875 0.25390625 0.41805555555555557 0.02578125
7 0.20972222222222223 0.241015625 0.0 0.0
16 0.5 0.25390625 0.5805555555555556 0.02578125
8 0.5 0.257421875 0.7555555555555555 0.065625
7 0.5 0.3287109375 0.7555555555555555 0.076953125
16 0.5 0.2546875 0.7555555555555555 0.225
785 0.5 0.49453125 0.8722222222222222 0.7046875
114 0.5763888888888888 0.871484375 0.21388888888888888 0.04921875
114 0.7902777777777777 0.871484375 0.21388888888888888 0.04921875
8 0.5 0.871484375 0.8722222222222222 0.04921875
16 0.5 0.48359375 0.8722222222222222 0.8578125
0 0.06388888888888888 0.0546875 0.0 0.0
5 0.5 0.48359375 0.95 0.9015625
