17 0.0 0.0328125 0.0 0.0
43 0.12777777777777777 0.0708984375 0.17777777777777778 0.036328125
22 0.590625 0.07109375 0.11875 0.065625
22 0.7083333333333334 0.07109375 0.11666666666666667 0.065625
22 0.825 0.07109375 0.11666666666666667 0.065625
22 0.9416666666666667 0.07109375 0.11666666666666667 0.065625
45 0.765625 0.07109375 0.46875 0.0765625
118 0.5 0.109375 1.0 0.153125
38 0.0 0.109375 0.0 0.0
43 0.25 0.14765625 0.15138888888888888 0.02578125
127 0.25 0.14765625 0.5 0.0765625
38 0.5 0.109375 0.0 0.0
43 0.7496527777777777 0.14765625 0.17430555555555555 0.02578125
127 0.75 0.14765625 0.5 0.0765625
128 0.5 0.14765625 1.0 0.0765625
38 0.15868055555555555 0.2640625 0.2590277777777778 0.13359375
600 0.15868055555555555 0.3501953125 0.29791666666666666 0.027734375
600 0.6392361111111111 0.226953125 0.6631944444444444 0.0703125
43 0.3076388888888889 0.191796875 0.0 0.0
600 0.6392361111111111 0.2873046875 0.6631944444444444 0.047265625
43 0.3076388888888889 0.263671875 0.0 0.0
600 0.6392361111111111 0.334765625 0.6631944444444444 0.04765625
8 0.6489583333333333 0.2806640625 0.6826388888888889 0.177734375
38 0.9902777777777778 0.191796875 0.0 0.0
41 0.5 0.2806640625 0.9902777777777778 0.186328125
38 0.1684027777777778 0.54140625 0.27847222222222223 0.27578125
600 0.1684027777777778 0.718359375 0.3173611111111111 0.02734375
41 0.1684027777777778 0.5578125 0.32708333333333334 0.36796875
38 0.1684027777777778 0.8173828125 0.27847222222222223 0.131640625
600 0.1684027777777778 0.90234375 0.3173611111111111 0.02734375
41 0.1684027777777778 0.8337890625 0.32708333333333334 0.183984375
16 0.1684027777777778 0.6498046875 0.33125 0.551953125
38 0.4996527777777778 0.4494140625 0.27847222222222223 0.131640625
600 0.4996527777777778 0.534375 0.3173611111111111 0.02734375
41 0.4996527777777778 0.4658203125 0.32708333333333334 0.183984375
38 0.4996527777777778 0.6333984375 0.27847222222222223 0.131640625
600 0.4996527777777778 0.718359375 0.3173611111111111 0.02734375
41 0.4996527777777778 0.6498046875 0.32708333333333334 0.183984375
38 0.4996527777777778 0.8173828125 0.27847222222222223 0.131640625
600 0.4996527777777778 0.90234375 0.3173611111111111 0.02734375
41 0.4996527777777778 0.8337890625 0.32708333333333334 0.183984375
16 0.4996527777777778 0.6498046875 0.33125 0.551953125
38 0.8309027777777778 0.4494140625 0.27847222222222223 0.131640625
600 0.8309027777777778 0.534375 0.3173611111111111 0.02734375
41 0.8309027777777778 0.4658203125 0.32708333333333334 0.183984375
38 0.8309027777777778 0.725390625 0.27847222222222223 0.27578125
600 0.8309027777777778 0.90234375 0.3173611111111111 0.02734375
41 0.8309027777777778 0.741796875 0.32708333333333334 0.36796875
16 0.8309027777777778 0.6498046875 0.33125 0.551953125
16 0.5 0.6498046875 0.9944444444444445 0.551953125
38 0.1684027777777778 0.944921875 0.27847222222222223 0.02109375
600 0.3076388888888889 0.930078125 0.0 0.0
43 0.6392361111111111 0.9322265625 0.6631944444444444 0.004296875
38 0.9722222222222222 0.9322265625 0.03611111111111111 0.004296875
41 0.5 0.930078125 0.9902777777777778 0.00859375
38 0.4996527777777778 0.9349609375 0.27847222222222223 0.001171875
38 0.8309027777777778 0.9349609375 0.27847222222222223 0.001171875
41 0.0 0.1859375 0.0 0.0
111 0.5 0.56015625 1.0 0.7484375
111 1.0 0.56015625 0.0 0.7484375
43 1.0 0.601171875 0.0 0.1109375
38 1.0 0.7931640625 0.0 0.282421875
38 0.21875 0.7931640625 0.4375 0.282421875
32 0.8930555555555556 0.87421875 0.0 0.0
38 0.4996527777777778 0.4833984375 0.6493055555555556 0.116796875
16 0.5 0.4833984375 1.0 0.116796875
16 0.5 0.78671875 0.9222222222222223 0.021875
34 0.5 0.48359375 1.0 0.9015625
4 0.5 0.9671875 1.0 0.065625
4 0.5 0.01640625 1.0 0.0328125
5 0.5 0.5 1.0 1.0
