50 0.0 0.0328125 0.0 0.0
897 0.5 0.48359375 1.0 0.9015625
114 0.05659722222222222 0.0669921875 0.06458333333333334 0.036328125
7 0.5 0.066796875 0.4861111111111111 0.0359375
114 0.9309027777777777 0.0669921875 0.06458333333333334 0.036328125
8 0.5 0.0669921875 1.0 0.068359375
8 0.5 0.1421875 1.0 0.08203125
8 0.0 0.101171875 0.0 0.0
8 0.0 0.183203125 0.0 0.0
7 0.19444444444444445 0.2115234375 0.31527777777777777 0.026171875
7 0.06458333333333334 0.2361328125 0.05555555555555555 0.023046875
8 0.25 0.223046875 0.5 0.0796875
7 0.6340277777777777 0.2115234375 0.21944444444444444 0.026171875
7 0.5739583333333333 0.2361328125 0.09930555555555555 0.023046875
6 0.9340277777777778 0.2203125 0.058333333333333334 0.03828125
8 0.75 0.223046875 0.5 0.0796875
8 0.5 0.2234375 1.0 0.08046875
4 0.5 0.26328125 1.0 0.00078125
10 0.5 0.475390625 1.0 0.7484375
7 0.4270833333333333 0.2033203125 0.8541666666666666 0.067578125
8 0.5 0.8919921875 1.0 0.084765625
6 0.09965277777777778 0.8837890625 0.10208333333333333 0.057421875
7 0.09965277777777778 0.919140625 0.05763888888888889 0.01640625
8 0.10347222222222222 0.890625 0.20694444444444443 0.0875
6 0.29965277777777777 0.8837890625 0.10208333333333333 0.057421875
7 0.29965277777777777 0.919140625 0.05486111111111111 0.01640625
8 0.3 0.890625 0.21388888888888888 0.0875
6 0.4996527777777778 0.8837890625 0.10208333333333333 0.057421875
7 0.5 0.919140625 0.05138888888888889 0.01640625
8 0.5 0.890625 0.21388888888888888 0.0875
6 0.6996527777777778 0.8837890625 0.10208333333333333 0.057421875
7 0.6996527777777778 0.919140625 0.03263888888888889 0.01640625
8 0.7 0.890625 0.21388888888888888 0.0875
6 0.8996527777777777 0.8837890625 0.10208333333333333 0.057421875
7 0.9 0.919140625 0.05277777777777778 0.01640625
8 0.8965277777777778 0.890625 0.20694444444444443 0.0875
4 0.5 0.9671875 1.0 0.065625
4 0.5 0.01640625 1.0 0.0328125
5 0.5 0.5 1.0 1.0
