36 0.0 0.0328125 0.0 0.0
38 0.9232638888888889 0.1376953125 0.05625 0.031640625
43 0.46458333333333335 0.175390625 0.8319444444444445 0.10703125
8 0.5 0.175390625 0.9611111111111111 0.13984375
38 0.0 0.2453125 0.0 0.0
43 0.25 0.27265625 0.1736111111111111 0.02578125
26 0.25 0.27265625 0.5 0.0546875
38 0.5 0.2453125 0.0 0.0
7 0.7097222222222223 0.272265625 0.16527777777777777 0.02578125
6 0.8399305555555555 0.2724609375 0.06597222222222222 0.037109375
26 0.75 0.27265625 0.5 0.0546875
1156 0.5 0.27265625 1.0 0.0546875
38 0.5 0.630859375 1.0 0.60703125
194 0.5 0.286328125 0.0 0.02734375
38 0.0 0.3 0.0 0.0
43 0.5 0.6171875 0.4305555555555556 0.0421875
38 1.0 0.630859375 0.0 0.60703125
38 1.0 0.3 0.0 0.0
42 0.5 0.48359375 1.0 0.9015625
44 0.06805555555555555 0.063671875 0.1361111111111111 0.06171875
43 0.5 0.063671875 0.29583333333333334 0.06171875
45 1.0 0.063671875 0.0 0.06171875
46 0.5 0.063671875 1.0 0.06171875
5 0.5 0.5 1.0 1.0
4 0.5 0.9671875 1.0 0.065625
4 0.5 0.01640625 1.0 0.0328125
