120 0.0 0.0 0.0 0.0
7 0.5097222222222222 0.0708984375 0.7472222222222222 0.036328125
7 0.1361111111111111 0.1216796875 0.0 0.036328125
165 0.9416666666666667 0.07109375 0.11666666666666667 0.065625
52 0.06805555555555555 0.07109375 0.1361111111111111 0.0765625
80 0.5 0.1216796875 1.0 0.177734375
7 0.20104166666666667 0.1458984375 0.29930555555555555 0.045703125
7 0.5003472222222223 0.1458984375 0.29930555555555555 0.045703125
7 0.7993055555555556 0.1458984375 0.2986111111111111 0.045703125
16 0.5 0.1458984375 0.975 0.089453125
16 0.5 0.190625 0.0 0.0
375 0.175 0.3134765625 0.24722222222222223 0.022265625
376 0.175 0.313671875 0.24722222222222223 0.24609375
375 0.5 0.3134765625 0.24722222222222223 0.022265625
376 0.5 0.313671875 0.24722222222222223 0.24609375
375 0.825 0.3134765625 0.24722222222222223 0.022265625
376 0.825 0.313671875 0.24722222222222223 0.24609375
16 0.5 0.313671875 0.975 0.24609375
177 0.5 0.473828125 0.8972222222222223 0.07421875
59 0.3440972222222222 0.5337890625 0.5854166666666667 0.045703125
114 0.23993055555555556 0.589453125 0.3770833333333333 0.065625
114 0.6885416666666667 0.589453125 0.5201388888888889 0.065625
16 0.5 0.589453125 0.8972222222222223 0.065625
114 0.5 0.660546875 0.975 0.0765625
41 0.5 0.4 0.975 0.59765625
50 0.5 0.48359375 1.0 0.9015625
179 0.5 0.4671875 1.0 0.934375
4 0.5 0.9671875 1.0 0.065625
