17 0.0 0.0 0.0 0.0
416 0.30451388888888886 0.0708984375 0.2590277777777778 0.036328125
418 0.06805555555555555 0.07109375 0.1361111111111111 0.0765625
22 0.9416666666666667 0.07109375 0.11666666666666667 0.065625
80 0.5 0.07109375 1.0 0.0765625
112 0.5 0.9001953125 1.0 0.068359375
415 0.05625 0.141015625 0.1125 0.06328125
1157 0.175 0.1421875 0.11666666666666667 0.065625
1157 0.2916666666666667 0.1421875 0.11666666666666667 0.065625
1157 0.4083333333333333 0.1421875 0.11666666666666667 0.065625
1157 0.525 0.1421875 0.11666666666666667 0.065625
1157 0.6545138888888888 0.1421875 0.1423611111111111 0.065625
1157 0.7840277777777778 0.1421875 0.11666666666666667 0.065625
1157 0.9006944444444445 0.1421875 0.11666666666666667 0.065625
1157 0.9795138888888889 0.1421875 0.04097222222222222 0.065625
1158 0.5 0.1421875 1.0 0.065625
606 1.0 0.5177734375 0.0 0.685546875
606 0.0 0.5177734375 0.0 0.685546875
1159 0.10347222222222222 0.2296875 0.19444444444444445 0.109375
1159 0.30416666666666664 0.2296875 0.19444444444444445 0.109375
1159 0.5048611111111111 0.2296875 0.19444444444444445 0.109375
1159 0.7055555555555556 0.2296875 0.19444444444444445 0.109375
1159 0.9045138888888888 0.2296875 0.1909722222222222 0.109375
1159 0.10347222222222222 0.341796875 0.19444444444444445 0.109375
1159 0.30416666666666664 0.341796875 0.19444444444444445 0.109375
1159 0.5048611111111111 0.341796875 0.19444444444444445 0.109375
1159 0.7055555555555556 0.341796875 0.19444444444444445 0.109375
1159 0.9045138888888888 0.341796875 0.1909722222222222 0.109375
1159 0.10347222222222222 0.45390625 0.19444444444444445 0.109375
1159 0.30416666666666664 0.45390625 0.19444444444444445 0.109375
1159 0.5048611111111111 0.45390625 0.19444444444444445 0.109375
1159 0.7055555555555556 0.45390625 0.19444444444444445 0.109375
1159 0.9045138888888888 0.45390625 0.1909722222222222 0.109375
1159 0.10347222222222222 0.566015625 0.19444444444444445 0.109375
1159 0.30416666666666664 0.566015625 0.19444444444444445 0.109375
1159 0.5048611111111111 0.566015625 0.19444444444444445 0.109375
1159 0.7055555555555556 0.566015625 0.19444444444444445 0.109375
1159 0.9045138888888888 0.566015625 0.1909722222222222 0.109375
1159 0.10347222222222222 0.678125 0.19444444444444445 0.109375
1159 0.30416666666666664 0.678125 0.19444444444444445 0.109375
1159 0.5048611111111111 0.678125 0.19444444444444445 0.109375
1159 0.7055555555555556 0.678125 0.19444444444444445 0.109375
1159 0.9045138888888888 0.678125 0.1909722222222222 0.109375
1159 0.10347222222222222 0.790234375 0.19444444444444445 0.109375
1159 0.30416666666666664 0.790234375 0.19444444444444445 0.109375
1159 0.5048611111111111 0.790234375 0.19444444444444445 0.109375
1159 0.7055555555555556 0.790234375 0.19444444444444445 0.109375
32 0.8930555555555556 0.800390625 0.1361111111111111 0.0765625
1159 0.10347222222222222 0.8541015625 0.19444444444444445 0.012890625
1159 0.30416666666666664 0.8541015625 0.19444444444444445 0.012890625
1159 0.5048611111111111 0.8541015625 0.19444444444444445 0.012890625
1159 0.7055555555555556 0.8541015625 0.19444444444444445 0.012890625
1159 0.9045138888888888 0.8541015625 0.1909722222222222 0.012890625
88 0.5 0.5177734375 1.0 0.685546875
416 0.0 0.109375 0.0 0.0
455 0.5 0.521875 1.0 0.825
416 0.22743055555555555 0.1408203125 0.2298611111111111 0.027734375
16 0.4222222222222222 0.141015625 0.8444444444444444 0.06328125
415 0.05625 0.205078125 0.1125 0.06328125
416 0.20902777777777778 0.2048828125 0.19305555555555556 0.027734375
16 0.4222222222222222 0.205078125 0.8444444444444444 0.06328125
415 0.05625 0.269140625 0.1125 0.06328125
416 0.22708333333333333 0.2689453125 0.22916666666666666 0.027734375
16 0.4222222222222222 0.269140625 0.8444444444444444 0.06328125
415 0.05138888888888889 0.33046875 0.10277777777777777 0.0578125
416 0.14722222222222223 0.3302734375 0.08888888888888889 0.027734375
16 0.4222222222222222 0.33046875 0.8444444444444444 0.0578125
415 0.05625 0.391796875 0.1125 0.06328125
416 0.26006944444444446 0.3916015625 0.2951388888888889 0.027734375
16 0.4222222222222222 0.391796875 0.8444444444444444 0.06328125
415 0.05625 0.455859375 0.1125 0.06328125
416 0.18888888888888888 0.4556640625 0.1527777777777778 0.027734375
16 0.4222222222222222 0.455859375 0.8444444444444444 0.06328125
415 0.05625 0.519921875 0.1125 0.06328125
416 0.16006944444444443 0.5197265625 0.09513888888888888 0.027734375
16 0.4222222222222222 0.519921875 0.8444444444444444 0.06328125
415 0.05625 0.583984375 0.1125 0.06328125
416 0.1951388888888889 0.5837890625 0.16527777777777777 0.027734375
16 0.4222222222222222 0.583984375 0.8444444444444444 0.06328125
10 0.4222222222222222 0.521875 0.8444444444444444 0.825
5 0.5 0.5 1.0 1.0
4 0.5 0.9671875 1.0 0.065625
