17 0.0 0.0328125 0.0 0.0
52 0.06805555555555555 0.07109375 0.1361111111111111 0.0765625
38 0.18125 0.0708984375 0.09027777777777778 0.042578125
1160 0.5003472222222223 0.07109375 0.11875 0.0328125
38 0.9465277777777777 0.07109375 0.058333333333333334 0.0328125
45 1.0 0.07109375 0.0 0.0765625
80 0.5 0.07109375 1.0 0.0765625
4 0.5 0.184765625 1.0 0.15078125
38 0.07743055555555556 0.3212890625 0.08125 0.045703125
1160 0.16284722222222223 0.32265625 0.15625 0.0234375
16 0.1684027777777778 0.32265625 0.27847222222222223 0.05078125
1160 0.31666666666666665 0.32265625 0.018055555555555554 0.0234375
1161 0.6541666666666667 0.32265625 0.6319444444444444 0.05078125
16 0.5 0.349609375 0.9513888888888888 0.11015625
38 0.05451388888888889 0.3751953125 0.035416666666666666 0.019921875
1160 0.159375 0.375390625 0.14930555555555555 0.0234375
16 0.1684027777777778 0.375390625 0.27847222222222223 0.053125
1160 0.31666666666666665 0.37578125 0.018055555555555554 0.0234375
1161 0.6541666666666667 0.375390625 0.6319444444444444 0.053125
16 0.5 0.375390625 0.9416666666666667 0.053125
1162 0.5 0.467578125 0.8111111111111111 0.07109375
1160 0.5 0.54296875 1.0 0.025
4 0.5 0.5841796875 0.9263888888888889 0.002734375
1160 0.5 0.61875 0.4777777777777778 0.025
38 0.0 0.109375 0.0 0.0
4 0.5 0.706640625 1.0 0.15078125
38 0.7381944444444445 0.858203125 0.45 0.1109375
34 0.5 0.48359375 1.0 0.9015625
1160 0.4378472222222222 0.25 0.8256944444444444 0.0328125
38 0.43159722222222224 0.1736328125 0.5534722222222223 0.087109375
8 0.43159722222222224 0.1927734375 0.8631944444444445 0.166796875
1160 0.23159722222222223 0.32109375 0.12986111111111112 0.0328125
8 0.43159722222222224 0.3212890625 0.8631944444444445 0.087109375
38 0.07743055555555556 0.4099609375 0.08125 0.045703125
1160 0.32013888888888886 0.409765625 0.30694444444444446 0.0328125
8 0.43159722222222224 0.4099609375 0.8631944444444445 0.087109375
38 0.07743055555555556 0.4986328125 0.08125 0.045703125
1160 0.2638888888888889 0.4984375 0.19444444444444445 0.0328125
8 0.43159722222222224 0.4986328125 0.8631944444444445 0.087109375
38 0.07743055555555556 0.5873046875 0.08125 0.045703125
1160 0.22881944444444444 0.587109375 0.12430555555555556 0.0328125
8 0.43159722222222224 0.5873046875 0.8631944444444445 0.087109375
38 0.07743055555555556 0.6759765625 0.08125 0.045703125
1160 0.2982638888888889 0.67578125 0.26319444444444445 0.0328125
8 0.43159722222222224 0.6759765625 0.8631944444444445 0.087109375
38 0.07743055555555556 0.7646484375 0.08125 0.045703125
1160 0.30104166666666665 0.764453125 0.26875 0.0328125
8 0.43159722222222224 0.7646484375 0.8631944444444445 0.087109375
38 0.07743055555555556 0.8533203125 0.08125 0.045703125
1160 0.3489583333333333 0.853125 0.3645833333333333 0.0328125
8 0.43159722222222224 0.8533203125 0.8631944444444445 0.087109375
38 0.07743055555555556 0.9267578125 0.08125 0.015234375
1160 0.27395833333333336 0.9298828125 0.21458333333333332 0.008984375
8 0.43159722222222224 0.91640625 0.8631944444444445 0.0359375
5 0.5 0.5 1.0 1.0
4 0.5 0.9671875 1.0 0.065625
4 0.5 0.01640625 1.0 0.0328125
