38 0.0 0.0328125 0.0 0.0
52 0.06805555555555555 0.07109375 0.1361111111111111 0.0765625
38 0.18125 0.0708984375 0.09027777777777778 0.042578125
1160 0.5003472222222223 0.07109375 0.3645833333333333 0.0328125
38 0.9465277777777777 0.07109375 0.058333333333333334 0.0328125
45 1.0 0.07109375 0.0 0.0765625
80 0.5 0.07109375 1.0 0.0765625
1160 0.2607638888888889 0.1537109375 0.3993055555555556 0.033203125
38 0.47152777777777777 0.1412109375 0.022222222222222223 0.008203125
1161 0.5 0.18515625 0.8777777777777778 0.0296875
172 0.13194444444444445 0.25625 0.2152777777777778 0.05703125
16 0.5 0.25625 1.0 0.05703125
1160 0.11597222222222223 0.3291015625 0.10972222222222222 0.033203125
38 0.18194444444444444 0.3166015625 0.022222222222222223 0.008203125
1161 0.5 0.360546875 0.8777777777777778 0.0296875
4 0.21458333333333332 0.41953125 0.38055555555555554 0.0015625
1160 0.5 0.41953125 0.19027777777777777 0.0328125
4 0.7850694444444445 0.41953125 0.3798611111111111 0.0015625
16 0.5 0.41953125 1.0 0.0328125
172 0.13194444444444445 0.478125 0.2152777777777778 0.05703125
16 0.5 0.478125 1.0 0.05703125
1160 0.15590277777777778 0.5509765625 0.18958333333333333 0.033203125
38 0.26180555555555557 0.5384765625 0.022222222222222223 0.008203125
1161 0.5 0.582421875 0.8777777777777778 0.0296875
1160 0.15486111111111112 0.6486328125 0.1875 0.033203125
38 0.25972222222222224 0.6361328125 0.022222222222222223 0.008203125
1161 0.5 0.680078125 0.8777777777777778 0.0296875
1160 0.146875 0.7462890625 0.17152777777777778 0.033203125
38 0.24375 0.7337890625 0.022222222222222223 0.008203125
1160 0.5 0.777734375 0.8777777777777778 0.0296875
1160 0.19166666666666668 0.82421875 0.2611111111111111 0.00625
38 0.3333333333333333 0.82421875 0.022222222222222223 0.00625
1160 0.5 0.8408203125 0.8777777777777778 0.039453125
1160 0.4996527777777778 0.86953125 0.48680555555555555 0.096875
16 0.5 0.465234375 1.0 0.71171875
145 0.0 0.109375 0.0 0.0
1162 0.5 0.877734375 0.9263888888888889 0.071875
34 0.5 0.48359375 1.0 0.9015625
8 0.0 0.1927734375 0.0 0.166796875
8 0.0 0.3212890625 0.0 0.087109375
8 0.0 0.4099609375 0.0 0.087109375
8 0.0 0.4986328125 0.0 0.087109375
8 0.0 0.5873046875 0.0 0.087109375
8 0.0 0.6759765625 0.0 0.087109375
8 0.0 0.7646484375 0.0 0.087109375
8 0.0 0.8533203125 0.0 0.087109375
8 0.0 0.91640625 0.0 0.0359375
10 0.0 0.521875 0.0 0.825
5 0.5 0.5 1.0 1.0
4 0.5 0.9671875 1.0 0.065625
4 0.5 0.01640625 1.0 0.0328125
