7 0.0 0.176953125 0.0 0.02578125
16 0.24340277777777777 0.3009765625 0.4131944444444444 0.232421875
16 0.47430555555555554 0.301171875 0.0 0.0
7 0.71875 0.224609375 0.4888888888888889 0.0796875
7 0.559375 0.286328125 0.1701388888888889 0.0296875
6 0.4986111111111111 0.328515625 0.04861111111111111 0.02734375
8 0.5961805555555556 0.328515625 0.24375 0.02734375
8 0.5 0.3009765625 0.9263888888888889 0.232421875
7 0.13680555555555557 0.459375 0.2 0.0296875
7 0.49375 0.488671875 0.9138888888888889 0.0015625
7 0.5 0.60078125 0.9263888888888889 0.184375
7 0.49375 0.72109375 0.9138888888888889 0.0015625
7 0.08298611111111111 0.755859375 0.09236111111111112 0.0296875
7 0.2 0.741015625 0.011111111111111112 0.0
7 0.3215277777777778 0.755859375 0.011111111111111112 0.0296875
7 0.5559027777777777 0.755859375 0.40902777777777777 0.0296875
7 0.07430555555555556 0.80625 0.075 0.0296875
7 0.3215277777777778 0.80625 0.011111111111111112 0.0296875
7 0.42291666666666666 0.80625 0.14305555555555555 0.0296875
7 0.16805555555555557 0.856640625 0.2625 0.0296875
7 0.3215277777777778 0.856640625 0.011111111111111112 0.0296875
7 0.4097222222222222 0.856640625 0.11666666666666667 0.0296875
8 0.39861111111111114 0.80625 0.7236111111111111 0.13046875
206 0.5 0.54921875 1.0 0.7703125
16 1.0 0.2634765625 0.0 0.198828125
6 1.0 0.1640625 0.0 0.0
206 1.0 0.54921875 0.0 0.7703125
7 1.0 0.934375 0.0 0.0
54 0.02361111111111111 0.065625 0.04722222222222222 0.065625
16 0.3857638888888889 0.065625 0.7715277777777778 0.065625
55 1.0 0.065625 0.0 0.065625
56 0.5 0.0984375 1.0 0.13125
57 0.0 0.0328125 0.0 0.0
7 0.28125 0.1310546875 0.11388888888888889 0.022265625
528 0.28125 0.13125 0.4375 0.065625
7 0.7197916666666667 0.1310546875 0.13541666666666666 0.022265625
528 0.7201388888888889 0.13125 0.4375 0.065625
407 0.5 0.13125 1.0 0.065625
53 0.5 0.4671875 1.0 0.934375
