17 0.0 0.0328125 0.0 0.0
7 0.2857638888888889 0.0708984375 0.22152777777777777 0.036328125
52 0.06805555555555555 0.07109375 0.1361111111111111 0.0765625
71 0.4670138888888889 0.07109375 0.12152777777777778 0.0765625
38 0.5413194444444445 0.07109375 0.027083333333333334 0.0765625
43 0.5892361111111111 0.07109375 0.04375 0.02578125
116 0.6520833333333333 0.07109375 0.19444444444444445 0.02578125
38 0.7628472222222222 0.07109375 0.027083333333333334 0.0765625
8 0.5913194444444444 0.07109375 0.3701388888888889 0.0765625
22 0.8444444444444444 0.07109375 0.11666666666666667 0.065625
173 0.9513888888888888 0.07109375 0.09722222222222222 0.065625
80 0.5 0.07109375 1.0 0.0765625
43 0.07291666666666667 0.1263671875 0.029166666666666667 0.018359375
16 0.07291666666666667 0.1265625 0.14583333333333334 0.034375
43 0.21840277777777778 0.1263671875 0.04097222222222222 0.018359375
43 0.3645833333333333 0.1263671875 0.041666666666666664 0.018359375
43 0.5104166666666666 0.1263671875 0.043055555555555555 0.018359375
43 0.65625 0.1263671875 0.044444444444444446 0.018359375
43 0.8020833333333334 0.1263671875 0.013888888888888888 0.018359375
16 0.8020833333333334 0.1265625 0.14583333333333334 0.034375
43 0.9479166666666666 0.1263671875 0.013888888888888888 0.018359375
16 0.9375 0.1265625 0.125 0.034375
213 0.5 0.1265625 1.0 0.034375
43 0.11527777777777778 0.1640625 0.019444444444444445 0.02578125
43 0.115625 0.184375 0.09652777777777778 0.01484375
1163 0.115625 0.171875 0.23125 0.05078125
43 0.37083333333333335 0.184375 0.12361111111111112 0.01484375
1163 0.37118055555555557 0.171875 0.23125 0.05078125
43 0.6263888888888889 0.1640625 0.03888888888888889 0.02578125
43 0.6267361111111112 0.184375 0.15486111111111112 0.01484375
1163 0.6267361111111112 0.171875 0.23125 0.05078125
43 0.8822916666666667 0.184375 0.16041666666666668 0.01484375
1163 0.8822916666666667 0.171875 0.23125 0.05078125
43 0.115625 0.248828125 0.12152777777777778 0.01484375
1163 0.115625 0.236328125 0.23125 0.05078125
43 0.37083333333333335 0.248828125 0.14305555555555555 0.01484375
1163 0.37118055555555557 0.236328125 0.23125 0.05078125
43 0.6267361111111112 0.248828125 0.14930555555555555 0.01484375
1163 0.6267361111111112 0.236328125 0.23125 0.05078125
43 0.8819444444444444 0.248828125 0.1638888888888889 0.01484375
1163 0.8822916666666667 0.236328125 0.23125 0.05078125
1163 0.115625 0.30078125 0.23125 0.05078125
38 0.37083333333333335 0.302734375 0.19444444444444445 0.0546875
16 0.5 0.2271484375 1.0 0.235546875
1164 0.0 0.346484375 0.0 0.0
43 0.8708333333333333 0.340234375 0.25833333333333336 0.009375
1164 0.0 0.3291015625 0.0 0.031640625
16 0.5 0.3576171875 1.0 0.022265625
43 0.1 0.39609375 0.2 0.02578125
43 0.9690972222222223 0.3576171875 0.06180555555555556 0.022265625
1164 0.0 0.412890625 0.0 0.0
16 0.5 0.412890625 1.0 0.0
43 0.019444444444444445 0.4888671875 0.03888888888888889 0.022265625
43 0.4996527777777778 0.4328125 0.11458333333333333 0.02578125
71 0.23159722222222223 0.4833984375 0.13402777777777777 0.075390625
71 0.365625 0.4833984375 0.13402777777777777 0.075390625
71 0.4996527777777778 0.4833984375 0.13402777777777777 0.075390625
71 0.6336805555555556 0.4833984375 0.13402777777777777 0.075390625
71 0.7677083333333333 0.4833984375 0.13402777777777777 0.075390625
16 0.4996527777777778 0.4833984375 0.6701388888888888 0.075390625
145 0.6347222222222222 0.54296875 0.07777777777777778 0.04375
43 0.7416666666666667 0.54296875 0.1361111111111111 0.02578125
145 0.8486111111111111 0.54296875 0.07777777777777778 0.04375
43 0.9253472222222222 0.54296875 0.07569444444444444 0.02578125
16 0.7795138888888888 0.54296875 0.36736111111111114 0.04375
1165 0.5 0.4888671875 1.0 0.151953125
43 0.057291666666666664 0.581640625 0.11458333333333333 0.02578125
1166 0.0 0.565234375 0.0 0.0
16 0.5 0.581640625 1.0 0.0328125
1167 0.2065972222222222 0.666796875 0.4131944444444444 0.13671875
1167 0.6440972222222222 0.666796875 0.4131944444444444 0.13671875
16 0.4253472222222222 0.666796875 0.8506944444444444 0.13671875
43 0.05625 0.751953125 0.1125 0.02578125
1168 0.0 0.76875 0.0 0.0
16 0.5 0.751953125 1.0 0.0328125
38 0.04861111111111111 0.85078125 0.09722222222222222 0.1640625
38 0.14583333333333334 0.85078125 0.09722222222222222 0.1640625
38 0.09513888888888888 0.8234375 0.04861111111111111 0.109375
38 0.24305555555555555 0.85078125 0.09722222222222222 0.1640625
1169 0.24305555555555555 0.9087890625 0.07361111111111111 0.048046875
38 0.19236111111111112 0.8234375 0.04861111111111111 0.109375
38 0.3402777777777778 0.85078125 0.09722222222222222 0.1640625
38 0.4375 0.85078125 0.09722222222222222 0.1640625
1169 0.4375 0.9087890625 0.07361111111111111 0.048046875
38 0.38680555555555557 0.8234375 0.04861111111111111 0.109375
38 0.5347222222222222 0.85078125 0.09722222222222222 0.1640625
38 0.4840277777777778 0.8234375 0.04861111111111111 0.109375
38 0.6319444444444444 0.85078125 0.09722222222222222 0.1640625
1169 0.58125 0.85078125 0.07777777777777778 0.0546875
38 0.5788194444444444 0.8439453125 0.07291666666666667 0.041015625
8 0.3402777777777778 0.85078125 0.6805555555555556 0.1640625
38 0.7291666666666666 0.85078125 0.09722222222222222 0.1640625
1168 0.6805555555555556 0.76875 0.0 0.0
38 0.8263888888888888 0.85078125 0.09722222222222222 0.1640625
38 0.7756944444444445 0.8234375 0.04861111111111111 0.109375
38 0.9861111111111112 0.85078125 0.027777777777777776 0.1640625
38 0.8729166666666667 0.8234375 0.04861111111111111 0.109375
8 0.8402777777777778 0.85078125 0.3194444444444444 0.1640625
1170 0.5 0.85078125 1.0 0.1640625
16 0.5 0.6396484375 1.0 0.589453125
4 0.5 0.9671875 1.0 0.065625
34 0.5 0.48359375 1.0 0.9015625
4 0.5 0.01640625 1.0 0.0328125
5 0.5 0.5 1.0 1.0
