8 0.0 0.0 0.0 0.0
7 0.1284722222222222 0.0765625 0.2569444444444444 0.0875
7 0.375 0.0765625 0.2638888888888889 0.0875
7 0.625 0.0765625 0.2638888888888889 0.0875
7 0.8715277777777778 0.0765625 0.2569444444444444 0.0875
107 0.5 0.0765625 1.0 0.0875
6 0.11493055555555555 0.1640625 0.0006944444444444445 0.0875
6 0.9708333333333333 0.17890625 0.0 0.0
7 0.5392361111111111 0.18046875 0.8479166666666667 0.02578125
8 0.5 0.1640625 1.0 0.0875
35 0.5 0.52734375 1.0 0.8140625
5 0.5 0.4671875 1.0 0.934375
