6 0.09722222222222222 0.1421875 0.07777777777777778 0.04375
7 0.28506944444444443 0.1421875 0.2590277777777778 0.0296875
7 0.15555555555555556 0.12734375 0.0 0.0
8 0.5583333333333333 0.1421875 0.8055555555555556 0.0296875
16 0.5 0.1421875 1.0 0.065625
6 0.09722222222222222 0.2078125 0.07777777777777778 0.04375
7 0.2899305555555556 0.2078125 0.26875 0.0296875
7 0.15555555555555556 0.19296875 0.0 0.0
8 0.5583333333333333 0.2078125 0.8055555555555556 0.0296875
16 0.5 0.2078125 1.0 0.065625
6 0.09722222222222222 0.2734375 0.07777777777777778 0.04375
7 0.31493055555555555 0.2734375 0.31875 0.0296875
7 0.15555555555555556 0.25859375 0.0 0.0
8 0.5583333333333333 0.2734375 0.8055555555555556 0.0296875
16 0.5 0.2734375 1.0 0.065625
6 0.09722222222222222 0.3390625 0.07777777777777778 0.04375
7 0.2107638888888889 0.3390625 0.11041666666666666 0.0296875
7 0.15555555555555556 0.32421875 0.0 0.0
8 0.5583333333333333 0.3390625 0.8055555555555556 0.0296875
16 0.5 0.3390625 1.0 0.065625
6 0.09722222222222222 0.4046875 0.07777777777777778 0.04375
7 0.23298611111111112 0.4046875 0.15486111111111112 0.0296875
7 0.15555555555555556 0.38984375 0.0 0.0
8 0.5583333333333333 0.4046875 0.8055555555555556 0.0296875
16 0.5 0.4046875 1.0 0.065625
6 0.09722222222222222 0.4703125 0.07777777777777778 0.04375
7 0.2857638888888889 0.4703125 0.2604166666666667 0.0296875
7 0.15555555555555556 0.45546875 0.0 0.0
8 0.5583333333333333 0.4703125 0.8055555555555556 0.0296875
16 0.5 0.4703125 1.0 0.065625
6 0.09722222222222222 0.5359375 0.07777777777777778 0.04375
7 0.21736111111111112 0.5359375 0.12361111111111112 0.0296875
7 0.15555555555555556 0.52109375 0.0 0.0
8 0.5583333333333333 0.5359375 0.8055555555555556 0.0296875
16 0.5 0.5359375 1.0 0.065625
6 0.09722222222222222 0.6015625 0.07777777777777778 0.04375
7 0.21770833333333334 0.6015625 0.12430555555555556 0.0296875
7 0.15555555555555556 0.58671875 0.0 0.0
8 0.5583333333333333 0.6015625 0.8055555555555556 0.0296875
16 0.5 0.6015625 1.0 0.065625
6 0.09722222222222222 0.6671875 0.07777777777777778 0.04375
7 0.21493055555555557 0.6671875 0.11875 0.0296875
7 0.15555555555555556 0.65234375 0.0 0.0
8 0.5583333333333333 0.6671875 0.8055555555555556 0.0296875
16 0.5 0.6671875 1.0 0.065625
6 0.09722222222222222 0.7328125 0.07777777777777778 0.04375
7 0.21319444444444444 0.7328125 0.11527777777777778 0.0296875
7 0.15555555555555556 0.71796875 0.0 0.0
8 0.5583333333333333 0.7328125 0.8055555555555556 0.0296875
16 0.5 0.7328125 1.0 0.065625
6 0.09722222222222222 0.7984375 0.07777777777777778 0.04375
7 0.26944444444444443 0.7984375 0.22777777777777777 0.0296875
7 0.15555555555555556 0.78359375 0.0 0.0
8 0.5583333333333333 0.7984375 0.8055555555555556 0.0296875
16 0.5 0.7984375 1.0 0.065625
6 0.09722222222222222 0.8640625 0.07777777777777778 0.04375
7 0.27361111111111114 0.8640625 0.2361111111111111 0.0296875
7 0.15555555555555556 0.84921875 0.0 0.0
8 0.5583333333333333 0.8640625 0.8055555555555556 0.0296875
16 0.5 0.8640625 1.0 0.065625
6 0.09722222222222222 0.92109375 0.07777777777777778 0.0265625
7 0.26145833333333335 0.924609375 0.21180555555555555 0.01953125
7 0.15555555555555556 0.91484375 0.0 0.0
8 0.5583333333333333 0.924609375 0.8055555555555556 0.01953125
16 0.5 0.915625 1.0 0.0375
16 0.5 0.521875 1.0 0.825
290 0.0 0.109375 0.0 0.0
52 0.06805555555555555 0.07109375 0.1361111111111111 0.0765625
7 0.23576388888888888 0.0708984375 0.1798611111111111 0.036328125
143 0.9416666666666667 0.07109375 0.11666666666666667 0.065625
56 0.5 0.07109375 1.0 0.0765625
57 0.0 0.0328125 0.0 0.0
53 0.5 0.4671875 1.0 0.934375
4 0.5 0.9671875 1.0 0.065625
4 0.5 0.01640625 1.0 0.0328125
