17 0.0 0.0 0.0 0.0
1171 0.24305555555555555 0.0240234375 0.21388888888888888 0.017578125
52 0.06805555555555555 0.0328125 0.1361111111111111 0.0
8 0.8347222222222223 0.0328125 0.1361111111111111 0.0
568 0.9513888888888888 0.030078125 0.09722222222222222 0.00546875
320 0.875 0.065625 0.25 0.065625
118 0.5 0.065625 1.0 0.065625
208 0.12465277777777778 0.065625 0.0798611111111111 0.02578125
320 0.125 0.065625 0.25 0.065625
1171 0.2791666666666667 0.052734375 0.0 0.0
16 0.375 0.065625 0.19166666666666668 0.02578125
320 0.375 0.065625 0.25 0.065625
418 0.5 0.0328125 0.0 0.0
208 0.625 0.065625 0.10694444444444444 0.02578125
320 0.625 0.065625 0.25 0.065625
418 0.75 0.0328125 0.0 0.0
208 0.8746527777777777 0.065625 0.07430555555555556 0.02578125
1171 0.5 0.1220703125 0.9361111111111111 0.047265625
1171 0.3798611111111111 0.0755859375 0.45555555555555555 0.045703125
1171 0.7371527777777778 0.0791015625 0.22013888888888888 0.038671875
8 0.5 0.0791015625 0.8875 0.038671875
1171 0.5 0.2158203125 0.9361111111111111 0.041796875
1171 0.11840277777777777 0.2822265625 0.17291666666666666 0.033203125
418 0.07326388888888889 0.3220703125 0.04375 0.024609375
1171 0.15694444444444444 0.3244140625 0.10416666666666667 0.029296875
1171 0.559375 0.32421875 0.7006944444444444 0.02890625
8 0.5 0.3244140625 0.8972222222222223 0.029296875
418 0.07326388888888889 0.3732421875 0.04375 0.024609375
1171 0.146875 0.3755859375 0.08402777777777778 0.029296875
1171 0.5493055555555556 0.375390625 0.7208333333333333 0.02890625
8 0.5 0.3755859375 0.8972222222222223 0.029296875
418 0.07326388888888889 0.4244140625 0.04375 0.024609375
1171 0.16180555555555556 0.4267578125 0.11388888888888889 0.029296875
1171 0.5642361111111112 0.4265625 0.6909722222222222 0.02890625
8 0.5 0.4267578125 0.8972222222222223 0.029296875
1171 0.5 0.49609375 0.9361111111111111 0.0625
41 0.5 0.3611328125 1.0 0.370703125
1171 0.5 0.5865234375 0.9361111111111111 0.041796875
418 0.9340277777777778 0.58203125 0.058333333333333334 0.0328125
418 0.5 0.7013671875 0.3402777777777778 0.102734375
1171 0.5 0.8037109375 0.6569444444444444 0.033203125
1171 0.4996527777777778 0.826953125 0.5604166666666667 0.02890625
8 0.5 0.703515625 0.9361111111111111 0.27578125
1171 0.5 0.65390625 0.9361111111111111 0.0625
41 0.5 0.703515625 1.0 0.3140625
158 0.5 0.8974609375 1.0 0.073828125
111 0.5 0.48359375 1.0 0.9015625
1171 0.5 0.1228515625 0.07361111111111111 0.029296875
88 0.0 0.23515625 0.0 0.2734375
82 0.0 0.30625 0.0 0.065625
82 0.0 0.4375 0.0 0.065625
106 0.0 0.6173828125 0.0 0.341796875
82 0.0 0.7 0.0 0.065625
1171 0.12881944444444443 0.758984375 0.25763888888888886 0.0453125
8 0.0 0.5849609375 0.0 0.406640625
1171 0.0 0.8158203125 0.0 0.055078125
106 0.0 0.89375 0.0 0.08125
106 0.0 0.51640625 0.0 0.8359375
32 0.8930555555555556 0.87421875 0.0 0.0
8 0.0 0.13125 0.0 0.2625
1171 0.0 0.215625 0.0 0.09375
82 0.0 0.503125 0.0 0.065625
82 0.0 0.56875 0.0 0.065625
82 0.0 0.634375 0.0 0.065625
113 0.0 0.4671875 0.0 0.934375
5 0.5 0.5 1.0 1.0
211 0.5 0.833203125 0.22083333333333333 0.065625
4 0.5 0.9671875 1.0 0.065625
