17 0.0 0.0328125 0.0 0.0
52 0.06805555555555555 0.0328125 0.1361111111111111 0.0
6 0.3458333333333333 0.0248046875 0.3416666666666667 0.016015625
22 0.7958333333333333 0.030078125 0.1361111111111111 0.00546875
22 0.9319444444444445 0.030078125 0.1361111111111111 0.00546875
45 0.8638888888888889 0.0328125 0.2722222222222222 0.0
80 0.5 0.0328125 1.0 0.0
1172 0.5 0.451953125 1.0 0.83828125
1173 0.8684027777777777 0.8041015625 0.1798611111111111 0.101171875
8 0.5 0.89609375 1.0 0.05
43 0.5 0.894140625 0.16944444444444445 0.03984375
38 0.4041666666666667 0.8859375 0.022222222222222223 0.0125
144 0.43472222222222223 0.9041015625 0.8694444444444445 0.060546875
38 0.934375 0.9041015625 0.04513888888888889 0.023828125
16 0.9347222222222222 0.904296875 0.13055555555555556 0.06015625
43 0.0 0.87109375 0.0 0.0
34 0.5 0.48359375 1.0 0.9015625
4 0.5 0.9671875 1.0 0.065625
5 0.5 0.5 1.0 1.0
