7 0.16666666666666666 0.1287109375 0.3333333333333333 0.060546875
7 0.5 0.1287109375 0.3333333333333333 0.060546875
7 0.8333333333333334 0.1287109375 0.3333333333333333 0.060546875
1174 0.5 0.1287109375 1.0 0.060546875
7 0.5 0.19375 0.9027777777777778 0.02578125
52 0.2951388888888889 0.248828125 0.1361111111111111 0.065625
177 0.4996527777777778 0.2490234375 0.27291666666666664 0.079296875
52 0.7041666666666667 0.248828125 0.1361111111111111 0.065625
16 0.5 0.2490234375 0.9027777777777778 0.079296875
7 0.5 0.3125 0.9027777777777778 0.02578125
52 0.2951388888888889 0.367578125 0.1361111111111111 0.065625
177 0.4996527777777778 0.3677734375 0.27291666666666664 0.079296875
52 0.7041666666666667 0.367578125 0.1361111111111111 0.065625
16 0.5 0.3677734375 0.9027777777777778 0.079296875
16 0.5 0.294140625 0.9027777777777778 0.2265625
1175 0.0 0.158984375 0.0 0.0
7 0.2743055555555556 0.44921875 0.4361111111111111 0.053125
7 0.7256944444444444 0.44921875 0.4361111111111111 0.053125
16 0.5 0.44921875 0.9027777777777778 0.06171875
10 0.5 0.7126953125 0.9027777777777778 0.443359375
455 0.5 0.51640625 1.0 0.8359375
16 1.0 0.5466796875 0.0 0.775390625
50 1.0 0.158984375 0.0 0.0
1176 0.0 0.1388671875 0.0 0.080859375
10 0.0 0.433203125 0.0 0.66953125
7 0.0 0.79609375 0.0 0.0546875
7 0.0 0.8515625 0.0 0.0546875
7 0.0 0.90703125 0.0 0.0546875
16 0.0 0.51640625 0.0 0.8359375
6 0.06875 0.065625 0.07777777777777778 0.04375
54 0.058680555555555555 0.065625 0.11736111111111111 0.065625
16 0.22256944444444443 0.0654296875 0.21041666666666667 0.033203125
7 0.11736111111111111 0.048828125 0.0 0.0
16 0.1638888888888889 0.065625 0.3277777777777778 0.065625
143 0.5236111111111111 0.065625 0.1361111111111111 0.065625
143 0.6597222222222222 0.065625 0.1361111111111111 0.065625
143 0.7958333333333333 0.065625 0.1361111111111111 0.065625
143 0.9319444444444445 0.065625 0.1361111111111111 0.065625
55 0.7277777777777777 0.065625 0.5444444444444444 0.065625
56 0.5 0.065625 1.0 0.065625
57 0.0 0.0328125 0.0 0.0
53 0.5 0.4671875 1.0 0.934375
