8 0.0 0.0328125 0.0 0.0
114 0.08263888888888889 0.0626953125 0.11666666666666667 0.041015625
8 0.5 0.062890625 1.0 0.06015625
7 0.4996527777777778 0.0626953125 0.36736111111111114 0.033203125
114 0.5 0.6390625 0.6319444444444444 0.0453125
114 0.5 0.698046875 0.6319444444444444 0.0453125
114 0.0 0.61640625 0.0 0.0
114 0.5 0.75703125 0.6319444444444444 0.0453125
114 0.5 0.816015625 0.6319444444444444 0.0453125
8 0.5 0.7275390625 1.0 0.222265625
8 0.5 0.48359375 1.0 0.9015625
6 0.06111111111111111 0.1328125 0.04861111111111111 0.02734375
7 0.5729166666666666 0.1501953125 0.8055555555555556 0.027734375
8 0.5 0.1328125 1.0 0.0796875
6 0.07291666666666667 0.213671875 0.14583333333333334 0.08203125
7 0.5791666666666667 0.2259765625 0.8416666666666667 0.027734375
1177 0.5 0.2072265625 0.9513888888888888 0.041015625
10 0.5 0.5193359375 1.0 0.693359375
114 0.9302083333333333 0.0626953125 0.09097222222222222 0.051171875
6 0.08506944444444445 0.1408203125 0.12152777777777778 0.068359375
7 0.9388888888888889 0.1728515625 0.07361111111111111 0.022265625
8 0.5 0.1853515625 1.0 0.184765625
7 0.14722222222222223 0.298046875 0.24583333333333332 0.02578125
51 0.7868055555555555 0.2982421875 0.4013888888888889 0.040234375
8 0.5 0.2982421875 1.0 0.041015625
7 0.12013888888888889 0.3298828125 0.19166666666666668 0.022265625
7 0.4996527777777778 0.3326171875 0.09236111111111112 0.027734375
7 0.8868055555555555 0.3298828125 0.17777777777777778 0.022265625
8 0.5 0.3359375 0.9513888888888888 0.034375
1177 0.5 0.534375 1.0 0.3625
1178 0.07534722222222222 0.3708984375 0.15069444444444444 0.035546875
51 0.22743055555555555 0.7361328125 0.42986111111111114 0.040234375
7 0.5 0.7361328125 0.09027777777777778 0.038671875
51 0.7760416666666666 0.7361328125 0.42291666666666666 0.040234375
8 0.5 0.7361328125 1.0 0.041015625
114 0.3298611111111111 0.811328125 0.14583333333333334 0.08203125
1179 0.5 0.81484375 0.09722222222222222 0.075
114 0.6701388888888888 0.811328125 0.14583333333333334 0.08203125
16 0.5 0.811328125 0.4861111111111111 0.08203125
8 0.5 0.571875 1.0 0.58828125
16 0.5 0.15 1.0 0.0546875
16 0.5 0.17734375 1.0 0.109375
69 0.0 0.866015625 0.0 0.0
112 0.5 0.9001953125 0.7777777777777778 0.068359375
89 0.5 0.9001953125 1.0 0.068359375
5 0.5 0.4671875 1.0 0.934375
