6 0.0 0.0328125 0.0 0.0
6 0.10694444444444444 0.0671875 0.0 0.0546875
979 0.5322916666666667 0.0640625 0.8090277777777778 0.0546875
182 0.9270833333333334 0.06015625 0.0 0.0546875
7 0.9024305555555555 0.0572265625 0.049305555555555554 0.029296875
7 0.8590277777777777 0.0671875 0.09722222222222222 0.0546875
114 0.7614583333333333 0.0669921875 0.07291666666666667 0.041015625
114 0.6788194444444444 0.06640625 0.06319444444444444 0.034375
87 0.5 0.8904296875 1.0 0.087890625
16 0.5 0.8396484375 1.0 0.013671875
8 0.5 0.473828125 1.0 0.7453125
19 0.5 0.1033203125 1.0 0.004296875
16 0.0 0.127734375 0.0 0.053125
5 0.5 0.4671875 1.0 0.934375
8 0.0 0.1826171875 0.0 0.057421875
8 0.0 0.2396484375 0.0 0.057421875
8 0.0 0.2966796875 0.0 0.057421875
8 0.0 0.3537109375 0.0 0.057421875
8 0.0 0.4107421875 0.0 0.057421875
8 0.0 0.4677734375 0.0 0.057421875
8 0.0 0.5248046875 0.0 0.057421875
8 0.0 0.5818359375 0.0 0.057421875
8 0.0 0.6388671875 0.0 0.057421875
8 0.0 0.6958984375 0.0 0.057421875
16 0.0 0.7392578125 0.0 0.002734375
16 0.0 0.7734375 0.0 0.0984375
10 0.0 0.5177734375 0.0 0.833203125
8 0.7083333333333334 0.1431640625 0.5833333333333334 0.083984375
8 0.7083333333333334 0.2267578125 0.5833333333333334 0.083984375
8 0.7083333333333334 0.3103515625 0.5833333333333334 0.083984375
8 0.7083333333333334 0.3939453125 0.5833333333333334 0.083984375
8 0.7083333333333334 0.4775390625 0.5833333333333334 0.083984375
8 0.7083333333333334 0.5611328125 0.5833333333333334 0.083984375
8 0.7083333333333334 0.6447265625 0.5833333333333334 0.083984375
8 0.7083333333333334 0.7458984375 0.5833333333333334 0.119140625
10 0.7083333333333334 0.5177734375 0.5833333333333334 0.833203125
