17 0.0 0.0328125 0.0 0.0
71 0.8930555555555556 0.07109375 0.21388888888888888 0.065625
6 0.26493055555555556 0.07109375 0.25763888888888886 0.04375
52 0.06805555555555555 0.07109375 0.1361111111111111 0.0765625
118 0.5 0.10390625 1.0 0.1421875
38 0.0 0.109375 0.0 0.0
127 0.125 0.1421875 0.25 0.065625
38 0.25 0.109375 0.0 0.0
127 0.375 0.1421875 0.25 0.065625
38 0.5 0.109375 0.0 0.0
127 0.625 0.1421875 0.25 0.065625
38 0.75 0.109375 0.0 0.0
127 0.875 0.1421875 0.25 0.065625
128 0.5 0.1421875 1.0 0.065625
82 0.0 0.21875 0.0 0.065625
38 0.0 0.33671875 0.0 0.315625
8 0.0 0.26796875 0.0 0.178125
82 0.0 0.48125 0.0 0.065625
82 0.0 0.415625 0.0 0.065625
38 0.0 0.506640625 0.0 0.0
38 0.0 0.65625 0.0 0.315625
8 0.0 0.5875 0.0 0.178125
38 0.0 0.786328125 0.0 0.0
16 0.0 0.7453125 0.0 0.1375
38 0.0 0.876171875 0.0 0.11640625
113 0.0 0.5546875 0.0 0.759375
43 0.5121527777777778 0.2048828125 0.9756944444444444 0.036328125
43 0.41180555555555554 0.2708984375 0.75 0.033203125
264 0.5 0.2708984375 1.0 0.068359375
82 0.0 0.284375 0.0 0.065625
43 0.41180555555555554 0.3408203125 0.75 0.033203125
264 0.5 0.3408203125 1.0 0.068359375
82 0.0 0.35 0.0 0.065625
43 0.41180555555555554 0.4107421875 0.75 0.033203125
264 0.5 0.4107421875 1.0 0.068359375
16 0.5 0.3158203125 1.0 0.258203125
43 0.5121527777777778 0.4748046875 0.9756944444444444 0.036328125
43 0.41180555555555554 0.5408203125 0.75 0.033203125
264 0.5 0.5408203125 1.0 0.068359375
38 0.0 0.5765625 0.0 0.0
43 0.41180555555555554 0.6107421875 0.75 0.033203125
264 0.5 0.6107421875 1.0 0.068359375
38 0.0 0.646484375 0.0 0.0
43 0.41180555555555554 0.6806640625 0.75 0.033203125
264 0.5 0.6806640625 1.0 0.068359375
38 0.0 0.71640625 0.0 0.0
43 0.41180555555555554 0.7505859375 0.75 0.033203125
264 0.5 0.7505859375 1.0 0.068359375
43 0.41180555555555554 0.8205078125 0.75 0.033203125
264 0.5 0.8205078125 1.0 0.068359375
16 0.5 0.6556640625 1.0 0.398046875
43 0.5121527777777778 0.8845703125 0.9756944444444444 0.036328125
38 0.06076388888888889 0.9671875 0.07291666666666667 0.065625
43 0.5090277777777777 0.9341796875 0.75 0.000390625
264 0.5 0.9603515625 1.0 0.051953125
103 0.5 0.5546875 1.0 0.759375
194 0.5 0.175 0.09722222222222222 0.0
34 0.5 0.48359375 1.0 0.9015625
4 0.5 0.9671875 1.0 0.065625
4 0.5 0.01640625 1.0 0.0328125
5 0.5 0.5 1.0 1.0
