223 0.0 0.0 0.0 0.0
5 0.5 0.4671875 1.0 0.934375
6 0.08541666666666667 0.7291015625 0.14583333333333334 0.030078125
50 0.0875 0.0615234375 0.14583333333333334 0.123046875
7 0.0875 0.0765625 0.14583333333333334 0.02734375
114 0.9270833333333334 0.041015625 0.14583333333333334 0.08203125
6 0.5892361111111111 0.81953125 0.4131944444444444 0.08203125
114 0.8979166666666667 0.80859375 0.20416666666666666 0.11484375
655 0.5 0.9001953125 0.7777777777777778 0.068359375
8 0.5 0.9001953125 1.0 0.068359375
