17 0.0 0.0 0.0 0.0
38 0.16666666666666666 0.0830078125 0.30416666666666664 0.052734375
38 0.5 0.0830078125 0.30416666666666664 0.052734375
38 0.8333333333333334 0.0830078125 0.30416666666666664 0.052734375
38 0.16666666666666666 0.21953125 0.30416666666666664 0.19140625
43 0.16666666666666666 0.3419921875 0.3138888888888889 0.053515625
38 0.5 0.21953125 0.30416666666666664 0.19140625
43 0.5 0.3419921875 0.3138888888888889 0.053515625
38 0.8333333333333334 0.21953125 0.30416666666666664 0.19140625
43 0.8333333333333334 0.3419921875 0.3138888888888889 0.053515625
38 0.16666666666666666 0.478125 0.30416666666666664 0.19140625
43 0.16666666666666666 0.6005859375 0.3138888888888889 0.053515625
38 0.5 0.478125 0.30416666666666664 0.19140625
43 0.5 0.6005859375 0.3138888888888889 0.053515625
38 0.8333333333333334 0.478125 0.30416666666666664 0.19140625
43 0.8333333333333334 0.6005859375 0.3138888888888889 0.053515625
38 0.16666666666666666 0.73671875 0.30416666666666664 0.19140625
43 0.16666666666666666 0.8591796875 0.3138888888888889 0.053515625
38 0.5 0.73671875 0.30416666666666664 0.19140625
43 0.5 0.8591796875 0.3138888888888889 0.053515625
38 0.8333333333333334 0.73671875 0.30416666666666664 0.19140625
43 0.8333333333333334 0.8591796875 0.3138888888888889 0.053515625
38 0.16666666666666666 0.9169921875 0.30416666666666664 0.034765625
38 0.5 0.9169921875 0.30416666666666664 0.034765625
38 0.8333333333333334 0.9169921875 0.30416666666666664 0.034765625
1180 0.5 0.48359375 1.0 0.9015625
43 0.31493055555555555 0.0708984375 0.2798611111111111 0.036328125
44 0.06805555555555555 0.07109375 0.1361111111111111 0.0765625
45 1.0 0.07109375 0.0 0.0765625
118 0.5 0.07109375 1.0 0.0765625
5 0.5 0.5 1.0 1.0
4 0.5 0.9671875 1.0 0.065625
4 0.5 0.01640625 1.0 0.0328125
