36 0.0 0.0328125 0.0 0.0
38 0.5 0.190234375 0.375 0.134375
4 0.5 0.271875 1.0 0.0015625
71 0.39305555555555555 0.319140625 0.21388888888888888 0.065625
71 0.6069444444444444 0.319140625 0.21388888888888888 0.065625
71 0.024305555555555556 0.286328125 0.0 0.0
16 0.5 0.319140625 0.9513888888888888 0.065625
1181 0.0 0.109375 0.0 0.0
4 0.5 0.36640625 1.0 0.0015625
43 0.024305555555555556 0.380859375 0.0 0.0
43 0.5 0.4341796875 0.9263888888888889 0.092578125
43 0.4618055555555556 0.5248046875 0.85 0.060546875
16 0.5 0.57578125 0.0 0.0
4 0.5 0.590234375 0.9513888888888888 0.0015625
43 0.0763888888888889 0.6427734375 0.05 0.022265625
43 0.5614583333333333 0.6173828125 0.1909722222222222 0.022265625
43 0.5163194444444444 0.6427734375 0.10069444444444445 0.022265625
561 0.5 0.630078125 0.9513888888888888 0.078125
4 0.5 0.669921875 0.9513888888888888 0.0015625
16 0.5 0.52578125 0.9513888888888888 0.28984375
42 0.5 0.48359375 1.0 0.9015625
43 0.0 0.921484375 0.0 0.02578125
82 0.0 0.153125 0.0 0.065625
82 0.0 0.21875 0.0 0.065625
82 0.0 0.284375 0.0 0.065625
82 0.0 0.35 0.0 0.065625
82 0.0 0.415625 0.0 0.065625
82 0.0 0.48125 0.0 0.065625
82 0.0 0.546875 0.0 0.065625
82 0.0 0.6125 0.0 0.065625
82 0.0 0.678125 0.0 0.065625
82 0.0 0.74375 0.0 0.065625
113 0.0 0.508984375 0.0 0.79921875
43 0.5 0.0708984375 0.33194444444444443 0.036328125
38 0.05486111111111111 0.07109375 0.06111111111111111 0.0765625
8 0.109375 0.07109375 0.21875 0.0765625
38 0.78125 0.0328125 0.0 0.0
8 0.890625 0.07109375 0.21875 0.0765625
46 0.5 0.07109375 1.0 0.0765625
45 1.0 0.07109375 0.0 0.0765625
5 0.5 0.4671875 1.0 0.934375
