17 0.0 0.0 0.0 0.0
7 0.21284722222222222 0.0708984375 0.07569444444444444 0.036328125
52 0.06805555555555555 0.07109375 0.1361111111111111 0.0765625
45 1.0 0.07109375 0.0 0.0765625
80 0.5 0.07109375 1.0 0.0765625
127 0.03263888888888889 0.1421875 0.06527777777777778 0.065625
38 0.06527777777777778 0.109375 0.0 0.0
127 0.178125 0.1421875 0.22569444444444445 0.065625
38 0.29097222222222224 0.109375 0.0 0.0
127 0.3861111111111111 0.1421875 0.19027777777777777 0.065625
38 0.48125 0.109375 0.0 0.0
127 0.5989583333333334 0.1421875 0.23541666666666666 0.065625
38 0.7166666666666667 0.109375 0.0 0.0
127 0.8583333333333333 0.1421875 0.2833333333333333 0.065625
128 0.5 0.1421875 1.0 0.065625
41 0.0 0.263671875 0.0 0.17734375
16 0.0 0.5546875 0.0 0.759375
43 0.5 0.2044921875 0.9638888888888889 0.036328125
43 0.2552083333333333 0.261328125 0.47430555555555554 0.02578125
43 0.734375 0.261328125 0.4840277777777778 0.02578125
8 0.5 0.2484375 0.9638888888888889 0.0515625
43 0.81875 0.287109375 0.3263888888888889 0.02578125
41 0.5 0.2431640625 1.0 0.136328125
111 0.5 0.521875 1.0 0.825
32 0.8930555555555556 0.67734375 0.1361111111111111 0.0765625
32 0.8930555555555556 0.773046875 0.1361111111111111 0.0765625
32 0.8930555555555556 0.87421875 0.1361111111111111 0.0765625
34 0.5 0.4671875 1.0 0.934375
38 0.0 0.1212890625 0.0 0.242578125
43 0.0 0.286328125 0.0 0.065625
82 0.0 0.351953125 0.0 0.065625
82 0.0 0.417578125 0.0 0.065625
43 0.0 0.495703125 0.0 0.065625
82 0.0 0.561328125 0.0 0.065625
82 0.0 0.626953125 0.0 0.065625
43 0.0 0.705078125 0.0 0.065625
82 0.0 0.770703125 0.0 0.065625
82 0.0 0.836328125 0.0 0.065625
82 0.0 0.9017578125 0.0 0.065234375
113 0.0 0.4671875 0.0 0.934375
4 0.5 0.9671875 1.0 0.065625
5 0.5 0.5 1.0 1.0
