1182 0.5 0.48359375 1.0 0.9015625
6 0.08541666666666667 0.8439453125 0.14583333333333334 0.030078125
56 0.0 0.0 0.0 0.0
6 0.9246527777777778 0.1408203125 0.10208333333333333 0.057421875
222 0.9756944444444444 0.183203125 0.0 0.0
8 0.9756944444444444 0.5177734375 0.0 0.669140625
223 0.07291666666666667 0.139453125 0.09722222222222222 0.0546875
7 0.6520833333333333 0.141015625 0.12638888888888888 0.07109375
7 0.7909722222222222 0.141015625 0.12638888888888888 0.07109375
16 0.7881944444444444 0.108203125 0.4236111111111111 0.15078125
16 0.5763888888888888 0.0328125 0.0 0.0
16 1.0 0.065625 0.0 0.065625
52 0.08541666666666667 0.0712890625 0.1361111111111111 0.068359375
16 0.5 0.0712890625 0.9652777777777778 0.068359375
56 0.5 0.01640625 1.0 0.0328125
52 0.9284722222222223 0.76640625 0.09861111111111111 0.05546875
52 0.9284722222222223 0.821875 0.09861111111111111 0.05546875
117 0.5 0.9001953125 1.0 0.068359375
16 0.5 0.8330078125 1.0 0.202734375
54 0.06875 0.01640625 0.09722222222222222 0.0328125
143 0.5236111111111111 0.01640625 0.1361111111111111 0.0328125
143 0.6597222222222222 0.01640625 0.1361111111111111 0.0328125
143 0.7958333333333333 0.01640625 0.1361111111111111 0.0328125
143 0.9319444444444445 0.01640625 0.1361111111111111 0.0328125
55 0.7277777777777777 0.01640625 0.5444444444444444 0.0328125
