722 0.0 0.0328125 0.0 0.0
200 0.5 0.4494140625 1.0 0.833203125
722 0.3482638888888889 0.03671875 0.34652777777777777 0.0078125
80 0.5 0.07109375 1.0 0.0765625
418 0.06805555555555555 0.07109375 0.1361111111111111 0.0765625
722 0.2701388888888889 0.075390625 0.19027777777777777 0.02578125
722 0.5486111111111112 0.1123046875 0.7472222222222222 0.048046875
722 0.175 0.0625 0.0 0.0
16 0.5 0.1021484375 1.0 0.123046875
415 0.0875 0.20703125 0.09722222222222222 0.0546875
722 0.2923611111111111 0.1984375 0.23472222222222222 0.02578125
722 0.5486111111111112 0.2353515625 0.7472222222222222 0.048046875
722 0.175 0.185546875 0.0 0.0
16 0.5 0.1884765625 1.0 0.157421875
415 0.0875 0.3359375 0.09722222222222222 0.0546875
722 0.2923611111111111 0.321484375 0.23472222222222222 0.02578125
722 0.5486111111111112 0.3583984375 0.7472222222222222 0.048046875
722 0.175 0.30859375 0.0 0.0
16 0.5 0.3482421875 1.0 0.123046875
415 0.0875 0.458984375 0.09722222222222222 0.0546875
722 0.27291666666666664 0.44453125 0.19583333333333333 0.02578125
722 0.5486111111111112 0.4814453125 0.7472222222222222 0.048046875
722 0.175 0.431640625 0.0 0.0
16 0.5 0.4712890625 1.0 0.123046875
415 0.0875 0.58203125 0.09722222222222222 0.0546875
722 0.30416666666666664 0.567578125 0.25833333333333336 0.02578125
722 0.5486111111111112 0.637890625 0.7472222222222222 0.11484375
722 0.175 0.5546875 0.0 0.0
16 0.5 0.627734375 1.0 0.18984375
415 0.0875 0.771875 0.09722222222222222 0.0546875
722 0.2847222222222222 0.757421875 0.21944444444444444 0.02578125
722 0.5486111111111112 0.8181640625 0.7472222222222222 0.095703125
722 0.175 0.74453125 0.0 0.0
16 0.5 0.7943359375 1.0 0.143359375
722 0.29131944444444446 0.1439453125 0.2326388888888889 0.033203125
722 0.4690972222222222 0.175390625 0.5881944444444445 0.0296875
16 0.5 0.158984375 1.0 0.0984375
8 0.5 0.15 1.0 0.234375
22 0.825 0.07109375 0.11666666666666667 0.065625
22 0.9416666666666667 0.07109375 0.11666666666666667 0.065625
722 0.5 0.9001953125 1.0 0.068359375
113 0.0 0.4671875 0.0 0.934375
8 0.0 0.123046875 0.0 0.24609375
16 0.0 0.196875 0.0 0.0765625
16 0.0 0.1640625 0.0 0.1640625
1183 0.0 0.28984375 0.0 0.065625
1183 0.0 0.35546875 0.0 0.065625
1183 0.0 0.42109375 0.0 0.065625
1183 0.0 0.48671875 0.0 0.065625
4 0.0 0.53125 0.0 0.0015625
1183 0.0 0.57578125 0.0 0.065625
1183 0.0 0.64140625 0.0 0.065625
722 0.0 0.70703125 0.0 0.065625
273 0.0 0.4984375 0.0 0.5046875
16 0.0 0.375390625 0.0 0.75078125
16 0.0 0.9001953125 0.0 0.068359375
5 0.5 0.5 1.0 1.0
4 0.5 0.9671875 1.0 0.065625
