0 0.0 0.0 0.0 0.0
6 0.04756944444444444 0.0708984375 0.09513888888888888 0.031640625
8 0.8267361111111111 0.0724609375 0.08819444444444445 0.035546875
7 0.8194444444444444 0.0546875 0.0 0.0
8 0.9388888888888889 0.07109375 0.09722222222222222 0.03671875
16 0.8913194444444444 0.07109375 0.21736111111111112 0.0765625
7 0.43645833333333334 0.07109375 0.64375 0.028125
114 0.08506944444444445 0.07109375 0.1701388888888889 0.0765625
114 0.8177083333333334 0.07109375 0.12152777777777778 0.0765625
8 0.5 0.07109375 1.0 0.0765625
1184 0.0 0.109375 0.0 0.0
1185 0.928125 0.145703125 0.06597222222222222 0.02890625
8 0.928125 0.145703125 0.14375 0.07265625
8 0.5 0.145703125 1.0 0.07265625
1186 0.0 0.1853515625 0.0 0.051953125
6 0.5 0.34609375 0.5347222222222222 0.30078125
88 0.5 0.34609375 1.0 0.328125
1187 0.39791666666666664 0.5353515625 0.7180555555555556 0.050390625
1187 0.09375 0.5796875 0.10972222222222222 0.02734375
8 0.5 0.5517578125 1.0 0.083203125
1186 0.0 0.4970703125 0.0 0.051953125
4 0.5 0.616015625 0.9222222222222223 0.0015625
16 0.5 0.638671875 1.0 0.0
1187 0.03888888888888889 0.638671875 0.0 0.0
1188 0.19444444444444445 0.671484375 0.23333333333333334 0.021875
1187 0.35833333333333334 0.671484375 0.016666666666666666 0.021875
6 0.9125 0.671484375 0.019444444444444445 0.01796875
1187 0.8059027777777777 0.671484375 0.11597222222222223 0.021875
8 0.5 0.671484375 0.9222222222222223 0.065625
1187 0.06770833333333333 0.73984375 0.05763888888888889 0.02734375
6 0.0 0.704296875 0.0 0.0
8 0.5 0.73984375 1.0 0.07109375
4 0.5 0.776171875 0.9222222222222223 0.0015625
1187 0.08819444444444445 0.83046875 0.09861111111111111 0.02734375
8 0.2326388888888889 0.83046875 0.10694444444444444 0.06015625
8 0.3423611111111111 0.83046875 0.10694444444444444 0.06015625
16 0.2875 0.83046875 0.2222222222222222 0.06328125
8 0.5 0.83046875 1.0 0.06328125
1189 0.5 0.9091796875 0.9222222222222223 0.050390625
6 0.9013888888888889 0.916796875 0.041666666666666664 0.01796875
8 0.5 0.9474609375 1.0 0.026171875
1187 0.20625 0.9556640625 0.3347222222222222 0.042578125
6 0.9465277777777777 0.9583984375 0.029166666666666667 0.048046875
1190 0.5 0.48359375 1.0 0.9015625
16 0.0 0.0701171875 0.0 0.074609375
1186 0.0 0.2373046875 0.0 0.051953125
1186 0.0 0.2892578125 0.0 0.051953125
1186 0.0 0.3412109375 0.0 0.051953125
1186 0.0 0.3931640625 0.0 0.051953125
1186 0.0 0.4451171875 0.0 0.051953125
16 0.0 0.315234375 0.0 0.415625
16 0.0 0.48359375 0.0 0.9015625
1191 0.09513888888888888 0.0328125 0.0 0.0
4 0.5472222222222223 0.749609375 0.002777777777777778 0.13671875
16 0.253125 0.7494140625 0.16180555555555556 0.066796875
7 0.17222222222222222 0.716015625 0.0 0.0
7 0.21979166666666666 0.7716796875 0.09513888888888888 0.022265625
16 0.4232638888888889 0.7494140625 0.09097222222222222 0.066796875
7 0.4149305555555556 0.7716796875 0.07430555555555556 0.022265625
16 0.32048611111111114 0.7494140625 0.2965277777777778 0.066796875
8 0.32048611111111114 0.7494140625 0.45069444444444445 0.066796875
7 0.6246527777777777 0.728125 0.07847222222222222 0.02421875
1192 0.7743055555555556 0.7810546875 0.4027777777777778 0.081640625
8 0.5475694444444444 0.749609375 0.9048611111111111 0.1640625
7 0.09513888888888888 0.667578125 0.0 0.0
114 0.5475694444444444 0.8865234375 0.9048611111111111 0.095703125
1193 0.5475694444444444 0.8009765625 0.9048611111111111 0.266796875
8 0.19236111111111112 0.1828125 0.19444444444444445 0.14375
6 0.09513888888888888 0.1109375 0.0 0.0
1187 0.34131944444444445 0.239453125 0.07430555555555556 0.03046875
1187 0.44375 0.239453125 0.09166666666666666 0.03046875
1189 0.9135416666666667 0.2265625 0.13402777777777777 0.034375
1187 0.6472222222222223 0.142578125 0.6861111111111111 0.046875
1187 0.30416666666666664 0.17734375 0.0 0.02265625
8 0.5475694444444444 0.1828125 0.9048611111111111 0.14375
8 0.19236111111111112 0.328125 0.19444444444444445 0.14375
6 0.09513888888888888 0.25625 0.0 0.0
1187 0.34131944444444445 0.384765625 0.07430555555555556 0.03046875
1187 0.44375 0.384765625 0.09166666666666666 0.03046875
1189 0.9135416666666667 0.371875 0.13402777777777777 0.034375
1187 0.6472222222222223 0.287890625 0.6861111111111111 0.046875
1187 0.30416666666666664 0.32265625 0.0 0.02265625
8 0.5475694444444444 0.328125 0.9048611111111111 0.14375
10 0.5475694444444444 0.3884765625 0.9048611111111111 0.555078125
6 0.5472222222222223 0.4833984375 0.3888888888888889 0.184765625
8 0.5475694444444444 0.48359375 0.9048611111111111 0.9015625
16 0.5 0.3833984375 0.5347222222222222 0.030078125
7 0.3 0.47109375 0.13472222222222222 0.090625
6 0.49409722222222224 0.4708984375 0.04375 0.013671875
8 0.49444444444444446 0.4708984375 0.17777777777777778 0.055078125
6 0.6753472222222222 0.4708984375 0.04375 0.013671875
8 0.6753472222222222 0.4708984375 0.17847222222222223 0.055078125
8 0.5850694444444444 0.4708984375 0.3645833333333333 0.058203125
8 0.5 0.47109375 0.6319444444444444 0.090625
114 0.3625 0.57109375 0.25972222222222224 0.0546875
114 0.6375 0.57109375 0.25972222222222224 0.0546875
16 0.5 0.5779296875 0.6319444444444444 0.095703125
8 0.5 0.4833984375 0.6805555555555556 0.312109375
6 0.19618055555555555 0.3478515625 0.07291666666666667 0.041015625
8 0.2326388888888889 0.368359375 0.14583333333333334 0.08203125
5 0.5 0.5 1.0 1.0
4 0.5 0.9671875 1.0 0.065625
4 0.5 0.01640625 1.0 0.0328125
