48 0.044444444444444446 0.0328125 0.0 0.0
343 0.5 0.0875 0.8722222222222222 0.0875
343 0.5 0.17578125 0.8722222222222222 0.0875
343 0.5 0.2640625 0.8722222222222222 0.0875
343 0.5 0.35234375 0.8722222222222222 0.0875
343 0.5 0.440625 0.8722222222222222 0.0875
343 0.5 0.52890625 0.8722222222222222 0.0875
343 0.5 0.6171875 0.8722222222222222 0.0875
343 0.5 0.70546875 0.8722222222222222 0.0875
343 0.5 0.79375 0.8722222222222222 0.0875
343 0.5 0.880859375 0.8722222222222222 0.08515625
49 0.5 0.48359375 0.8722222222222222 0.8796875
