1194 0.0 0.0328125 0.0 0.0
1195 0.5 0.065625 0.2916666666666667 0.06015625
1196 0.058333333333333334 0.065625 0.11666666666666667 0.065625
1195 0.8815972222222223 0.0654296875 0.07291666666666667 0.041015625
1197 0.9527777777777777 0.065625 0.06944444444444445 0.0296875
1198 0.5 0.065625 1.0 0.065625
1199 0.4996527777777778 0.111328125 0.21041666666666667 0.02578125
1197 0.9104166666666667 0.1111328125 0.1638888888888889 0.022265625
1198 0.5 0.111328125 1.0 0.02578125
1200 0.5 0.9001953125 0.7777777777777778 0.068359375
7 0.0 0.866015625 0.0 0.0
1201 0.5 0.9001953125 1.0 0.068359375
19 0.5 0.513671875 0.18472222222222223 0.10390625
7 0.5 0.58125 0.1527777777777778 0.03125
1202 0.5 0.4951171875 1.0 0.741796875
1203 0.5121527777777778 0.4607421875 0.024305555555555556 0.013671875
1204 0.5 0.4607421875 1.0 0.041015625
1202 0.5 0.2822265625 1.0 0.316015625
19 0.4996527777777778 0.2822265625 0.12152777777777778 0.068359375
16 0.0 0.12421875 0.0 0.0
1202 0.0 0.2822265625 0.0 0.316015625
1202 1.0 0.282421875 0.0 0.31640625
6 1.0 0.12421875 0.0 0.0
1205 0.5 0.653125 1.0 0.42578125
1195 0.9416666666666667 0.4798828125 0.11666666666666667 0.079296875
1195 0.8833333333333333 0.440234375 0.0 0.0
1202 1.0 0.4951171875 0.0 0.741796875
1205 1.0 0.6533203125 0.0 0.425390625
1198 0.5 0.48359375 1.0 0.9015625
4 0.5 0.9671875 1.0 0.065625
4 0.5 0.01640625 1.0 0.0328125
5 0.5 0.5 1.0 1.0
