17 0.0 0.0328125 0.0 0.0
52 0.06805555555555555 0.07109375 0.1361111111111111 0.0765625
7 0.3684027777777778 0.0708984375 0.44513888888888886 0.036328125
45 1.0 0.07109375 0.0 0.0765625
118 0.5 0.07109375 1.0 0.0765625
38 0.1798611111111111 0.43984375 0.3597222222222222 0.15859375
38 0.5055555555555555 0.341015625 0.14583333333333334 0.08203125
38 0.8517361111111111 0.3908203125 0.16041666666666668 0.090234375
38 0.5302083333333333 0.5056640625 0.21875 0.123046875
8 0.5 0.43984375 1.0 0.6609375
71 0.5 0.80859375 0.9222222222222223 0.0546875
71 0.0 0.109375 0.0 0.0
71 0.5 0.88515625 0.9222222222222223 0.0546875
34 0.5 0.48359375 1.0 0.9015625
5 0.5 0.5 1.0 1.0
4 0.5 0.9671875 1.0 0.065625
4 0.5 0.01640625 1.0 0.0328125
