17 0.0 0.0328125 0.0 0.0
16 0.0 0.1328125 0.0 0.065625
106 0.5 0.109375 1.0 0.0
1207 0.25 0.1435546875 0.5 0.068359375
1207 0.75 0.1435546875 0.5 0.068359375
16 0.5 0.1791015625 1.0 0.002734375
1208 0.5 0.3369140625 0.9472222222222222 0.299609375
19 0.5 0.33671875 0.11666666666666667 0.065625
1207 0.02638888888888889 0.187109375 0.0 0.0
1207 0.5 0.559375 0.8736111111111111 0.03046875
38 0.8892361111111111 0.5271484375 0.09513888888888888 0.053515625
8 0.5 0.541015625 0.9472222222222222 0.10859375
41 0.5 0.3912109375 0.9611111111111111 0.418359375
1208 0.5 0.7607421875 0.9472222222222222 0.299609375
19 0.5 0.760546875 0.11666666666666667 0.065625
1207 0.02638888888888889 0.6109375 0.0 0.0
1207 0.5 0.951171875 0.8736111111111111 0.03359375
38 0.8892361111111111 0.929296875 0.09513888888888888 0.01015625
16 1.0 0.558203125 0.0 0.75234375
88 0.0 0.091015625 0.0 0.18203125
139 0.5 0.48359375 1.0 0.9015625
117 0.5 0.9001953125 0.7777777777777778 0.068359375
16 1.0 0.5216796875 0.0 0.166796875
10 1.0 0.109375 0.0 0.0
8 0.5 0.0732421875 1.0 0.080859375
44 0.06805555555555555 0.075390625 0.1361111111111111 0.0765625
38 0.20902777777777778 0.075390625 0.06805555555555555 0.03828125
22 0.6888888888888889 0.075390625 0.11666666666666667 0.065625
22 0.8055555555555556 0.075390625 0.11666666666666667 0.065625
38 0.9315972222222222 0.075390625 0.06319444444444444 0.0328125
8 0.9319444444444445 0.075390625 0.1361111111111111 0.0765625
45 0.8152777777777778 0.075390625 0.36944444444444446 0.0765625
43 0.3215277777777778 0.0751953125 0.15694444444444444 0.036328125
16 0.0 0.0671875 0.0 0.065625
16 0.0 0.1984375 0.0 0.065625
16 0.0 0.2640625 0.0 0.065625
16 0.0 0.3296875 0.0 0.065625
8 0.0 0.3927734375 0.0 0.057421875
16 0.0 0.2279296875 0.0 0.390234375
1209 0.0 0.4568359375 0.0 0.068359375
1209 0.0 0.5248046875 0.0 0.068359375
1209 0.0 0.5927734375 0.0 0.068359375
8 0.0 0.659375 0.0 0.065625
1209 0.0 0.7259765625 0.0 0.068359375
1209 0.0 0.7939453125 0.0 0.068359375
1209 0.0 0.8619140625 0.0 0.068359375
1209 0.0 0.9150390625 0.0 0.038671875
1210 0.0 0.48359375 0.0 0.9015625
5 0.5 0.5 1.0 1.0
4 0.5 0.9671875 1.0 0.065625
