6 0.1736111111111111 0.0671875 0.0 0.0
48 0.5024305555555556 0.09140625 0.6576388888888889 0.0484375
6 0.5024305555555556 0.12890625 0.70625 0.0015625
16 0.5024305555555556 0.0875 0.7673611111111112 0.084375
343 0.5024305555555556 0.1734375 0.70625 0.0875
343 0.5024305555555556 0.26171875 0.70625 0.0875
343 0.5024305555555556 0.35 0.70625 0.0875
343 0.5024305555555556 0.43828125 0.70625 0.0875
343 0.5024305555555556 0.5265625 0.70625 0.0875
343 0.5024305555555556 0.61484375 0.70625 0.0875
343 0.5024305555555556 0.703125 0.70625 0.0875
343 0.5024305555555556 0.79140625 0.70625 0.0875
343 0.5024305555555556 0.8724609375 0.70625 0.073046875
49 0.5024305555555556 0.5193359375 0.70625 0.779296875
16 0.1111111111111111 0.0328125 0.0 0.0
5 0.5 0.48359375 0.7777777777777778 0.9015625
