7 0.1482638888888889 0.13125 0.2965277777777778 0.065625
7 0.4097222222222222 0.13125 0.2263888888888889 0.065625
7 0.7302083333333333 0.13125 0.41458333333333336 0.065625
7 0.96875 0.13125 0.0625 0.065625
372 0.5 0.13125 1.0 0.065625
16 0.5 0.934375 1.0 0.0
1211 0.0 0.168359375 0.0 0.0
177 0.44375 0.2197265625 0.8625 0.085546875
52 0.93125 0.2197265625 0.1125 0.085546875
16 0.5 0.230859375 1.0 0.125
7 0.5 0.2806640625 1.0 0.022265625
289 0.175 0.371484375 0.31527777777777777 0.13671875
6 0.017361111111111112 0.303125 0.0 0.0
7 0.175 0.41953125 0.31527777777777777 0.040625
289 0.5 0.371484375 0.31527777777777777 0.13671875
6 0.3423611111111111 0.303125 0.0 0.0
7 0.5 0.4259765625 0.31527777777777777 0.027734375
289 0.825 0.371484375 0.31527777777777777 0.13671875
6 0.6673611111111111 0.303125 0.0 0.0
7 0.825 0.41953125 0.31527777777777777 0.040625
289 0.175 0.513671875 0.31527777777777777 0.13671875
6 0.017361111111111112 0.4453125 0.0 0.0
7 0.175 0.574609375 0.31527777777777777 0.01484375
289 0.5 0.513671875 0.31527777777777777 0.13671875
6 0.3423611111111111 0.4453125 0.0 0.0
7 0.5 0.56171875 0.31527777777777777 0.040625
289 0.825 0.513671875 0.31527777777777777 0.13671875
6 0.6673611111111111 0.4453125 0.0 0.0
7 0.825 0.56171875 0.31527777777777777 0.040625
289 0.175 0.655859375 0.31527777777777777 0.13671875
6 0.017361111111111112 0.5875 0.0 0.0
7 0.175 0.70390625 0.31527777777777777 0.040625
289 0.5 0.655859375 0.31527777777777777 0.13671875
6 0.3423611111111111 0.5875 0.0 0.0
7 0.5 0.716796875 0.31527777777777777 0.01484375
289 0.825 0.655859375 0.31527777777777777 0.13671875
6 0.6673611111111111 0.5875 0.0 0.0
7 0.825 0.70390625 0.31527777777777777 0.040625
289 0.175 0.798046875 0.31527777777777777 0.13671875
6 0.017361111111111112 0.7296875 0.0 0.0
7 0.175 0.84609375 0.31527777777777777 0.040625
289 0.5 0.798046875 0.31527777777777777 0.13671875
6 0.3423611111111111 0.7296875 0.0 0.0
7 0.5 0.84609375 0.31527777777777777 0.040625
289 0.825 0.798046875 0.31527777777777777 0.13671875
6 0.6673611111111111 0.7296875 0.0 0.0
7 0.825 0.8525390625 0.31527777777777777 0.027734375
289 0.175 0.899609375 0.31527777777777777 0.05546875
6 0.017361111111111112 0.871875 0.0 0.0
7 0.175 0.9541015625 0.31527777777777777 0.053515625
289 0.5 0.899609375 0.31527777777777777 0.05546875
6 0.3423611111111111 0.871875 0.0 0.0
7 0.5 0.9541015625 0.31527777777777777 0.053515625
289 0.825 0.899609375 0.31527777777777777 0.05546875
6 0.6673611111111111 0.871875 0.0 0.0
7 0.825 0.9541015625 0.31527777777777777 0.053515625
16 0.5 0.6138671875 1.0 0.641015625
88 0.5 0.5513671875 1.0 0.766015625
1211 1.0 0.168359375 0.0 0.0
16 1.0 0.230859375 0.0 0.125
7 1.0 0.2806640625 0.0 0.022265625
16 1.0 0.6138671875 0.0 0.641015625
16 1.0 0.5513671875 0.0 0.766015625
57 0.0 0.0328125 0.0 0.0
54 0.06875 0.065625 0.09722222222222222 0.065625
16 0.38472222222222224 0.0654296875 0.5347222222222222 0.033203125
7 0.11736111111111111 0.048828125 0.0 0.0
16 0.33611111111111114 0.065625 0.6319444444444444 0.065625
91 0.9319444444444445 0.065625 0.1361111111111111 0.065625
56 0.5 0.065625 1.0 0.065625
56 0.0 0.0 0.0 0.0
53 0.5 0.4671875 1.0 0.934375
