0 0.0 0.0 0.0 0.0
7 0.20520833333333333 0.0509765625 0.41041666666666665 0.036328125
7 0.12048611111111111 0.083984375 0.24097222222222223 0.0296875
52 0.9368055555555556 0.065625 0.07777777777777778 0.04375
8 0.5 0.0658203125 1.0 0.066015625
8 0.5 0.1705078125 0.9263888888888889 0.041796875
4 0.07361111111111111 0.1705078125 0.0 0.027734375
8 0.5 0.2380859375 0.9263888888888889 0.041796875
4 0.07361111111111111 0.2380859375 0.0 0.027734375
7 0.5 0.280859375 0.9263888888888889 0.04375
16 0.5 0.21328125 0.975 0.20625
7 0.08784722222222222 0.393359375 0.09652777777777778 0.0296875
16 0.1954861111111111 0.378515625 0.31180555555555556 0.059375
114 0.4097222222222222 0.378515625 0.11666666666666667 0.065625
8 0.25381944444444443 0.378515625 0.47708333333333336 0.09296875
7 0.6159722222222223 0.363671875 0.16805555555555557 0.0296875
7 0.5802083333333333 0.393359375 0.09652777777777778 0.0296875
16 0.6878472222222223 0.378515625 0.31180555555555556 0.059375
114 0.9020833333333333 0.378515625 0.11666666666666667 0.065625
8 0.7461805555555555 0.378515625 0.47708333333333336 0.09296875
16 0.5 0.378515625 0.9694444444444444 0.09296875
7 0.109375 0.46640625 0.1451388888888889 0.0296875
7 0.08506944444444445 0.49609375 0.09652777777777778 0.0296875
16 0.19409722222222223 0.48125 0.3145833333333333 0.059375
114 0.4097222222222222 0.48125 0.11666666666666667 0.065625
8 0.25243055555555555 0.48125 0.4798611111111111 0.09296875
6 0.6784722222222223 0.48125 0.11666666666666667 0.065625
16 0.8055555555555556 0.48125 0.1375 0.059375
16 0.7475694444444444 0.48125 0.4798611111111111 0.09296875
16 0.5 0.48125 0.975 0.09296875
7 0.25243055555555555 0.582421875 0.4798611111111111 0.09296875
7 0.7475694444444444 0.582421875 0.4798611111111111 0.09296875
16 0.5 0.582421875 0.975 0.09296875
7 0.25243055555555555 0.68359375 0.4798611111111111 0.09296875
7 0.7475694444444444 0.68359375 0.4798611111111111 0.09296875
16 0.5 0.68359375 0.975 0.09296875
16 0.5 0.5302734375 0.975 0.399609375
146 0.5 0.62890625 0.975 0.596875
5 0.5 0.4671875 1.0 0.934375
