17 0.0 0.0 0.0 0.0
52 0.06805555555555555 0.07109375 0.1361111111111111 0.0765625
22 0.825 0.07109375 0.11666666666666667 0.065625
22 0.9416666666666667 0.07109375 0.11666666666666667 0.065625
7 0.2798611111111111 0.0708984375 0.26805555555555555 0.036328125
118 0.5 0.10390625 1.0 0.1421875
38 0.0 0.109375 0.0 0.0
127 0.11319444444444444 0.1421875 0.2263888888888889 0.065625
38 0.2263888888888889 0.109375 0.0 0.0
43 0.3138888888888889 0.1421875 0.09444444444444444 0.02578125
127 0.3138888888888889 0.1421875 0.175 0.065625
38 0.4013888888888889 0.109375 0.0 0.0
127 0.5135416666666667 0.1421875 0.22430555555555556 0.065625
38 0.6256944444444444 0.109375 0.0 0.0
127 0.8079861111111111 0.1421875 0.3645833333333333 0.065625
128 0.5 0.1421875 1.0 0.065625
43 0.18368055555555557 0.2103515625 0.3090277777777778 0.027734375
44 0.38680555555555557 0.20234375 0.07777777777777778 0.04375
43 0.09270833333333334 0.236328125 0.12708333333333333 0.02421875
43 0.5684027777777778 0.236328125 0.8048611111111111 0.02421875
38 0.5 0.4302734375 0.7291666666666666 0.341796875
38 0.19375 0.568359375 0.09722222222222222 0.0546875
43 0.2361111111111111 0.628515625 0.2013888888888889 0.02421875
44 0.3951388888888889 0.628515625 0.07777777777777778 0.04375
44 0.4826388888888889 0.628515625 0.07777777777777778 0.04375
44 0.8256944444444444 0.628515625 0.07777777777777778 0.04375
8 0.5 0.628515625 0.7291666666666666 0.04375
8 0.5 0.4576171875 0.9027777777777778 0.396484375
38 0.051041666666666666 0.6681640625 0.04375 0.024609375
43 0.27534722222222224 0.66796875 0.3854166666666667 0.02421875
43 0.7194444444444444 0.66796875 0.5027777777777778 0.02421875
8 0.5 0.6681640625 0.9416666666666667 0.024609375
41 0.5 0.4359375 0.9805555555555555 0.5109375
43 0.1857638888888889 0.7322265625 0.31319444444444444 0.027734375
44 0.3909722222222222 0.72421875 0.07777777777777778 0.04375
43 0.12361111111111112 0.758203125 0.18888888888888888 0.02421875
43 0.5993055555555555 0.758203125 0.7430555555555556 0.02421875
8 0.5 0.758203125 0.9416666666666667 0.02421875
38 0.5 0.8578125 0.7291666666666666 0.153125
8 0.5 0.8578125 0.9027777777777778 0.153125
41 0.5 0.818359375 0.9805555555555555 0.23203125
103 0.5 0.5546875 1.0 0.759375
194 0.5 0.161328125 0.0 0.02734375
103 0.0 0.5546875 0.0 0.759375
1217 1.0 0.5546875 0.0 0.759375
32 0.8930555555555556 0.87421875 0.1361111111111111 0.0765625
34 0.5 0.4671875 1.0 0.934375
8 0.0 0.1435546875 0.0 0.177734375
16 0.0 0.128515625 0.0 0.25703125
82 0.0 0.28984375 0.0 0.065625
82 0.0 0.35546875 0.0 0.065625
82 0.0 0.42109375 0.0 0.065625
82 0.0 0.48671875 0.0 0.065625
82 0.0 0.55234375 0.0 0.065625
50 0.0 0.596875 0.0 0.0234375
82 0.0 0.64140625 0.0 0.065625
82 0.0 0.70703125 0.0 0.065625
82 0.0 0.77265625 0.0 0.065625
82 0.0 0.83828125 0.0 0.065625
113 0.0 0.4671875 0.0 0.934375
4 0.5 0.9671875 1.0 0.065625
4 0.5 0.01640625 1.0 0.0328125
5 0.5 0.5 1.0 1.0
