16 0.0 0.131640625 0.0 0.06640625
56 0.5 0.065625 1.0 0.065625
6 0.9583333333333334 0.091796875 0.04861111111111111 0.01328125
7 0.9 0.13046875 0.2 0.03125
7 0.4 0.129296875 0.8 0.03359375
8 0.5 0.194140625 1.0 0.09453125
7 0.9878472222222222 0.1955078125 0.024305555555555556 0.023046875
7 0.9 0.225 0.2 0.03125
7 0.4 0.223828125 0.8 0.03359375
6 0.9583333333333334 0.166015625 0.04861111111111111 0.02734375
8 0.5 0.3025390625 1.0 0.122265625
7 0.4878472222222222 0.3189453125 0.9756944444444444 0.025390625
7 0.9878472222222222 0.3177734375 0.024305555555555556 0.023046875
7 0.9 0.347265625 0.2 0.03125
7 0.4 0.34609375 0.8 0.03359375
6 0.9583333333333334 0.260546875 0.04861111111111111 0.02734375
8 0.5 0.4109375 1.0 0.09453125
7 0.9878472222222222 0.4123046875 0.024305555555555556 0.023046875
7 0.9 0.441796875 0.2 0.03125
7 0.4 0.440625 0.8 0.03359375
6 0.9583333333333334 0.3828125 0.04861111111111111 0.02734375
8 0.5 0.5193359375 1.0 0.122265625
7 0.4878472222222222 0.5357421875 0.9756944444444444 0.025390625
7 0.9878472222222222 0.5345703125 0.024305555555555556 0.023046875
7 0.9 0.5640625 0.2 0.03125
7 0.4 0.562890625 0.8 0.03359375
6 0.9583333333333334 0.47734375 0.04861111111111111 0.02734375
8 0.5 0.6416015625 1.0 0.122265625
7 0.4878472222222222 0.6580078125 0.9756944444444444 0.025390625
7 0.9878472222222222 0.6568359375 0.024305555555555556 0.023046875
7 0.9 0.686328125 0.2 0.03125
7 0.4 0.68515625 0.8 0.03359375
6 0.9583333333333334 0.599609375 0.04861111111111111 0.02734375
8 0.5 0.75 1.0 0.09453125
7 0.9878472222222222 0.7513671875 0.024305555555555556 0.023046875
7 0.9 0.780859375 0.2 0.03125
7 0.4 0.7796875 0.8 0.03359375
6 0.9583333333333334 0.721875 0.04861111111111111 0.02734375
8 0.5 0.830859375 1.0 0.0671875
7 0.9878472222222222 0.8458984375 0.024305555555555556 0.023046875
7 0.9 0.862109375 0.2 0.0046875
7 0.4 0.8609375 0.8 0.00703125
6 0.9583333333333334 0.81640625 0.04861111111111111 0.02734375
103 0.5 0.4814453125 1.0 0.766015625
194 0.5 0.0984375 0.09722222222222222 0.0
16 0.5 0.8994140625 1.0 0.069921875
52 0.9305555555555556 0.8994140625 0.1388888888888889 0.069921875
16 0.0 0.198046875 0.0 0.06640625
16 0.0 0.264453125 0.0 0.06640625
16 0.0 0.330859375 0.0 0.06640625
16 0.0 0.397265625 0.0 0.06640625
16 0.0 0.463671875 0.0 0.06640625
16 0.0 0.530078125 0.0 0.06640625
10 0.0 0.51640625 0.0 0.8359375
6 0.06631944444444444 0.065625 0.07291666666666667 0.03984375
54 0.05625 0.065625 0.1125 0.065625
16 0.2847222222222222 0.0654296875 0.34444444444444444 0.033203125
7 0.1125 0.048828125 0.0 0.0
16 0.22847222222222222 0.065625 0.45694444444444443 0.065625
57 0.0 0.0328125 0.0 0.0
143 0.7958333333333333 0.065625 0.1361111111111111 0.065625
91 0.9319444444444445 0.065625 0.1361111111111111 0.065625
53 0.5 0.4671875 1.0 0.934375
