36 0.0 0.0328125 0.0 0.0
38 0.1 0.891015625 0.04861111111111111 0.02734375
43 0.1 0.91640625 0.14166666666666666 0.01796875
127 0.1 0.9015625 0.2 0.065625
38 0.3 0.891015625 0.04861111111111111 0.02734375
43 0.3 0.91640625 0.14166666666666666 0.01796875
127 0.3 0.9015625 0.2 0.065625
38 0.5 0.891015625 0.04861111111111111 0.02734375
43 0.5 0.91640625 0.14166666666666666 0.01796875
127 0.5 0.9015625 0.2 0.065625
38 0.7 0.891015625 0.04861111111111111 0.02734375
43 0.7 0.91640625 0.14166666666666666 0.01796875
127 0.7 0.9015625 0.2 0.065625
38 0.9 0.891015625 0.04861111111111111 0.02734375
43 0.9 0.91640625 0.14166666666666666 0.01796875
127 0.9 0.9015625 0.2 0.065625
128 0.5 0.9015625 1.0 0.065625
50 1.0 0.4890625 0.0 0.759375
8 0.0 0.4890625 0.0 0.759375
43 0.17291666666666666 0.1470703125 0.26805555555555555 0.075390625
8 0.5 0.1470703125 0.9222222222222223 0.075390625
43 0.16493055555555555 0.2240234375 0.2520833333333333 0.075390625
8 0.5 0.2240234375 0.9222222222222223 0.075390625
43 0.15208333333333332 0.3009765625 0.2263888888888889 0.075390625
8 0.5 0.3009765625 0.9222222222222223 0.075390625
43 0.1326388888888889 0.3779296875 0.1875 0.075390625
8 0.5 0.3779296875 0.9222222222222223 0.075390625
43 0.1329861111111111 0.4548828125 0.18819444444444444 0.075390625
8 0.5 0.4548828125 0.9222222222222223 0.075390625
43 0.18611111111111112 0.5318359375 0.29444444444444445 0.075390625
8 0.5 0.5318359375 0.9222222222222223 0.075390625
1218 0.5 0.4890625 1.0 0.759375
42 0.5 0.48359375 1.0 0.9015625
45 1.0 0.07109375 0.0 0.0765625
43 0.5 0.0708984375 0.9222222222222223 0.030078125
71 0.07534722222222222 0.0708984375 0.07291666666666667 0.041015625
46 0.5 0.07109375 1.0 0.0765625
5 0.5 0.5 1.0 1.0
4 0.5 0.9671875 1.0 0.065625
4 0.5 0.01640625 1.0 0.0328125
