8 0.001388888888888889 0.03359375 0.002777777777777778 0.0015625
1219 0.0 0.065625 0.0 0.065625
1219 0.0 0.1224609375 0.0 0.048046875
1219 0.0 0.1708984375 0.0 0.048046875
1219 0.0 0.2193359375 0.0 0.048046875
1219 0.0 0.2677734375 0.0 0.048046875
1219 0.0 0.3162109375 0.0 0.048046875
1219 0.0 0.3646484375 0.0 0.048046875
1219 0.0 0.4130859375 0.0 0.048046875
1219 0.0 0.4615234375 0.0 0.048046875
1219 0.0 0.5099609375 0.0 0.048046875
1219 0.0 0.5583984375 0.0 0.048046875
1219 0.0 0.6068359375 0.0 0.048046875
1219 0.0 0.6552734375 0.0 0.048046875
1219 0.0 0.7037109375 0.0 0.048046875
1219 0.0 0.7521484375 0.0 0.048046875
1219 0.0 0.8005859375 0.0 0.048046875
1219 0.0 0.8751953125 0.0 0.003515625
1220 0.0 0.4548828125 0.0 0.844140625
1219 0.058333333333333334 0.065625 0.11666666666666667 0.065625
1221 0.3902777777777778 0.0654296875 0.5472222222222223 0.033203125
1222 0.6055555555555555 0.065625 0.11666666666666667 0.065625
1219 0.33194444444444443 0.065625 0.6638888888888889 0.065625
1223 0.19375 0.11875 0.03888888888888889 0.021875
1221 0.36354166666666665 0.11875 0.30069444444444443 0.02578125
1220 0.33194444444444443 0.1189453125 0.6638888888888889 0.041015625
1224 0.2465277777777778 0.1634765625 0.4444444444444444 0.033203125
1219 0.33194444444444443 0.1634765625 0.6638888888888889 0.048046875
1224 0.259375 0.2119140625 0.4701388888888889 0.033203125
1219 0.33194444444444443 0.2119140625 0.6638888888888889 0.048046875
1224 0.24756944444444445 0.2603515625 0.4465277777777778 0.033203125
1219 0.33194444444444443 0.2603515625 0.6638888888888889 0.048046875
1224 0.2652777777777778 0.3087890625 0.48194444444444445 0.033203125
1219 0.33194444444444443 0.3087890625 0.6638888888888889 0.048046875
1224 0.19583333333333333 0.3572265625 0.34305555555555556 0.033203125
1219 0.33194444444444443 0.3572265625 0.6638888888888889 0.048046875
1224 0.14618055555555556 0.4056640625 0.24375 0.033203125
1219 0.33194444444444443 0.4056640625 0.6638888888888889 0.048046875
1224 0.12916666666666668 0.4541015625 0.20972222222222223 0.033203125
1219 0.33194444444444443 0.4541015625 0.6638888888888889 0.048046875
10 0.33194444444444443 0.508203125 0.6638888888888889 0.7375
1219 0.33194444444444443 0.48359375 0.6638888888888889 0.9015625
1222 0.6055555555555555 0.9056640625 0.11666666666666667 0.057421875
1219 0.33194444444444443 0.9056640625 0.6638888888888889 0.057421875
1222 0.7222222222222222 0.065625 0.11666666666666667 0.065625
1220 0.6638888888888889 0.0328125 0.0 0.0
1225 0.8319444444444445 0.065625 0.33611111111111114 0.065625
6 0.7204861111111112 0.0654296875 0.04513888888888889 0.025390625
1219 0.8319444444444445 0.111328125 0.33611111111111114 0.02578125
1226 0.8319444444444445 0.4951171875 0.33611111111111114 0.741796875
8 0.8319444444444445 0.282421875 0.33611111111111114 0.31640625
8 0.6638888888888889 0.12421875 0.0 0.0
1227 0.8440972222222223 0.3697265625 0.31180555555555556 0.068359375
8 0.8319444444444445 0.444140625 0.33611111111111114 0.00703125
8 0.6638888888888889 0.440625 0.0 0.0
16 0.8319444444444445 0.5025390625 0.33611111111111114 0.077734375
8 0.8319444444444445 0.502734375 0.33611111111111114 0.12421875
8 0.8319444444444445 0.568359375 0.33611111111111114 0.00703125
8 0.6638888888888889 0.56484375 0.0 0.0
16 0.8319444444444445 0.6267578125 0.33611111111111114 0.077734375
8 0.8319444444444445 0.626953125 0.33611111111111114 0.12421875
8 0.8319444444444445 0.692578125 0.33611111111111114 0.00703125
8 0.6638888888888889 0.6890625 0.0 0.0
16 0.8319444444444445 0.7509765625 0.33611111111111114 0.077734375
8 0.8319444444444445 0.751171875 0.33611111111111114 0.12421875
8 0.8319444444444445 0.8396484375 0.33611111111111114 0.052734375
8 0.6638888888888889 0.81328125 0.0 0.0
7 0.8503472222222223 0.87890625 0.29930555555555555 0.02578125
4 0.8319444444444445 0.9015625 0.33611111111111114 0.07109375
1200 0.8875 0.9001953125 0.225 0.068359375
7 0.6638888888888889 0.866015625 0.0 0.0
1219 0.8319444444444445 0.48359375 0.33611111111111114 0.9015625
1228 0.5 0.48359375 1.0 0.9015625
4 0.5 0.9671875 1.0 0.065625
4 0.5 0.01640625 1.0 0.0328125
5 0.5 0.5 1.0 1.0
