6 0.5 0.15390625 0.9513888888888888 0.08359375
7 0.08715277777777777 0.2369140625 0.12569444444444444 0.027734375
177 0.5 0.2794921875 0.7291666666666666 0.043359375
177 0.5 0.3365234375 0.7291666666666666 0.043359375
114 0.5 0.415234375 0.7291666666666666 0.07265625
114 0.24479166666666666 0.51171875 0.21875 0.065625
114 0.7256944444444444 0.51171875 0.2777777777777778 0.065625
19 0.5 0.530859375 0.18472222222222223 0.10390625
8 0.5 0.51640625 1.0 0.8359375
57 0.0 0.0328125 0.0 0.0
54 0.06875 0.065625 0.09722222222222222 0.065625
16 0.20208333333333334 0.0654296875 0.16944444444444445 0.033203125
7 0.11736111111111111 0.048828125 0.0 0.0
16 0.15347222222222223 0.065625 0.26666666666666666 0.065625
91 0.9319444444444445 0.065625 0.1361111111111111 0.065625
56 0.5 0.065625 1.0 0.065625
56 0.0 0.0 0.0 0.0
53 0.5 0.4671875 1.0 0.934375
