17 0.0 0.0328125 0.0 0.0
7 0.20555555555555555 0.0708984375 0.11944444444444445 0.036328125
52 0.06805555555555555 0.07109375 0.1361111111111111 0.0765625
22 0.8052083333333333 0.07109375 0.38958333333333334 0.065625
80 0.5 0.07109375 1.0 0.0765625
34 0.5 0.48359375 1.0 0.9015625
38 0.24965277777777778 0.246484375 0.23402777777777778 0.22734375
43 0.25 0.375 0.4513888888888889 0.0296875
16 0.25 0.2544921875 0.5 0.270703125
38 0.7496527777777777 0.246484375 0.23402777777777778 0.22734375
43 0.75 0.375 0.4513888888888889 0.0296875
16 0.75 0.2544921875 0.5 0.270703125
16 0.5 0.2544921875 1.0 0.270703125
38 0.24965277777777778 0.5171875 0.23402777777777778 0.22734375
43 0.25 0.645703125 0.4513888888888889 0.0296875
16 0.25 0.5251953125 0.5 0.270703125
38 0.7496527777777777 0.5171875 0.23402777777777778 0.22734375
43 0.75 0.645703125 0.4513888888888889 0.0296875
16 0.75 0.5251953125 0.5 0.270703125
16 0.5 0.5251953125 1.0 0.270703125
38 0.24965277777777778 0.787890625 0.23402777777777778 0.22734375
43 0.25 0.91640625 0.4513888888888889 0.0296875
16 0.25 0.7958984375 0.5 0.270703125
38 0.7496527777777777 0.787890625 0.23402777777777778 0.22734375
43 0.75 0.91640625 0.4513888888888889 0.0296875
16 0.75 0.7958984375 0.5 0.270703125
16 0.5 0.7958984375 1.0 0.270703125
38 0.24965277777777778 0.9396484375 0.23402777777777778 0.010546875
38 0.7496527777777777 0.9396484375 0.23402777777777778 0.010546875
16 0.5 0.9328125 1.0 0.003125
5 0.5 0.5 1.0 1.0
4 0.5 0.01640625 1.0 0.0328125
