17 0.0 0.0328125 0.0 0.0
957 0.03888888888888889 0.0708984375 0.0 0.036328125
1230 0.8833333333333333 0.0328125 0.0 0.0
1230 0.9319444444444445 0.07109375 0.09722222222222222 0.0546875
957 0.07777777777777778 0.07109375 0.0 0.0
213 0.46111111111111114 0.07109375 0.7666666666666667 0.0
1231 0.17395833333333333 0.07109375 0.2701388888888889 0.0328125
80 0.5 0.07109375 1.0 0.0765625
45 1.0 0.07109375 0.0 0.0765625
8 0.0 0.25 0.0 0.28125
1232 0.5 0.25 1.0 0.28125
1231 0.5336805555555556 0.2498046875 0.024305555555555556 0.013671875
1233 0.4996527777777778 0.2498046875 0.3840277777777778 0.013671875
8 1.0 0.25 0.0 0.28125
957 0.5 0.1806640625 0.3861111111111111 0.033203125
957 0.5 0.22109375 0.8083333333333333 0.02578125
1234 0.5 0.321484375 0.9611111111111111 0.0359375
957 0.8725694444444444 0.3189453125 0.17708333333333334 0.022265625
1235 0.10902777777777778 0.41171875 0.09722222222222222 0.0546875
957 0.2298611111111111 0.4115234375 0.10555555555555556 0.048046875
957 0.17708333333333334 0.3875 0.0 0.0
16 0.3142361111111111 0.4115234375 0.2743055555555556 0.048046875
16 0.25590277777777776 0.41171875 0.46875 0.0984375
4 0.46111111111111114 0.37890625 0.019444444444444445 0.0109375
1235 0.5972222222222222 0.41171875 0.09722222222222222 0.0546875
957 0.7180555555555556 0.4115234375 0.10555555555555556 0.048046875
957 0.6652777777777777 0.3875 0.0 0.0
16 0.8024305555555555 0.4115234375 0.2743055555555556 0.048046875
16 0.7440972222222222 0.41171875 0.46875 0.0984375
4 0.9493055555555555 0.37890625 0.019444444444444445 0.0109375
106 0.5 0.4138671875 0.9611111111111111 0.105078125
957 0.17222222222222222 0.5078125 0.3013888888888889 0.02578125
16 0.5 0.5078125 0.9569444444444445 0.02578125
1235 0.10902777777777778 0.580859375 0.09722222222222222 0.0546875
957 0.3142361111111111 0.5806640625 0.2743055555555556 0.048046875
957 0.17708333333333334 0.556640625 0.0 0.0
16 0.25590277777777776 0.580859375 0.46875 0.0984375
4 0.46111111111111114 0.548046875 0.019444444444444445 0.0109375
1235 0.5972222222222222 0.580859375 0.09722222222222222 0.0546875
957 0.8024305555555555 0.5806640625 0.2743055555555556 0.048046875
957 0.6652777777777777 0.556640625 0.0 0.0
16 0.7440972222222222 0.580859375 0.46875 0.0984375
4 0.9493055555555555 0.548046875 0.019444444444444445 0.0109375
1235 0.10902777777777778 0.690234375 0.09722222222222222 0.0546875
957 0.3142361111111111 0.6900390625 0.2743055555555556 0.048046875
957 0.17708333333333334 0.666015625 0.0 0.0
16 0.25590277777777776 0.690234375 0.46875 0.0984375
4 0.46111111111111114 0.657421875 0.019444444444444445 0.0109375
1235 0.5972222222222222 0.690234375 0.09722222222222222 0.0546875
957 0.7767361111111111 0.690234375 0.22291666666666668 0.02578125
957 0.6652777777777777 0.67734375 0.0 0.0
16 0.7440972222222222 0.690234375 0.46875 0.0984375
4 0.9493055555555555 0.657421875 0.019444444444444445 0.0109375
1235 0.10902777777777778 0.799609375 0.09722222222222222 0.0546875
957 0.26493055555555556 0.799609375 0.17569444444444443 0.02578125
957 0.17708333333333334 0.78671875 0.0 0.0
16 0.25590277777777776 0.799609375 0.46875 0.0984375
4 0.46111111111111114 0.766796875 0.019444444444444445 0.0109375
1235 0.5972222222222222 0.799609375 0.09722222222222222 0.0546875
957 0.7923611111111111 0.799609375 0.25416666666666665 0.02578125
957 0.6652777777777777 0.78671875 0.0 0.0
16 0.7440972222222222 0.799609375 0.46875 0.0984375
4 0.9493055555555555 0.766796875 0.019444444444444445 0.0109375
106 0.5 0.6603515625 0.9611111111111111 0.387890625
16 0.5 0.5806640625 0.9611111111111111 0.554296875
1236 0.5 0.48359375 1.0 0.7484375
1237 0.0 0.109375 0.0 0.0
4 0.5 0.855078125 1.0 0.00546875
1238 0.5 0.89609375 1.0 0.0765625
1231 0.16666666666666666 0.882421875 0.058333333333333334 0.0328125
957 0.16666666666666666 0.91171875 0.275 0.02578125
957 0.225 0.87421875 0.03888888888888889 0.021875
50 0.16666666666666666 0.89609375 0.3333333333333333 0.0765625
957 0.5388888888888889 0.87421875 0.03888888888888889 0.021875
957 0.5 0.9134765625 0.275 0.022265625
50 0.5 0.89609375 0.3333333333333333 0.0765625
957 0.8722222222222222 0.87421875 0.03888888888888889 0.021875
957 0.8333333333333334 0.9134765625 0.275 0.022265625
50 0.8333333333333334 0.89609375 0.3333333333333333 0.0765625
34 0.5 0.48359375 1.0 0.9015625
4 0.5 0.9671875 1.0 0.065625
4 0.5 0.01640625 1.0 0.0328125
5 0.5 0.5 1.0 1.0
