0 0.0 0.0 0.0 0.0
16 0.0 0.48359375 0.0 0.32890625
8 0.0 0.48359375 0.0 0.9015625
7 0.5 0.0931640625 0.9027777777777778 0.066015625
7 0.4996527777777778 0.35546875 0.44375 0.05546875
177 0.5 0.4326171875 1.0 0.055078125
114 0.5 0.5267578125 0.4861111111111111 0.078515625
7 0.5 0.602734375 0.6930555555555555 0.0296875
16 0.5 0.48359375 1.0 0.31171875
6 0.07326388888888889 0.79765625 0.14652777777777778 0.13671875
114 0.8954861111111111 0.8833984375 0.13125 0.058203125
1241 0.5 0.48359375 1.0 0.9015625
16 1.0 0.48359375 0.0 0.32890625
6 1.0 0.79765625 0.0 0.13671875
8 1.0 0.48359375 0.0 0.9015625
4 0.5 0.9671875 1.0 0.065625
4 0.5 0.01640625 1.0 0.0328125
5 0.5 0.5 1.0 1.0
