1239 0.1 0.14921875 0.0 0.0
1240 0.14375 0.164453125 0.03888888888888889 0.03046875
1239 0.5388888888888889 0.1611328125 0.7222222222222222 0.023828125
6 0.15833333333333333 0.203125 0.06805555555555555 0.03828125
1239 0.40694444444444444 0.192578125 0.38055555555555554 0.02578125
1239 0.5461805555555556 0.216015625 0.6590277777777778 0.02109375
8 0.5 0.203125 0.8 0.046875
8 0.20104166666666667 0.2525390625 0.20208333333333334 0.046484375
8 0.403125 0.2525390625 0.20208333333333334 0.046484375
8 0.6052083333333333 0.2525390625 0.20208333333333334 0.046484375
8 0.7475694444444444 0.2525390625 0.08263888888888889 0.046484375
19 0.70625 0.229296875 0.0 0.0
8 0.8444444444444444 0.2525390625 0.1111111111111111 0.046484375
16 0.5 0.2525390625 0.8 0.046484375
6 0.14375 0.309765625 0.03888888888888889 0.021875
1239 0.5 0.3271484375 0.6736111111111112 0.018359375
6 0.85625 0.309765625 0.03888888888888889 0.021875
1239 0.16319444444444445 0.38046875 0.0 0.0
1239 0.5 0.3712890625 0.6736111111111112 0.018359375
6 0.85625 0.390234375 0.03888888888888889 0.01953125
1239 0.5 0.41953125 0.6736111111111112 0.02578125
1239 0.16319444444444445 0.4328125 0.0 0.0
6 0.85625 0.442578125 0.03888888888888889 0.01953125
16 0.5 0.4458984375 0.7513888888888889 0.026171875
1239 0.5 0.471875 0.6736111111111112 0.02578125
1239 0.16319444444444445 0.458984375 0.0 0.0
6 0.85625 0.502734375 0.03888888888888889 0.021875
16 0.5 0.5072265625 0.7513888888888889 0.044140625
1239 0.5 0.5201171875 0.6736111111111112 0.018359375
1239 0.16319444444444445 0.55546875 0.0 0.0
1239 0.5 0.568359375 0.6736111111111112 0.02578125
6 0.85625 0.565234375 0.03888888888888889 0.01953125
16 0.5 0.5947265625 0.7513888888888889 0.026171875
1239 0.16319444444444445 0.581640625 0.0 0.0
1239 0.5 0.620703125 0.6736111111111112 0.02578125
6 0.85625 0.625390625 0.03888888888888889 0.021875
1239 0.5 0.66484375 0.6736111111111112 0.02578125
1239 0.16319444444444445 0.651953125 0.0 0.0
6 0.85625 0.695703125 0.03888888888888889 0.021875
16 0.5 0.7001953125 0.7513888888888889 0.044140625
1239 0.5 0.7130859375 0.6736111111111112 0.018359375
1239 0.16319444444444445 0.76640625 0.0 0.0
1239 0.5 0.7572265625 0.6736111111111112 0.018359375
6 0.85625 0.776171875 0.03888888888888889 0.01953125
1239 0.5 0.80546875 0.6736111111111112 0.02578125
6 0.14375 0.81015625 0.03888888888888889 0.021875
1239 0.5 0.8275390625 0.6736111111111112 0.018359375
6 0.85625 0.81015625 0.03888888888888889 0.021875
16 0.5 0.564453125 0.8 0.571875
476 0.5 0.4998046875 0.8 0.701171875
