17 0.0 0.0 0.0 0.0
7 0.20173611111111112 0.0708984375 0.11180555555555556 0.036328125
52 0.06805555555555555 0.07109375 0.1361111111111111 0.0765625
45 1.0 0.07109375 0.0 0.0765625
118 0.5 0.10390625 1.0 0.1421875
38 0.0 0.109375 0.0 0.0
43 0.24965277777777778 0.1421875 0.13541666666666666 0.02578125
127 0.25 0.1421875 0.5 0.065625
38 0.5 0.109375 0.0 0.0
43 0.75 0.1421875 0.17916666666666667 0.02578125
127 0.75 0.1421875 0.5 0.065625
128 0.5 0.1421875 1.0 0.065625
16 0.0 0.496484375 0.0 0.64296875
43 0.0 0.826171875 0.0 0.065625
111 0.0 0.5546875 0.0 0.759375
43 0.0 0.175 0.0 0.0
43 0.5 0.1970703125 0.9222222222222223 0.022265625
38 0.07777777777777778 0.230078125 0.04722222222222222 0.0265625
43 0.5388888888888889 0.2298828125 0.8444444444444444 0.033203125
8 0.5 0.275390625 0.9222222222222223 0.04375
43 0.8652777777777778 0.2908203125 0.0 0.014453125
38 0.9222222222222223 0.275390625 0.058333333333333334 0.0328125
43 0.4288194444444444 0.2751953125 0.7798611111111111 0.033203125
16 0.5 0.2365234375 1.0 0.123046875
41 0.5 0.3240234375 0.9611111111111111 0.051953125
43 0.5 0.9078125 1.0 0.053125
38 0.5 0.4142578125 1.0 0.232421875
43 0.5 0.585546875 0.8541666666666666 0.05546875
71 0.5 0.6734375 0.24305555555555555 0.065625
106 0.5 0.5896484375 1.0 0.583203125
38 0.5 0.2634765625 0.9472222222222222 0.069140625
43 0.6784722222222223 0.290625 0.025 0.01484375
43 0.7625 0.2994140625 0.13333333333333333 0.002734375
43 0.8013888888888889 0.309765625 0.2708333333333333 0.0234375
43 0.3645833333333333 0.2830078125 0.6027777777777777 0.030078125
8 0.5 0.309765625 0.8736111111111111 0.0234375
38 0.5 0.5234375 0.9472222222222222 0.31484375
43 0.6784722222222223 0.7185546875 0.025 0.033203125
43 0.7625 0.7234375 0.13333333333333333 0.05859375
43 0.8652777777777778 0.7189453125 0.0 0.033203125
43 0.8986111111111111 0.73203125 0.06666666666666667 0.04140625
43 0.8013888888888889 0.760546875 0.2708333333333333 0.02578125
43 0.3645833333333333 0.7017578125 0.6027777777777777 0.036328125
8 0.5 0.728515625 0.8736111111111111 0.08984375
41 0.5 0.5814453125 0.9611111111111111 0.441015625
38 0.5 0.849609375 0.9472222222222222 0.06328125
103 0.5 0.5546875 1.0 0.759375
194 0.5 0.175 0.09722222222222222 0.0
34 0.5 0.4671875 1.0 0.934375
16 0.0 0.1216796875 0.0 0.243359375
82 0.0 0.276171875 0.0 0.065625
43 0.0 0.354296875 0.0 0.065625
82 0.0 0.419921875 0.0 0.065625
82 0.0 0.485546875 0.0 0.065625
82 0.0 0.551171875 0.0 0.065625
82 0.0 0.616796875 0.0 0.065625
82 0.0 0.682421875 0.0 0.065625
82 0.0 0.748046875 0.0 0.065625
82 0.0 0.891796875 0.0 0.065625
4 0.0 0.9349609375 0.0 0.001171875
113 0.0 0.4671875 0.0 0.934375
4 0.5 0.9671875 1.0 0.065625
5 0.5 0.5 1.0 1.0
