17 0.0 0.0 0.0 0.0
7 0.25381944444444443 0.0708984375 0.21597222222222223 0.036328125
52 0.06805555555555555 0.07109375 0.1361111111111111 0.0765625
45 1.0 0.07109375 0.0 0.0765625
118 0.5 0.10390625 1.0 0.1421875
38 0.0 0.109375 0.0 0.0
43 0.25 0.1421875 0.1763888888888889 0.02578125
127 0.25 0.1421875 0.5 0.065625
38 0.5 0.109375 0.0 0.0
43 0.75 0.1421875 0.08333333333333333 0.02578125
127 0.75 0.1421875 0.5 0.065625
128 0.5 0.1421875 1.0 0.065625
38 0.0 0.175 0.0 0.0
16 0.5 0.175 0.9222222222222223 0.0
194 0.5 0.175 0.09722222222222222 0.0
103 0.5 0.5546875 1.0 0.759375
38 0.4996527777777778 0.295703125 0.3548611111111111 0.159375
43 0.5 0.424609375 0.6180555555555556 0.04375
43 0.5 0.487890625 0.8541666666666666 0.05546875
16 0.5 0.3658203125 1.0 0.299609375
103 1.0 0.5546875 0.0 0.759375
38 1.0 0.175 0.0 0.0
16 1.0 0.3529296875 0.0 0.273828125
34 0.5 0.4671875 1.0 0.934375
32 0.8930555555555556 0.87421875 0.1361111111111111 0.0765625
43 0.3888888888888889 0.02265625 0.7777777777777778 0.0453125
82 0.3888888888888889 0.078125 0.7777777777777778 0.065625
50 0.7388888888888889 0.078125 0.0 0.065625
82 0.3888888888888889 0.14375 0.7777777777777778 0.065625
50 0.7388888888888889 0.14375 0.0 0.065625
82 0.3888888888888889 0.209375 0.7777777777777778 0.065625
50 0.7388888888888889 0.209375 0.0 0.065625
82 0.3888888888888889 0.275 0.7777777777777778 0.065625
50 0.7388888888888889 0.275 0.0 0.065625
82 0.3888888888888889 0.340625 0.7777777777777778 0.065625
50 0.7388888888888889 0.340625 0.0 0.065625
82 0.3888888888888889 0.40625 0.7777777777777778 0.065625
50 0.7388888888888889 0.40625 0.0 0.065625
43 0.3888888888888889 0.484375 0.7777777777777778 0.065625
82 0.3888888888888889 0.55 0.7777777777777778 0.065625
50 0.7388888888888889 0.55 0.0 0.065625
43 0.3888888888888889 0.628125 0.7777777777777778 0.065625
82 0.3888888888888889 0.69375 0.7777777777777778 0.065625
50 0.7388888888888889 0.69375 0.0 0.065625
82 0.3888888888888889 0.759375 0.7777777777777778 0.065625
50 0.7388888888888889 0.759375 0.0 0.065625
82 0.3888888888888889 0.825 0.7777777777777778 0.065625
50 0.7388888888888889 0.825 0.0 0.065625
82 0.3888888888888889 0.890625 0.7777777777777778 0.065625
50 0.7388888888888889 0.890625 0.0 0.065625
113 0.3888888888888889 0.4671875 0.7777777777777778 0.934375
4 0.5 0.9671875 1.0 0.065625
5 0.5 0.5 1.0 1.0
