0 0.0 0.0 0.0 0.0
7 0.5 0.0720703125 0.4388888888888889 0.040234375
8 0.5 0.0720703125 1.0 0.078515625
4 0.0 0.111328125 0.0 0.0
8 0.5 0.475 1.0 0.72734375
19 0.5 0.475 0.11666666666666667 0.065625
6 0.3017361111111111 0.886328125 0.18263888888888888 0.05390625
6 0.484375 0.886328125 0.18263888888888888 0.0546875
6 0.6670138888888889 0.886328125 0.18263888888888888 0.05390625
16 0.4996527777777778 0.8865234375 0.5784722222222223 0.095703125
8 0.5 0.8865234375 1.0 0.095703125
5 0.5 0.4671875 1.0 0.934375
