0 0.0 0.0 0.0 0.0
8 0.5 0.090234375 1.0 0.11484375
6 0.2065972222222222 0.1962890625 0.3159722222222222 0.055859375
7 0.5309027777777777 0.19609375 0.3326388888888889 0.05546875
16 0.5 0.1962890625 0.9027777777777778 0.055859375
7 0.5 0.275 0.9027777777777778 0.0875
114 0.5 0.3734375 0.5833333333333334 0.0546875
7 0.5 0.4265625 0.6055555555555555 0.02421875
114 0.5 0.4796875 0.5833333333333334 0.0546875
7 0.4996527777777778 0.5443359375 0.3548611111111111 0.033203125
16 0.5 0.43984375 1.0 0.2421875
8 0.5 0.541015625 1.0 0.78671875
5 0.5 0.4671875 1.0 0.934375
