17 0.0 0.0 0.0 0.0
38 0.059027777777777776 0.1421875 0.07777777777777778 0.0328125
322 0.37916666666666665 0.14140625 0.5625 0.04921875
38 0.09791666666666667 0.109375 0.0 0.0
38 0.0006944444444444445 0.109375 0.0 0.0
323 0.33993055555555557 0.1421875 0.6798611111111111 0.065625
43 0.8170138888888889 0.140625 0.1326388888888889 0.02578125
116 0.8399305555555555 0.1408203125 0.32013888888888886 0.062890625
128 0.5 0.109375 1.0 0.0
194 0.5 0.175 0.09722222222222222 0.0
43 0.39826388888888886 0.2056640625 0.48541666666666666 0.028515625
43 0.07777777777777778 0.21875 0.07777777777777778 0.04375
43 0.3215277777777778 0.2310546875 0.33194444444444443 0.022265625
44 0.1795138888888889 0.260546875 0.08541666666666667 0.02578125
43 0.2659722222222222 0.260546875 0.07777777777777778 0.02578125
44 0.3524305555555556 0.260546875 0.08541666666666667 0.02578125
16 0.2659722222222222 0.260546875 0.25833333333333336 0.02578125
916 0.9416666666666667 0.252734375 0.06805555555555555 0.03828125
43 0.6392361111111111 0.2529296875 0.48819444444444443 0.022265625
44 0.0 0.175 0.0 0.0
8 0.5 0.2302734375 1.0 0.110546875
43 0.496875 0.3169921875 0.6826388888888889 0.028515625
43 0.07777777777777778 0.330078125 0.07777777777777778 0.04375
43 0.3215277777777778 0.3423828125 0.33194444444444443 0.022265625
44 0.1795138888888889 0.371875 0.08541666666666667 0.02578125
43 0.2659722222222222 0.371875 0.07777777777777778 0.02578125
44 0.3524305555555556 0.371875 0.08541666666666667 0.02578125
16 0.2659722222222222 0.371875 0.25833333333333336 0.02578125
916 0.9416666666666667 0.3640625 0.06805555555555555 0.03828125
43 0.6392361111111111 0.3642578125 0.48819444444444443 0.022265625
44 0.0 0.286328125 0.0 0.0
8 0.5 0.3416015625 1.0 0.110546875
43 0.4621527777777778 0.4283203125 0.6131944444444445 0.028515625
43 0.07777777777777778 0.44140625 0.07777777777777778 0.04375
43 0.3215277777777778 0.4537109375 0.33194444444444443 0.022265625
44 0.1795138888888889 0.483203125 0.08541666666666667 0.02578125
43 0.27569444444444446 0.483203125 0.09722222222222222 0.02578125
44 0.371875 0.483203125 0.08541666666666667 0.02578125
16 0.27569444444444446 0.483203125 0.2777777777777778 0.02578125
916 0.9416666666666667 0.475390625 0.06805555555555555 0.03828125
43 0.6489583333333333 0.4755859375 0.46875 0.022265625
44 0.0 0.39765625 0.0 0.0
8 0.5 0.4529296875 1.0 0.110546875
43 0.4027777777777778 0.5396484375 0.49444444444444446 0.028515625
43 0.07777777777777778 0.552734375 0.07777777777777778 0.04375
43 0.3215277777777778 0.5650390625 0.33194444444444443 0.022265625
44 0.1795138888888889 0.59453125 0.08541666666666667 0.02578125
43 0.25625 0.59453125 0.058333333333333334 0.02578125
44 0.3329861111111111 0.59453125 0.08541666666666667 0.02578125
16 0.25625 0.59453125 0.2388888888888889 0.02578125
916 0.9416666666666667 0.58671875 0.06805555555555555 0.03828125
43 0.6295138888888889 0.5869140625 0.5076388888888889 0.022265625
44 0.0 0.508984375 0.0 0.0
8 0.5 0.5642578125 1.0 0.110546875
43 0.41631944444444446 0.6509765625 0.5215277777777778 0.028515625
43 0.07777777777777778 0.6640625 0.07777777777777778 0.04375
43 0.28368055555555555 0.6763671875 0.25625 0.022265625
44 0.1795138888888889 0.705859375 0.08541666666666667 0.02578125
43 0.25625 0.705859375 0.058333333333333334 0.02578125
44 0.3329861111111111 0.705859375 0.08541666666666667 0.02578125
16 0.25625 0.705859375 0.2388888888888889 0.02578125
916 0.9416666666666667 0.698046875 0.06805555555555555 0.03828125
43 0.6295138888888889 0.6982421875 0.5076388888888889 0.022265625
44 0.0 0.6203125 0.0 0.0
8 0.5 0.6755859375 1.0 0.110546875
43 0.3909722222222222 0.7623046875 0.4708333333333333 0.028515625
43 0.07777777777777778 0.775390625 0.07777777777777778 0.04375
43 0.28368055555555555 0.7876953125 0.25625 0.022265625
44 0.1795138888888889 0.8171875 0.08541666666666667 0.02578125
43 0.25625 0.8171875 0.058333333333333334 0.02578125
44 0.3329861111111111 0.8171875 0.08541666666666667 0.02578125
16 0.25625 0.8171875 0.2388888888888889 0.02578125
916 0.9416666666666667 0.809375 0.06805555555555555 0.03828125
43 0.6295138888888889 0.8095703125 0.5076388888888889 0.022265625
44 0.0 0.731640625 0.0 0.0
8 0.5 0.7869140625 1.0 0.110546875
43 0.4951388888888889 0.8736328125 0.6791666666666667 0.028515625
43 0.07777777777777778 0.88671875 0.07777777777777778 0.04375
43 0.3215277777777778 0.8990234375 0.33194444444444443 0.022265625
44 0.1795138888888889 0.925 0.08541666666666667 0.01875
43 0.25625 0.925 0.058333333333333334 0.01875
44 0.3329861111111111 0.925 0.08541666666666667 0.01875
16 0.25625 0.925 0.2388888888888889 0.01875
916 0.9416666666666667 0.91796875 0.06805555555555555 0.0328125
43 0.6295138888888889 0.9208984375 0.5076388888888889 0.022265625
44 0.0 0.84296875 0.0 0.0
8 0.5 0.888671875 1.0 0.09140625
111 0.5 0.5546875 1.0 0.759375
32 0.8930555555555556 0.87421875 0.1361111111111111 0.0765625
43 0.4996527777777778 0.4759765625 0.3548611111111111 0.036328125
43 0.4996527777777778 0.5125 0.5881944444444445 0.03671875
71 0.5 0.574609375 0.7291666666666666 0.065625
16 0.5 0.5380859375 0.7680555555555556 0.160546875
43 0.5 0.5380859375 0.3819444444444444 0.036328125
19 0.5 0.477734375 0.1361111111111111 0.0765625
43 0.5 0.5599609375 0.09722222222222222 0.087890625
71 0.5 0.63671875 0.23194444444444445 0.065625
1242 0.5 0.109375 0.5833333333333334 0.0
44 0.06805555555555555 0.07109375 0.1361111111111111 0.0765625
45 1.0 0.07109375 0.0 0.0765625
43 0.33229166666666665 0.0708984375 0.3729166666666667 0.036328125
80 0.5 0.07109375 1.0 0.0765625
34 0.5 0.4671875 1.0 0.934375
38 0.3402777777777778 0.123046875 0.6805555555555556 0.24609375
916 0.11666666666666667 0.1015625 0.15555555555555556 0.0875
43 0.1267361111111111 0.180078125 0.17569444444444443 0.02578125
43 0.24444444444444444 0.20859375 0.4111111111111111 0.03125
71 0.5736111111111111 0.211328125 0.21388888888888888 0.06953125
82 0.3402777777777778 0.28984375 0.6805555555555556 0.065625
82 0.3402777777777778 0.35546875 0.6805555555555556 0.065625
82 0.3402777777777778 0.42109375 0.6805555555555556 0.065625
82 0.3402777777777778 0.48671875 0.6805555555555556 0.065625
0 0.0 0.45390625 0.0 0.0
82 0.3402777777777778 0.55234375 0.6805555555555556 0.065625
82 0.3402777777777778 0.61796875 0.6805555555555556 0.065625
82 0.3402777777777778 0.68359375 0.6805555555555556 0.065625
50 0.3402777777777778 0.728125 0.6805555555555556 0.0234375
82 0.3402777777777778 0.77265625 0.6805555555555556 0.065625
82 0.3402777777777778 0.83828125 0.6805555555555556 0.065625
113 0.3402777777777778 0.4671875 0.6805555555555556 0.934375
4 0.5 0.9671875 1.0 0.065625
5 0.5 0.5 1.0 1.0
