36 0.0 0.0328125 0.0 0.0
660 0.0 0.417578125 0.0 0.5625
38 0.0 0.844140625 0.0 0.13671875
8 0.0 0.521875 0.0 0.825
660 0.4996527777777778 0.6568359375 0.30625 0.172265625
38 0.34652777777777777 0.570703125 0.0 0.0
661 0.5 0.844140625 0.24305555555555555 0.13671875
38 0.8611111111111112 0.844140625 0.2 0.13671875
38 0.1388888888888889 0.844140625 0.2 0.13671875
43 0.0 0.109375 0.0 0.0
43 0.4996527777777778 0.301953125 0.42569444444444443 0.34140625
43 0.4996527777777778 0.4916015625 0.31319444444444444 0.037890625
43 0.5 0.5365234375 0.2652777777777778 0.046484375
7 0.05555555555555555 0.730859375 0.03333333333333333 0.0171875
1243 0.5 0.7224609375 0.9222222222222223 0.062109375
16 0.5 0.737890625 0.9222222222222223 0.03125
42 0.5 0.48359375 1.0 0.9015625
660 1.0 0.417578125 0.0 0.59453125
38 1.0 0.1203125 0.0 0.0
38 1.0 0.844140625 0.0 0.13671875
8 1.0 0.521875 0.0 0.825
43 0.3489583333333333 0.0708984375 0.34791666666666665 0.036328125
44 0.06805555555555555 0.07109375 0.1361111111111111 0.0765625
22 0.9416666666666667 0.07109375 0.11666666666666667 0.065625
46 0.5 0.07109375 1.0 0.0765625
5 0.5 0.5 1.0 1.0
4 0.5 0.9671875 1.0 0.065625
4 0.5 0.01640625 1.0 0.0328125
