44 0.0 0.0328125 0.0 0.0
7 0.25 0.138671875 0.5 0.05859375
7 0.75 0.138671875 0.5 0.05859375
1244 0.5 0.138671875 1.0 0.05859375
44 0.058333333333333334 0.07109375 0.11666666666666667 0.0765625
44 0.9416666666666667 0.07109375 0.11666666666666667 0.0765625
43 0.2378472222222222 0.07109375 0.16458333333333333 0.0765625
44 0.11666666666666667 0.04375 0.0 0.0
1245 0.5 0.07109375 0.7666666666666667 0.0546875
8 0.5 0.07109375 1.0 0.0765625
7 0.0 0.1001953125 0.0 0.036328125
1246 0.5 0.1447265625 1.0 0.046484375
1246 0.07777777777777778 0.1775390625 0.07777777777777778 0.019140625
43 0.5680555555555555 0.1740234375 0.825 0.012109375
8 0.5 0.194140625 1.0 0.05234375
1246 0.5 0.340625 1.0 0.240625
38 0.9416666666666667 0.2462890625 0.07777777777777778 0.030078125
43 0.7986111111111112 0.2462890625 0.16944444444444445 0.030078125
1246 0.07777777777777778 0.5046875 0.07777777777777778 0.04375
43 0.5680555555555555 0.5046875 0.825 0.0296875
16 0.5 0.5048828125 1.0 0.087890625
50 0.0 0.1939453125 0.0 0.051953125
8 0.5 0.554296875 1.0 0.0109375
8 0.5 0.3900390625 1.0 0.339453125
1246 0.5 0.680078125 1.0 0.240625
38 0.9416666666666667 0.5857421875 0.07777777777777778 0.030078125
43 0.7760416666666666 0.5857421875 0.21458333333333332 0.030078125
1246 0.07777777777777778 0.844140625 0.07777777777777778 0.04375
43 0.5680555555555555 0.844140625 0.825 0.05546875
16 0.5 0.8443359375 1.0 0.087890625
4 0.0 0.559765625 0.0 0.0
1246 0.5 0.916796875 1.0 0.03515625
8 0.5 0.7294921875 1.0 0.339453125
38 0.9416666666666667 0.922265625 0.07777777777777778 0.02421875
43 0.7760416666666666 0.922265625 0.21458333333333332 0.02421875
146 0.0 0.934375 0.0 0.0
103 0.5 0.551171875 1.0 0.76640625
194 0.5 0.16796875 0.09722222222222222 0.0
1247 0.0 0.16796875 0.0 0.0
1246 0.0 0.28828125 0.0 0.240625
16 0.0 0.4525390625 0.0 0.087890625
8 0.0 0.501953125 0.0 0.0109375
8 0.0 0.3376953125 0.0 0.339453125
1248 0.0 0.551171875 0.0 0.76640625
38 0.5 0.323046875 0.09722222222222222 0.0546875
43 0.4996527777777778 0.380859375 0.28680555555555554 0.0390625
43 0.4996527777777778 0.4546875 0.4798611111111111 0.08125
8 0.5 0.3955078125 1.0 0.455078125
34 0.5 0.48359375 1.0 0.9015625
4 0.5 0.9671875 1.0 0.065625
4 0.5 0.01640625 1.0 0.0328125
5 0.5 0.5 1.0 1.0
