17 0.0 0.0 0.0 0.0
43 0.21145833333333333 0.0708984375 0.13125 0.036328125
44 0.06805555555555555 0.07109375 0.1361111111111111 0.0765625
22 0.5965277777777778 0.07109375 0.0875 0.065625
22 0.6840277777777778 0.07109375 0.0875 0.065625
22 0.7715277777777778 0.07109375 0.0875 0.065625
22 0.8590277777777777 0.07109375 0.0875 0.065625
173 0.9513888888888888 0.07109375 0.09722222222222222 0.065625
45 0.7763888888888889 0.07109375 0.44722222222222224 0.0765625
118 0.5 0.07109375 1.0 0.0765625
8 0.4996527777777778 0.45390625 0.09513888888888888 0.0984375
16 0.5 0.4662109375 0.21388888888888888 0.123046875
43 0.5 0.5552734375 0.20416666666666666 0.033203125
43 0.5 0.608203125 0.8055555555555556 0.06171875
16 0.5 0.521875 0.9513888888888888 0.26171875
8 0.5 0.521875 1.0 0.825
38 0.009722222222222222 0.112109375 0.0 0.0
82 0.0 0.91640625 0.0 0.0359375
16 0.5 0.934375 1.0 0.0
117 0.5 0.866015625 0.7777777777777778 0.13671875
435 0.5 0.866015625 1.0 0.13671875
38 0.12256944444444444 0.1376953125 0.06597222222222222 0.037109375
1249 0.5729166666666666 0.137890625 0.8347222222222223 0.0515625
8 0.5 0.137890625 0.9805555555555555 0.0515625
71 0.11423611111111111 0.18515625 0.20902777777777778 0.03984375
71 0.31631944444444443 0.18515625 0.18958333333333333 0.03984375
71 0.5184027777777778 0.18515625 0.20902777777777778 0.03984375
71 0.6875 0.18515625 0.12361111111111112 0.03984375
71 0.8711805555555555 0.18515625 0.23819444444444443 0.03984375
16 0.5 0.18515625 0.9805555555555555 0.03984375
38 0.9315972222222222 0.2451171875 0.04375 0.024609375
38 0.8854166666666666 0.212109375 0.0 0.0
43 0.45 0.2599609375 0.8555555555555555 0.029296875
8 0.5 0.2451171875 0.9555555555555556 0.066015625
43 0.009722222222222222 0.212109375 0.0 0.0
16 0.5 0.1986328125 0.9805555555555555 0.173046875
16 0.5 0.794921875 0.9805555555555555 0.0
35 0.5 0.5400390625 0.9805555555555555 0.509765625
8 0.5 0.453515625 1.0 0.68828125
5 0.5 0.5 1.0 1.0
16 0.0 0.11484375 0.0 0.2296875
82 0.0 0.2625 0.0 0.065625
82 0.0 0.328125 0.0 0.065625
82 0.0 0.39375 0.0 0.065625
82 0.0 0.459375 0.0 0.065625
82 0.0 0.525 0.0 0.065625
82 0.0 0.590625 0.0 0.065625
43 0.0 0.66875 0.0 0.065625
82 0.0 0.734375 0.0 0.065625
82 0.0 0.8 0.0 0.065625
82 0.0 0.865625 0.0 0.065625
113 0.0 0.4671875 0.0 0.934375
4 0.5 0.01640625 1.0 0.0328125
