17 0.0 0.0328125 0.0 0.0
43 0.34305555555555556 0.073828125 0.26944444444444443 0.02890625
44 0.5409722222222222 0.073828125 0.04861111111111111 0.02734375
16 0.5 0.073828125 0.5833333333333334 0.02890625
52 0.06805555555555555 0.07109375 0.1361111111111111 0.0765625
22 0.9416666666666667 0.07109375 0.11666666666666667 0.065625
80 0.5 0.073828125 1.0 0.08203125
194 0.5 0.11484375 0.09722222222222222 0.0
16 0.5 0.1462890625 1.0 0.062890625
43 0.39895833333333336 0.1517578125 0.7395833333333334 0.019140625
43 0.8697916666666666 0.1515625 0.20208333333333334 0.01875
38 0.5 0.331640625 1.0 0.3078125
43 0.5 0.3314453125 0.9027777777777778 0.035546875
43 0.403125 0.36015625 0.15208333333333332 0.021875
38 0.5086805555555556 0.3599609375 0.034027777777777775 0.020703125
43 0.6055555555555555 0.36015625 0.13472222222222222 0.021875
16 0.5 0.36015625 0.3458333333333333 0.021875
38 0.5 0.639453125 1.0 0.3078125
43 0.5 0.6392578125 0.9027777777777778 0.035546875
43 0.4392361111111111 0.66796875 0.15208333333333332 0.021875
38 0.5447916666666667 0.6677734375 0.034027777777777775 0.020703125
38 0.5 0.8228515625 1.0 0.058984375
43 0.5 0.8908203125 0.9027777777777778 0.076953125
43 0.396875 0.90859375 0.15208333333333332 0.1125
38 0.5024305555555556 0.9087890625 0.034027777777777775 0.112890625
43 0.6052083333333333 0.90859375 0.14652777777777778 0.1125
16 0.4996527777777778 0.90859375 0.3576388888888889 0.1125
103 0.5 0.48359375 1.0 0.7375
1250 0.0 0.11484375 0.0 0.0
19 0.5 0.48359375 0.11666666666666667 0.065625
38 0.0 0.331640625 0.0 0.3078125
38 0.0 0.639453125 0.0 0.3078125
38 0.0 0.85234375 0.0 0.0
103 0.0 0.48359375 0.0 0.7375
16 1.0 0.48359375 0.0 0.7375
4 0.0006944444444444445 0.893359375 0.001388888888888889 0.08203125
38 0.16631944444444444 0.8810546875 0.04375 0.024609375
43 0.16631944444444444 0.9111328125 0.11458333333333333 0.013671875
127 0.16666666666666666 0.893359375 0.3333333333333333 0.08203125
4 0.33402777777777776 0.893359375 0.001388888888888889 0.08203125
38 0.3333333333333333 0.85234375 0.0 0.0
38 0.4996527777777778 0.8810546875 0.04375 0.024609375
127 0.5 0.893359375 0.3333333333333333 0.08203125
4 0.6673611111111111 0.893359375 0.001388888888888889 0.08203125
38 0.6666666666666666 0.85234375 0.0 0.0
38 0.8329861111111111 0.8810546875 0.04375 0.024609375
127 0.8333333333333334 0.893359375 0.3333333333333333 0.08203125
4 0.9993055555555556 0.893359375 0.001388888888888889 0.08203125
128 0.5 0.893359375 1.0 0.08203125
455 0.5 0.524609375 1.0 0.81953125
43 0.3159722222222222 0.1474609375 0.5541666666666667 0.024609375
16 0.3159722222222222 0.14765625 0.6319444444444444 0.065625
43 0.3159722222222222 0.2140625 0.5541666666666667 0.02734375
43 0.0 0.18125 0.0 0.0
16 0.3159722222222222 0.2140625 0.6319444444444444 0.065625
43 0.3159722222222222 0.28046875 0.5541666666666667 0.02734375
43 0.0 0.24765625 0.0 0.0
16 0.3159722222222222 0.28046875 0.6319444444444444 0.065625
43 0.3159722222222222 0.346875 0.5541666666666667 0.02734375
43 0.0 0.3140625 0.0 0.0
16 0.3159722222222222 0.346875 0.6319444444444444 0.065625
43 0.3159722222222222 0.41328125 0.5541666666666667 0.02734375
43 0.0 0.38046875 0.0 0.0
16 0.3159722222222222 0.41328125 0.6319444444444444 0.065625
43 0.3159722222222222 0.4796875 0.5541666666666667 0.02734375
43 0.0 0.446875 0.0 0.0
16 0.3159722222222222 0.4796875 0.6319444444444444 0.065625
43 0.3159722222222222 0.54609375 0.5541666666666667 0.02734375
43 0.0 0.51328125 0.0 0.0
16 0.3159722222222222 0.54609375 0.6319444444444444 0.065625
43 0.3159722222222222 0.6125 0.5541666666666667 0.02734375
43 0.0 0.5796875 0.0 0.0
16 0.3159722222222222 0.6125 0.6319444444444444 0.065625
10 0.3159722222222222 0.524609375 0.6319444444444444 0.81953125
34 0.5 0.48359375 1.0 0.9015625
4 0.5 0.9671875 1.0 0.065625
4 0.5 0.01640625 1.0 0.0328125
5 0.5 0.5 1.0 1.0
