44 0.0 0.0328125 0.0 0.0
38 0.5 0.2388671875 0.46805555555555556 0.412109375
43 0.5 0.48359375 0.9083333333333333 0.07734375
43 0.4996527777777778 0.547265625 0.4618055555555556 0.05
38 0.7854166666666667 0.553125 0.10972222222222222 0.06171875
43 0.5 0.87890625 0.025 0.02578125
43 0.29756944444444444 0.893359375 0.3798611111111111 0.0546875
71 0.6826388888888889 0.893359375 0.3402777777777778 0.0546875
8 0.5 0.9001953125 1.0 0.068359375
34 0.5 0.48359375 1.0 0.9015625
43 1.0 0.360546875 0.0 0.08203125
8 1.0 0.9001953125 0.0 0.068359375
8 1.0 0.48359375 0.0 0.9015625
4 0.5 0.9671875 1.0 0.065625
4 0.5 0.01640625 1.0 0.0328125
5 0.5 0.5 1.0 1.0
