116 0.0 0.0328125 0.0 0.0
43 0.10729166666666666 0.0708984375 0.13680555555555557 0.036328125
22 0.8152777777777778 0.07109375 0.1361111111111111 0.065625
22 0.9416666666666667 0.07109375 0.11666666666666667 0.065625
80 0.5 0.07109375 1.0 0.0765625
38 0.5 0.253125 1.0 0.2875
41 0.5 0.294140625 1.0 0.36953125
38 0.0 0.109375 0.0 0.0
38 0.0875 0.437890625 0.09722222222222222 0.0546875
43 0.5875 0.452734375 0.825 0.025
43 0.0 0.410546875 0.0 0.0
8 0.5 0.437890625 1.0 0.08203125
1252 0.0 0.47890625 0.0 0.0
334 0.5 0.4921875 1.0 0.02109375
38 0.13576388888888888 0.5513671875 0.13402777777777777 0.075390625
38 0.06388888888888888 0.5109375 0.0 0.0
43 0.13576388888888888 0.6029296875 0.2423611111111111 0.022265625
8 0.13576388888888888 0.566015625 0.2423611111111111 0.11015625
38 0.378125 0.5513671875 0.13402777777777777 0.075390625
38 0.30625 0.5109375 0.0 0.0
43 0.378125 0.6029296875 0.2423611111111111 0.022265625
8 0.378125 0.566015625 0.2423611111111111 0.11015625
38 0.6204861111111111 0.5513671875 0.13402777777777777 0.075390625
38 0.5486111111111112 0.5109375 0.0 0.0
43 0.6204861111111111 0.6029296875 0.2423611111111111 0.022265625
8 0.6204861111111111 0.566015625 0.2423611111111111 0.11015625
38 0.8628472222222222 0.5513671875 0.13402777777777777 0.075390625
38 0.7909722222222222 0.5109375 0.0 0.0
43 0.8628472222222222 0.6029296875 0.2423611111111111 0.022265625
8 0.8628472222222222 0.566015625 0.2423611111111111 0.11015625
38 0.13576388888888888 0.6681640625 0.13402777777777777 0.075390625
38 0.06388888888888888 0.627734375 0.0 0.0
43 0.13576388888888888 0.7197265625 0.2423611111111111 0.022265625
8 0.13576388888888888 0.6828125 0.2423611111111111 0.11015625
38 0.378125 0.6681640625 0.13402777777777777 0.075390625
38 0.30625 0.627734375 0.0 0.0
43 0.378125 0.7197265625 0.2423611111111111 0.022265625
8 0.378125 0.6828125 0.2423611111111111 0.11015625
38 0.6204861111111111 0.6681640625 0.13402777777777777 0.075390625
38 0.5486111111111112 0.627734375 0.0 0.0
43 0.6204861111111111 0.7197265625 0.2423611111111111 0.022265625
8 0.6204861111111111 0.6828125 0.2423611111111111 0.11015625
38 0.8628472222222222 0.6681640625 0.13402777777777777 0.075390625
38 0.7909722222222222 0.627734375 0.0 0.0
43 0.8628472222222222 0.7197265625 0.2423611111111111 0.022265625
8 0.8628472222222222 0.6828125 0.2423611111111111 0.11015625
38 0.13576388888888888 0.7849609375 0.13402777777777777 0.075390625
38 0.06388888888888888 0.74453125 0.0 0.0
43 0.13576388888888888 0.8365234375 0.2423611111111111 0.022265625
8 0.13576388888888888 0.799609375 0.2423611111111111 0.11015625
38 0.378125 0.7849609375 0.13402777777777777 0.075390625
38 0.30625 0.74453125 0.0 0.0
43 0.378125 0.8365234375 0.2423611111111111 0.022265625
8 0.378125 0.799609375 0.2423611111111111 0.11015625
606 0.5 0.703515625 1.0 0.39609375
8 0.5 0.50546875 1.0 0.7921875
43 0.5 0.91796875 1.0 0.0328125
34 0.5 0.48359375 1.0 0.9015625
4 0.5 0.9671875 1.0 0.065625
4 0.5 0.01640625 1.0 0.0328125
5 0.5 0.5 1.0 1.0
