17 0.0 0.0328125 0.0 0.0
80 0.0 0.07109375 0.0 0.0765625
22 0.8055555555555556 0.07109375 0.11666666666666667 0.065625
22 0.9319444444444445 0.07109375 0.1361111111111111 0.065625
7 0.28854166666666664 0.0892578125 0.28541666666666665 0.022265625
118 0.5 0.07109375 1.0 0.0765625
1253 0.5 0.48359375 1.0 0.9015625
917 0.06805555555555555 0.28203125 0.11666666666666667 0.0
917 0.06805555555555555 0.06875 0.11666666666666667 0.08125
917 0.14097222222222222 0.05703125 0.029166666666666667 0.1046875
8 0.5583333333333333 0.195703125 0.8638888888888889 0.17265625
1254 0.5 0.195703125 0.9805555555555555 0.17265625
4 0.5 0.1115234375 0.0 0.004296875
19 0.5 0.1115234375 1.0 0.004296875
16 0.5 0.9015625 1.0 0.065625
917 0.0 0.9015625 0.0 0.065625
917 0.175 0.9015625 0.11666666666666667 0.065625
454 0.6166666666666667 0.9015625 0.7472222222222222 0.065625
1255 0.0 0.86875 0.0 0.0
1256 0.0 0.109375 0.0 0.0
164 0.0 0.1859375 0.0 0.0765625
18 0.0 0.128515625 0.0 0.19140625
8 0.0 0.25703125 0.0 0.065625
1257 0.11076388888888888 0.25703125 0.22152777777777777 0.065625
1258 0.44166666666666665 0.25703125 0.8833333333333333 0.0328125
1257 0.019444444444444445 0.3265625 0.03888888888888889 0.0296875
917 0.0 0.28984375 0.0 0.0
1258 0.0875 0.296484375 0.175 0.0
8 0.0875 0.3591796875 0.175 0.022265625
917 0.44895833333333335 0.358984375 0.8979166666666667 0.021875
106 0.0 0.579296875 0.0 0.71015625
917 0.1284722222222222 0.4890625 0.2569444444444444 0.2734375
1257 0.04861111111111111 0.6478515625 0.09722222222222222 0.022265625
1259 0.0 0.4853515625 0.0 0.391015625
917 0.0 0.88515625 0.0 0.0984375
111 0.0 0.48359375 0.0 0.9015625
5 0.5 0.5 1.0 1.0
4 0.5 0.9671875 1.0 0.065625
4 0.5 0.01640625 1.0 0.0328125
