38 0.0 0.0328125 0.0 0.0
43 0.21944444444444444 0.07109375 0.16666666666666666 0.065625
38 0.334375 0.07109375 0.034027777777777775 0.0109375
116 0.48055555555555557 0.07109375 0.6888888888888889 0.0765625
38 0.9319444444444445 0.07109375 0.1361111111111111 0.0765625
118 0.5 0.07109375 1.0 0.0765625
44 0.06805555555555555 0.07109375 0.1361111111111111 0.0765625
104 0.5 0.109375 0.09722222222222222 0.0
1260 0.24895833333333334 0.2958984375 0.4979166666666667 0.373046875
38 0.24895833333333334 0.295703125 0.2798611111111111 0.1421875
19 0.24895833333333334 0.2958984375 0.07291666666666667 0.041015625
1261 0.03159722222222222 0.5001953125 0.04375 0.024609375
43 0.1857638888888889 0.50078125 0.24513888888888888 0.02578125
43 0.1 0.5248046875 0.16111111111111112 0.024609375
38 0.37222222222222223 0.524609375 0.029166666666666667 0.01640625
38 0.44722222222222224 0.524609375 0.029166666666666667 0.01640625
8 0.24895833333333334 0.515234375 0.4979166666666667 0.065625
1260 0.7489583333333333 0.2958984375 0.4979166666666667 0.373046875
38 0.7489583333333333 0.295703125 0.2798611111111111 0.1421875
19 0.7489583333333333 0.2958984375 0.07291666666666667 0.041015625
1261 0.5315972222222223 0.5001953125 0.04375 0.024609375
43 0.6857638888888888 0.50078125 0.24513888888888888 0.02578125
43 0.6 0.5248046875 0.16111111111111112 0.024609375
38 0.8722222222222222 0.524609375 0.029166666666666667 0.01640625
38 0.9472222222222222 0.524609375 0.029166666666666667 0.01640625
8 0.7489583333333333 0.515234375 0.4979166666666667 0.065625
1260 0.24895833333333334 0.7345703125 0.4979166666666667 0.373046875
38 0.24895833333333334 0.734375 0.2798611111111111 0.1421875
19 0.24895833333333334 0.7345703125 0.07291666666666667 0.041015625
1261 0.03159722222222222 0.93046875 0.04375 0.0078125
43 0.1 0.9427734375 0.16111111111111112 0.016796875
38 0.35555555555555557 0.9447265625 0.029166666666666667 0.020703125
38 0.4305555555555556 0.9447265625 0.029166666666666667 0.020703125
1260 0.24895833333333334 0.960546875 0.4979166666666667 0.05234375
1260 0.7489583333333333 0.7345703125 0.4979166666666667 0.373046875
38 0.7489583333333333 0.734375 0.2798611111111111 0.1421875
19 0.7489583333333333 0.7345703125 0.07291666666666667 0.041015625
1261 0.5315972222222223 0.93046875 0.04375 0.0078125
43 0.6083333333333333 0.9427734375 0.17777777777777778 0.016796875
38 0.8555555555555555 0.9447265625 0.029166666666666667 0.020703125
38 0.9305555555555556 0.9447265625 0.029166666666666667 0.020703125
1260 0.7489583333333333 0.960546875 0.4979166666666667 0.05234375
34 0.5 0.48359375 1.0 0.9015625
38 0.4951388888888889 0.175 0.03888888888888889 0.021875
16 0.5 0.1640625 0.12638888888888888 0.065625
8 0.5 0.904296875 1.0 0.06015625
38 0.0 0.48359375 0.0 0.9015625
43 0.0 0.25625 0.0 0.02578125
43 0.0 0.331640625 0.0 0.02578125
43 0.0 0.40703125 0.0 0.02578125
1262 0.0 0.4826171875 0.0 0.075390625
43 0.0 0.5578125 0.0 0.02578125
16 0.0 0.4072265625 0.0 0.376953125
8 0.0 0.6333984375 0.0 0.075390625
43 0.0 0.708984375 0.0 0.02578125
43 0.0 0.784375 0.0 0.02578125
16 0.0 0.746875 0.0 0.15078125
16 0.0 0.4275390625 0.0 0.789453125
5 0.5 0.5 1.0 1.0
4 0.5 0.9671875 1.0 0.065625
4 0.5 0.01640625 1.0 0.0328125
