1263 0.0 0.0328125 0.0 0.0
1264 0.059027777777777776 0.065625 0.11805555555555555 0.065625
1265 0.1909722222222222 0.065625 0.14583333333333334 0.065625
1265 0.3368055555555556 0.065625 0.14583333333333334 0.065625
1266 0.2638888888888889 0.065625 0.2916666666666667 0.065625
4 0.5881944444444445 0.065625 0.35694444444444445 0.065625
52 0.825 0.065625 0.07777777777777778 0.065625
52 0.9413194444444445 0.065625 0.014583333333333334 0.021875
1267 0.9416666666666667 0.065625 0.11666666666666667 0.065625
1268 0.5 0.065625 1.0 0.065625
1269 0.0 0.0984375 0.0 0.0
1270 0.5 0.51640625 1.0 0.8359375
52 0.9489583333333333 0.934375 0.10208333333333333 0.0
7 0.1388888888888889 0.13125 0.2777777777777778 0.065625
7 0.4239583333333333 0.13125 0.2923611111111111 0.065625
7 0.6916666666666667 0.13125 0.24305555555555555 0.065625
7 0.9065972222222223 0.13125 0.18680555555555556 0.065625
1271 0.5 0.13125 1.0 0.065625
1272 0.2586805555555556 0.254296875 0.4576388888888889 0.146875
1273 0.2586805555555556 0.3423828125 0.4576388888888889 0.029296875
1272 0.7413194444444444 0.254296875 0.4576388888888889 0.146875
1273 0.7413194444444444 0.3423828125 0.4576388888888889 0.029296875
1272 0.2586805555555556 0.45390625 0.4576388888888889 0.146875
1273 0.2586805555555556 0.5419921875 0.4576388888888889 0.029296875
1272 0.7413194444444444 0.45390625 0.4576388888888889 0.146875
1273 0.7413194444444444 0.5419921875 0.4576388888888889 0.029296875
1272 0.2586805555555556 0.653515625 0.4576388888888889 0.146875
1273 0.2586805555555556 0.7416015625 0.4576388888888889 0.029296875
1272 0.7413194444444444 0.653515625 0.4576388888888889 0.146875
1273 0.7413194444444444 0.7416015625 0.4576388888888889 0.029296875
1274 0.5 0.4685546875 1.0 0.608984375
0 1.0 0.1640625 0.0 0.0
1275 1.0 0.54921875 0.0 0.7703125
6 0.08263888888888889 0.942578125 0.11666666666666667 0.01640625
1276 0.5315972222222223 0.934375 0.7326388888888888 0.0
1277 0.5 0.934375 1.0 0.0
1278 0.4114583333333333 0.065625 0.6409722222222223 0.065625
6 0.5222222222222223 0.065625 0.7222222222222222 0.04375
52 0.019444444444444445 0.0328125 0.0 0.0
1279 0.4513888888888889 0.065625 0.825 0.065625
1280 0.7319444444444444 0.065625 0.0 0.065625
52 0.7319444444444444 0.0328125 0.0 0.0
5 0.5 0.5 1.0 1.0
4 0.5 0.01640625 1.0 0.0328125
