17 0.0 0.0328125 0.0 0.0
38 0.5 0.14609375 1.0 0.2265625
38 0.4996527777777778 0.081640625 0.22847222222222222 0.09765625
43 0.5 0.1421875 0.3333333333333333 0.065625
43 0.5 0.205078125 0.37777777777777777 0.02421875
43 0.16666666666666666 0.1421875 0.3333333333333333 0.065625
43 0.8333333333333334 0.1421875 0.3333333333333333 0.065625
1281 0.5 0.1421875 1.0 0.065625
10 1.0 0.175 0.0 0.0
16 1.0 0.3005859375 0.0 0.182421875
16 1.0 0.5546875 0.0 0.759375
71 0.0 0.175 0.0 0.0
43 0.3347222222222222 0.20625 0.6208333333333333 0.03515625
1282 0.5 0.43359375 0.9513888888888888 0.3921875
43 0.5 0.605078125 0.1638888888888889 0.04921875
1283 0.19895833333333332 0.671875 0.28125 0.05703125
1283 0.4996527777777778 0.671875 0.28125 0.05703125
1283 0.8006944444444445 0.671875 0.28194444444444444 0.05703125
16 0.5 0.671875 0.9027777777777778 0.05703125
50 0.5 0.780859375 0.8055555555555556 0.034375
43 0.16597222222222222 0.744921875 0.08888888888888889 0.02109375
43 0.20694444444444443 0.780859375 0.17083333333333334 0.02109375
50 0.5 0.852734375 0.8055555555555556 0.034375
43 0.15381944444444445 0.816796875 0.06458333333333334 0.02109375
43 0.20590277777777777 0.852734375 0.16875 0.02109375
50 0.5 0.888671875 0.8055555555555556 0.034375
43 0.1909722222222222 0.888671875 0.1388888888888889 0.02109375
1284 0.5 0.816796875 0.8055555555555556 0.178125
43 0.04861111111111111 0.700390625 0.0 0.0
16 0.5 0.78828125 0.9027777777777778 0.28984375
1285 0.5 0.9474609375 1.0 0.026171875
1286 0.5 0.5546875 1.0 0.759375
1287 0.5 0.48359375 1.0 0.9015625
7 0.29583333333333334 0.0708984375 0.3 0.030078125
52 0.06805555555555555 0.07109375 0.1361111111111111 0.0765625
38 0.7930555555555555 0.07109375 0.07777777777777778 0.04375
38 0.9319444444444445 0.07109375 0.07777777777777778 0.04375
1288 0.8625 0.07109375 0.275 0.04921875
80 0.5 0.07109375 1.0 0.0765625
1289 0.8715277777777778 0.8619140625 0.17916666666666667 0.101171875
1290 0.8711805555555555 0.6599609375 0.1798611111111111 0.505078125
4 0.5 0.9671875 1.0 0.065625
4 0.5 0.01640625 1.0 0.0328125
5 0.5 0.5 1.0 1.0
