7 0.16354166666666667 0.153125 0.32708333333333334 0.0875
1293 0.058333333333333334 0.21875 0.0 0.0
16 0.5 0.249609375 0.8833333333333333 0.06171875
50 0.5 0.249609375 1.0 0.10546875
16 0.5 0.205859375 1.0 0.19296875
146 0.5 0.4779296875 1.0 0.737109375
7 0.1892361111111111 0.8904296875 0.3590277777777778 0.076953125
7 0.0 0.846484375 0.0 0.0
414 0.5465277777777777 0.8904296875 0.33611111111111114 0.087890625
7 0.8572916666666667 0.8904296875 0.2659722222222222 0.076953125
16 0.5 0.8904296875 1.0 0.087890625
16 0.5 0.521875 1.0 0.825
7 0.19652777777777777 0.0708984375 0.31527777777777777 0.036328125
55 1.0 0.07109375 0.0 0.0765625
56 0.5 0.07109375 1.0 0.0765625
57 0.0 0.0328125 0.0 0.0
53 0.5 0.4671875 1.0 0.934375
4 0.5 0.9671875 1.0 0.065625
4 0.5 0.01640625 1.0 0.0328125
