1294 0.0 0.0328125 0.0 0.0
7 0.14965277777777777 0.0654296875 0.29930555555555555 0.036328125
1295 0.4305555555555556 0.065625 0.8611111111111112 0.065625
1296 0.9319444444444445 0.065625 0.1361111111111111 0.065625
7 0.5 0.121484375 1.0 0.04609375
19 0.5 0.191015625 0.11666666666666667 0.065625
7 0.5 0.250390625 0.14444444444444443 0.02578125
8 0.5 0.2107421875 0.19305555555555556 0.132421875
50 0.5 0.2107421875 1.0 0.132421875
1295 0.5 0.51640625 1.0 0.8359375
1295 0.0 0.0984375 0.0 0.0
5 0.5 0.4671875 1.0 0.934375
