1294 0.0 0.0328125 0.0 0.0
52 0.05347222222222222 0.065625 0.10694444444444444 0.065625
7 0.2923611111111111 0.0654296875 0.36527777777777776 0.036328125
1295 0.2375 0.065625 0.475 0.065625
8 0.5 0.065625 1.0 0.065625
7 0.4083333333333333 0.1423828125 0.7680555555555556 0.022265625
114 0.8840277777777777 0.1328125 0.18333333333333332 0.0546875
1297 0.5 0.1328125 1.0 0.06875
1295 0.0 0.0984375 0.0 0.0
146 0.5 0.483203125 1.0 0.63203125
1295 0.5 0.448828125 1.0 0.70078125
1295 0.5 0.48359375 1.0 0.9015625
5 0.5 0.4671875 1.0 0.934375
