0 0.0 0.0 0.0 0.0
7 0.15763888888888888 0.0474609375 0.29583333333333334 0.027734375
16 0.5 0.0494140625 0.9805555555555555 0.031640625
107 0.5 0.1013671875 1.0 0.068359375
16 0.125 0.1013671875 0.25 0.068359375
16 0.375 0.1013671875 0.25 0.068359375
16 0.625 0.1013671875 0.25 0.068359375
16 0.875 0.1013671875 0.25 0.068359375
0 0.0 0.135546875 0.0 0.0
7 0.20069444444444445 0.1611328125 0.1125 0.020703125
7 0.5076388888888889 0.1494140625 0.3625 0.027734375
1299 0.5076388888888889 0.175 0.4861111111111111 0.0234375
7 0.8069444444444445 0.1611328125 0.09722222222222222 0.020703125
16 0.5 0.1611328125 0.7111111111111111 0.051171875
114 0.17604166666666668 0.2142578125 0.35208333333333336 0.046484375
7 0.5006944444444444 0.2107421875 0.29444444444444445 0.036328125
114 0.8239583333333333 0.2142578125 0.35208333333333336 0.046484375
16 0.5 0.2142578125 1.0 0.046484375
7 0.07222222222222222 0.2603515625 0.14166666666666666 0.027734375
7 0.2152777777777778 0.2603515625 0.14166666666666666 0.027734375
7 0.35833333333333334 0.2603515625 0.14166666666666666 0.027734375
7 0.5013888888888889 0.2603515625 0.14166666666666666 0.027734375
7 0.6444444444444445 0.2603515625 0.14166666666666666 0.027734375
7 0.7871527777777778 0.2603515625 0.14097222222222222 0.027734375
7 0.9295138888888889 0.2603515625 0.14097222222222222 0.027734375
16 0.5 0.2611328125 1.0 0.036328125
16 0.03125 0.2900390625 0.03888888888888889 0.021484375
1300 0.07152777777777777 0.3283203125 0.14305555555555555 0.098046875
16 0.17430555555555555 0.2900390625 0.03888888888888889 0.021484375
1300 0.21458333333333332 0.3283203125 0.14305555555555555 0.098046875
16 0.3173611111111111 0.2900390625 0.03888888888888889 0.021484375
1300 0.3576388888888889 0.3283203125 0.14305555555555555 0.098046875
16 0.46041666666666664 0.2900390625 0.03888888888888889 0.021484375
1300 0.5006944444444444 0.3283203125 0.14305555555555555 0.098046875
16 0.6034722222222222 0.2900390625 0.03888888888888889 0.021484375
1300 0.64375 0.3283203125 0.14305555555555555 0.098046875
16 0.7465277777777778 0.2900390625 0.03888888888888889 0.021484375
1300 0.7864583333333334 0.3283203125 0.1423611111111111 0.098046875
16 0.8888888888888888 0.2900390625 0.03888888888888889 0.021484375
1300 0.9288194444444444 0.3283203125 0.1423611111111111 0.098046875
16 0.5 0.3283203125 1.0 0.098046875
16 0.03125 0.3880859375 0.03888888888888889 0.021484375
1300 0.07152777777777777 0.4263671875 0.14305555555555555 0.098046875
16 0.17430555555555555 0.3880859375 0.03888888888888889 0.021484375
1300 0.21458333333333332 0.4263671875 0.14305555555555555 0.098046875
16 0.3173611111111111 0.3880859375 0.03888888888888889 0.021484375
1300 0.3576388888888889 0.4263671875 0.14305555555555555 0.098046875
16 0.46041666666666664 0.3880859375 0.03888888888888889 0.021484375
1300 0.5006944444444444 0.4263671875 0.14305555555555555 0.098046875
16 0.6034722222222222 0.3880859375 0.03888888888888889 0.021484375
1300 0.64375 0.4263671875 0.14305555555555555 0.098046875
16 0.7465277777777778 0.3880859375 0.03888888888888889 0.021484375
1300 0.7864583333333334 0.4263671875 0.1423611111111111 0.098046875
16 0.8888888888888888 0.3880859375 0.03888888888888889 0.021484375
1300 0.9288194444444444 0.4263671875 0.1423611111111111 0.098046875
16 0.5 0.4263671875 1.0 0.098046875
16 0.03125 0.4861328125 0.03888888888888889 0.021484375
1300 0.07152777777777777 0.52421875 0.14305555555555555 0.09765625
16 0.17430555555555555 0.4861328125 0.03888888888888889 0.021484375
1300 0.21458333333333332 0.52421875 0.14305555555555555 0.09765625
16 0.3173611111111111 0.4861328125 0.03888888888888889 0.021484375
1300 0.3576388888888889 0.52421875 0.14305555555555555 0.09765625
16 0.46041666666666664 0.4861328125 0.03888888888888889 0.021484375
1300 0.5006944444444444 0.52421875 0.14305555555555555 0.09765625
16 0.6034722222222222 0.4861328125 0.03888888888888889 0.021484375
1300 0.64375 0.52421875 0.14305555555555555 0.09765625
16 0.7465277777777778 0.4861328125 0.03888888888888889 0.021484375
1300 0.7864583333333334 0.52421875 0.1423611111111111 0.09765625
16 0.8888888888888888 0.4861328125 0.03888888888888889 0.021484375
1300 0.9288194444444444 0.52421875 0.1423611111111111 0.09765625
16 0.5 0.52421875 1.0 0.09765625
16 0.03125 0.5837890625 0.03888888888888889 0.021484375
1300 0.07152777777777777 0.621875 0.14305555555555555 0.09765625
16 0.17430555555555555 0.5837890625 0.03888888888888889 0.021484375
1300 0.21458333333333332 0.621875 0.14305555555555555 0.09765625
16 0.3173611111111111 0.5837890625 0.03888888888888889 0.021484375
1300 0.3576388888888889 0.621875 0.14305555555555555 0.09765625
16 0.46041666666666664 0.5837890625 0.03888888888888889 0.021484375
1300 0.5006944444444444 0.621875 0.14305555555555555 0.09765625
16 0.6034722222222222 0.5837890625 0.03888888888888889 0.021484375
1300 0.64375 0.621875 0.14305555555555555 0.09765625
16 0.7465277777777778 0.5837890625 0.03888888888888889 0.021484375
1300 0.7864583333333334 0.621875 0.1423611111111111 0.09765625
16 0.8888888888888888 0.5837890625 0.03888888888888889 0.021484375
1300 0.9288194444444444 0.621875 0.1423611111111111 0.09765625
16 0.5 0.621875 1.0 0.09765625
16 0.03125 0.6814453125 0.03888888888888889 0.021484375
1300 0.07152777777777777 0.71953125 0.14305555555555555 0.09765625
16 0.17430555555555555 0.6814453125 0.03888888888888889 0.021484375
1300 0.21458333333333332 0.71953125 0.14305555555555555 0.09765625
16 0.3173611111111111 0.6814453125 0.03888888888888889 0.021484375
1300 0.3576388888888889 0.71953125 0.14305555555555555 0.09765625
16 0.46041666666666664 0.6814453125 0.03888888888888889 0.021484375
1300 0.5006944444444444 0.71953125 0.14305555555555555 0.09765625
16 0.6034722222222222 0.6814453125 0.03888888888888889 0.021484375
1300 0.64375 0.71953125 0.14305555555555555 0.09765625
16 0.7465277777777778 0.6814453125 0.03888888888888889 0.021484375
1300 0.7864583333333334 0.71953125 0.1423611111111111 0.09765625
16 0.8888888888888888 0.6814453125 0.03888888888888889 0.021484375
1300 0.9288194444444444 0.71953125 0.1423611111111111 0.09765625
16 0.5 0.71953125 1.0 0.09765625
16 0.03125 0.7791015625 0.03888888888888889 0.021484375
1300 0.07152777777777777 0.8171875 0.14305555555555555 0.09765625
16 0.17430555555555555 0.7791015625 0.03888888888888889 0.021484375
1300 0.21458333333333332 0.8171875 0.14305555555555555 0.09765625
16 0.3173611111111111 0.7791015625 0.03888888888888889 0.021484375
1300 0.3576388888888889 0.8171875 0.14305555555555555 0.09765625
16 0.46041666666666664 0.7791015625 0.03888888888888889 0.021484375
1300 0.5006944444444444 0.8171875 0.14305555555555555 0.09765625
16 0.6034722222222222 0.7791015625 0.03888888888888889 0.021484375
1300 0.64375 0.8171875 0.14305555555555555 0.09765625
16 0.7465277777777778 0.7791015625 0.03888888888888889 0.021484375
1300 0.7864583333333334 0.8171875 0.1423611111111111 0.09765625
16 0.8888888888888888 0.7791015625 0.03888888888888889 0.021484375
1300 0.9288194444444444 0.8171875 0.1423611111111111 0.09765625
16 0.5 0.8171875 1.0 0.09765625
16 0.5 0.57265625 1.0 0.58671875
5 0.5 0.50078125 1.0 0.73046875
117 0.0 0.866015625 0.0 0.0
1301 0.5 0.9001953125 1.0 0.068359375
5 0.5 0.4671875 1.0 0.934375
