0 0.0 0.0 0.0 0.0
6 0.07083333333333333 0.0765625 0.11666666666666667 0.065625
7 0.23125 0.0765625 0.17916666666666667 0.02578125
8 0.5 0.0765625 1.0 0.0875
112 0.5 0.1544921875 0.7777777777777778 0.068359375
89 0.5 0.1544921875 1.0 0.068359375
7 0.26875 0.7671875 0.5125 0.02578125
6 0.9194444444444444 0.7671875 0.0875 0.04921875
8 0.5 0.7671875 1.0 0.07578125
1302 0.5 0.8697265625 1.0 0.129296875
8 0.1579861111111111 0.2775390625 0.21875 0.123046875
6 0.15763888888888888 0.27734375 0.0 0.0
16 0.35 0.27734375 0.019444444444444445 0.0515625
16 0.5 0.2775390625 0.9027777777777778 0.123046875
8 0.1579861111111111 0.4001953125 0.21875 0.123046875
6 0.15763888888888888 0.4 0.0 0.0
16 0.4041666666666667 0.4 0.12777777777777777 0.0515625
7 0.35 0.412890625 0.019444444444444445 0.02578125
16 0.5 0.4001953125 0.9027777777777778 0.123046875
8 0.1579861111111111 0.5228515625 0.21875 0.123046875
6 0.15763888888888888 0.52265625 0.0 0.0
16 0.41597222222222224 0.52265625 0.15138888888888888 0.0515625
7 0.35 0.535546875 0.019444444444444445 0.02578125
16 0.5 0.5228515625 0.9027777777777778 0.123046875
8 0.1579861111111111 0.64296875 0.21875 0.11796875
6 0.15763888888888888 0.6453125 0.0 0.0
16 0.36666666666666664 0.6453125 0.05277777777777778 0.0515625
16 0.5 0.64296875 0.9027777777777778 0.11796875
10 0.5 0.458984375 0.9027777777777778 0.4859375
606 0.5 0.216015625 0.9027777777777778 0.0
8 0.5 0.458984375 1.0 0.540625
8 0.5 0.48359375 1.0 0.9015625
4 0.5 0.9671875 1.0 0.065625
4 0.5 0.01640625 1.0 0.0328125
5 0.5 0.5 1.0 1.0
