17 0.0 0.0328125 0.0 0.0
43 0.24930555555555556 0.0708984375 0.1486111111111111 0.036328125
44 0.06805555555555555 0.07109375 0.1361111111111111 0.0765625
45 1.0 0.07109375 0.0 0.0765625
80 0.5 0.07109375 1.0 0.0765625
38 0.5 0.15859375 0.07777777777777778 0.04375
43 0.4996527777777778 0.21328125 0.04097222222222222 0.065625
16 0.5 0.19140625 1.0 0.1640625
38 0.0 0.27890625 0.0 0.0
38 0.28020833333333334 0.3390625 0.4048611111111111 0.0546875
38 0.9079861111111112 0.3390625 0.02847222222222222 0.02890625
41 0.5 0.3390625 0.9611111111111111 0.109375
16 0.5 0.606640625 1.0 0.65546875
34 0.5 0.48359375 1.0 0.9015625
4 0.5 0.01640625 1.0 0.0328125
4 0.5 0.9671875 1.0 0.065625
5 0.5 0.5 1.0 1.0
