38 0.0 0.0328125 0.0 0.0
38 0.25763888888888886 0.07109375 0.16527777777777777 0.0328125
44 0.06805555555555555 0.07109375 0.1361111111111111 0.0765625
38 0.7958333333333333 0.07109375 0.058333333333333334 0.0328125
43 0.7277777777777777 0.0328125 0.0 0.0
45 0.8638888888888889 0.07109375 0.2722222222222222 0.0765625
38 0.9319444444444445 0.07109375 0.058333333333333334 0.0328125
8 0.9319444444444445 0.07109375 0.1361111111111111 0.0765625
118 0.5 0.07109375 1.0 0.0765625
104 0.5 0.109375 0.09722222222222222 0.0
38 0.5 0.2671875 1.0 0.315625
4 0.5 0.34296875 1.0 0.1640625
43 0.909375 0.4056640625 0.18125 0.038671875
43 0.16284722222222223 0.39765625 0.32569444444444445 0.0328125
82 0.0 0.38984375 0.0 0.065625
38 0.5 0.5765625 0.2625 0.09453125
43 0.4996527777777778 0.670703125 0.4826388888888889 0.071875
16 0.5 0.61796875 0.9944444444444445 0.3828125
111 0.5 0.48359375 1.0 0.9015625
1303 0.0 0.109375 0.0 0.0
1304 0.8805555555555555 0.672265625 0.16111111111111112 0.09609375
1304 0.8805555555555555 0.768359375 0.16111111111111112 0.09609375
1304 0.8805555555555555 0.864453125 0.16111111111111112 0.09609375
6 0.8805555555555555 0.864453125 0.08194444444444444 0.04609375
1305 0.6038194444444445 0.672265625 0.3923611111111111 0.0671875
1305 0.5802083333333333 0.768359375 0.4395833333333333 0.0671875
1306 0.6607638888888889 0.7640625 0.6006944444444444 0.296875
1307 0.0 0.107421875 0.0 0.21484375
82 0.0 0.25859375 0.0 0.065625
82 0.0 0.32421875 0.0 0.065625
82 0.0 0.45546875 0.0 0.065625
50 0.0 0.5 0.0 0.0234375
82 0.0 0.54453125 0.0 0.065625
82 0.0 0.61015625 0.0 0.065625
113 0.0 0.4671875 0.0 0.934375
4 0.5 0.3296875 1.0 0.59375
4 0.19618055555555555 0.6744140625 0.3923611111111111 0.095703125
1308 0.6961805555555556 0.6744140625 0.6076388888888888 0.095703125
16 0.5 0.6744140625 1.0 0.095703125
4 0.5 0.8283203125 1.0 0.212109375
5 0.5 0.5 1.0 1.0
4 0.5 0.9671875 1.0 0.065625
4 0.5 0.01640625 1.0 0.0328125
