16 0.20173611111111112 0.149609375 0.2520833333333333 0.03359375
6 0.07569444444444444 0.1328125 0.0 0.0
8 0.0 0.0984375 0.0 0.0
16 0.5 0.1498046875 0.9222222222222223 0.102734375
16 0.25277777777777777 0.253125 0.3541666666666667 0.03359375
6 0.07569444444444444 0.236328125 0.0 0.0
7 0.03888888888888889 0.201953125 0.0 0.0
16 0.5 0.2533203125 0.9222222222222223 0.102734375
16 0.5 0.3568359375 0.9222222222222223 0.102734375
6 0.9072916666666667 0.3568359375 0.034027777777777775 0.102734375
16 0.2642361111111111 0.46015625 0.3770833333333333 0.03359375
6 0.07569444444444444 0.443359375 0.0 0.0
7 0.03888888888888889 0.408984375 0.0 0.0
16 0.5 0.4603515625 0.9222222222222223 0.102734375
16 0.2590277777777778 0.563671875 0.36666666666666664 0.03359375
6 0.07569444444444444 0.546875 0.0 0.0
7 0.03888888888888889 0.5125 0.0 0.0
16 0.5 0.5638671875 0.9222222222222223 0.102734375
16 0.17118055555555556 0.6671875 0.1909722222222222 0.03359375
6 0.07569444444444444 0.650390625 0.0 0.0
7 0.03888888888888889 0.616015625 0.0 0.0
16 0.5 0.6673828125 0.9222222222222223 0.102734375
16 0.13506944444444444 0.770703125 0.11875 0.03359375
6 0.07569444444444444 0.75390625 0.0 0.0
7 0.03888888888888889 0.71953125 0.0 0.0
16 0.5 0.7708984375 0.9222222222222223 0.102734375
16 0.12152777777777778 0.87421875 0.09166666666666666 0.03359375
6 0.07569444444444444 0.857421875 0.0 0.0
7 0.03888888888888889 0.823046875 0.0 0.0
16 0.5 0.8744140625 0.9222222222222223 0.102734375
16 0.2326388888888889 0.94140625 0.3138888888888889 0.0140625
6 0.07569444444444444 0.94140625 0.0 0.0140625
16 0.39166666666666666 0.94140625 0.6319444444444444 0.0140625
59 0.9024305555555555 0.93046875 0.04375 0.0078125
8 0.8159722222222222 0.93046875 0.21666666666666667 0.0078125
16 0.5 0.93046875 0.9222222222222223 0.0078125
16 0.5 0.51640625 1.0 0.8359375
57 0.0 0.0328125 0.0 0.0
54 0.06875 0.065625 0.09722222222222222 0.065625
16 0.29756944444444444 0.0654296875 0.36041666666666666 0.033203125
7 0.11736111111111111 0.048828125 0.0 0.0
16 0.24895833333333334 0.065625 0.4576388888888889 0.065625
55 1.0 0.065625 0.0 0.065625
56 0.5 0.065625 1.0 0.065625
56 0.0 0.0 0.0 0.0
53 0.5 0.4671875 1.0 0.934375
