6 0.48993055555555554 0.1333984375 0.05625 0.031640625
1309 0.5 0.1009765625 1.0 0.016796875
8 0.0 0.864453125 0.0 0.065625
1310 0.5 0.890625 1.0 0.0875
1309 1.0 0.1009765625 0.0 0.016796875
1311 1.0 0.1419921875 0.0 0.065234375
19 0.5 0.1009765625 0.11666666666666667 0.016796875
6 0.13402777777777777 0.07109375 0.07777777777777778 0.0765625
8 0.134375 0.1009765625 0.24375 0.016796875
8 0.5 0.0603515625 0.25972222222222224 0.098046875
7 0.5 0.071484375 0.15138888888888888 0.07578125
8 0.5 0.0861328125 0.4875 0.046484375
6 0.8652777777777778 0.07109375 0.07777777777777778 0.0765625
8 0.865625 0.1009765625 0.24375 0.016796875
1311 0.0 0.1572265625 0.0 0.065234375
6 0.25 0.137890625 0.5 0.05703125
6 0.75 0.1337890625 0.5 0.048828125
7 0.5 0.2232421875 1.0 0.063671875
7 0.5 0.2884765625 1.0 0.063671875
8 0.0 0.207421875 0.0 0.065625
7 0.5 0.3537109375 1.0 0.063671875
7 0.5 0.4189453125 1.0 0.063671875
7 0.5 0.4841796875 1.0 0.063671875
7 0.5 0.5494140625 1.0 0.063671875
7 0.5 0.6146484375 1.0 0.063671875
7 0.5 0.6798828125 1.0 0.063671875
7 0.5 0.7451171875 1.0 0.063671875
7 0.5 0.8134765625 1.0 0.063671875
4 0.5 0.84609375 1.0 0.0015625
16 0.5 0.518359375 1.0 0.65703125
1312 0.5 0.478125 1.0 0.7375
455 0.5 0.521875 1.0 0.825
8 0.0 0.27265625 0.0 0.065625
8 0.0 0.340234375 0.0 0.065625
8 0.0 0.40546875 0.0 0.065625
8 0.0 0.470703125 0.0 0.065625
8 0.0 0.5359375 0.0 0.065625
8 0.0 0.601171875 0.0 0.065625
8 0.0 0.66875 0.0 0.065625
8 0.0 0.733984375 0.0 0.065625
8 0.0 0.79921875 0.0 0.065625
8 0.0 0.915625 0.0 0.0375
35 0.0 0.521875 0.0 0.825
16 0.31840277777777776 0.0708984375 0.3645833333333333 0.068359375
182 0.4131944444444444 0.0708984375 0.5541666666666667 0.068359375
52 0.06805555555555555 0.07109375 0.1361111111111111 0.0765625
143 0.9416666666666667 0.07109375 0.11666666666666667 0.065625
56 0.5 0.07109375 1.0 0.0765625
57 0.0 0.0328125 0.0 0.0
53 0.5 0.4671875 1.0 0.934375
4 0.5 0.9671875 1.0 0.065625
4 0.5 0.01640625 1.0 0.0328125
