120 0.0 0.0328125 0.0 0.0
6 0.5 0.0869140625 0.4666666666666667 0.053515625
43 0.5 0.15390625 0.9263888888888889 0.02578125
144 0.5 0.2517578125 0.9263888888888889 0.060546875
144 0.4513888888888889 0.3412109375 0.8291666666666667 0.060546875
145 0.9145833333333333 0.341015625 0.09722222222222222 0.04765625
4 0.5 0.372265625 0.9263888888888889 0.0015625
43 0.5 0.41328125 0.2777777777777778 0.053125
71 0.5 0.513671875 0.9263888888888889 0.065625
43 0.4996527777777778 0.607421875 0.27708333333333335 0.03984375
43 0.5 0.6609375 0.23472222222222222 0.03984375
43 0.5 0.714453125 0.26805555555555555 0.03984375
16 0.5 0.38359375 1.0 0.7015625
179 0.5 0.48359375 1.0 0.9015625
4 0.5 0.9671875 1.0 0.065625
4 0.5 0.01640625 1.0 0.0328125
5 0.5 0.5 1.0 1.0
