71 0.0 0.0328125 0.0 0.0
43 0.5 0.056640625 1.0 0.04765625
451 0.0 0.08203125 0.0 0.0
43 0.22361111111111112 0.11875 0.36944444444444446 0.0296875
43 0.09583333333333334 0.146484375 0.11388888888888889 0.02578125
8 0.5 0.131640625 0.9222222222222223 0.09921875
451 0.0 0.1828125 0.0 0.0
43 0.16041666666666668 0.21953125 0.24305555555555555 0.0296875
43 0.44166666666666665 0.2583984375 0.8055555555555556 0.048046875
145 0.9222222222222223 0.243359375 0.07777777777777778 0.04375
16 0.9027777777777778 0.2435546875 0.11666666666666667 0.121484375
16 0.5 0.2435546875 1.0 0.121484375
43 0.5 0.3296875 1.0 0.04765625
451 0.0 0.355078125 0.0 0.0
43 0.14479166666666668 0.391796875 0.21180555555555555 0.0296875
43 0.23159722222222223 0.41953125 0.3854166666666667 0.02578125
8 0.44166666666666665 0.4046875 0.8055555555555556 0.09921875
145 0.9222222222222223 0.4046875 0.07777777777777778 0.04375
16 0.5 0.4046875 1.0 0.09921875
43 0.5 0.4796875 1.0 0.04765625
451 0.0 0.505078125 0.0 0.0
43 0.24965277777777778 0.541796875 0.4215277777777778 0.0296875
43 0.44166666666666665 0.5806640625 0.8055555555555556 0.048046875
145 0.9222222222222223 0.565625 0.07777777777777778 0.04375
16 0.9027777777777778 0.5658203125 0.11666666666666667 0.121484375
16 0.5 0.5658203125 1.0 0.121484375
451 0.0 0.628125 0.0 0.0
43 0.1295138888888889 0.66484375 0.18125 0.0296875
43 0.44166666666666665 0.7037109375 0.8055555555555556 0.048046875
145 0.9222222222222223 0.688671875 0.07777777777777778 0.04375
16 0.9027777777777778 0.6888671875 0.11666666666666667 0.121484375
16 0.5 0.6888671875 1.0 0.121484375
451 0.0 0.751171875 0.0 0.0
43 0.1753472222222222 0.787890625 0.27291666666666664 0.0296875
43 0.5 0.8267578125 0.9222222222222223 0.048046875
16 0.5 0.8119140625 1.0 0.121484375
451 0.0 0.87421875 0.0 0.0
43 0.32013888888888886 0.9109375 0.5625 0.0296875
8 0.5 0.904296875 0.9222222222222223 0.06015625
5 0.5 0.4671875 1.0 0.934375
50 0.5 0.934375 1.0 0.0
