17 0.0 0.0328125 0.0 0.0
7 0.2552083333333333 0.0708984375 0.21875 0.036328125
52 0.06805555555555555 0.07109375 0.1361111111111111 0.0765625
45 1.0 0.07109375 0.0 0.0765625
118 0.5 0.10390625 1.0 0.1421875
38 0.0 0.109375 0.0 0.0
43 0.25 0.1421875 0.2847222222222222 0.02578125
127 0.25 0.1421875 0.5 0.065625
38 0.5 0.109375 0.0 0.0
43 0.7496527777777777 0.1421875 0.31875 0.02578125
127 0.75 0.1421875 0.5 0.065625
128 0.5 0.1421875 1.0 0.065625
103 0.5 0.5546875 1.0 0.759375
38 0.5 0.441015625 0.8833333333333333 0.42265625
43 0.4996527777777778 0.69609375 0.6854166666666667 0.04375
43 0.5 0.73828125 0.6125 0.0296875
16 0.5 0.793359375 0.8833333333333333 0.28203125
194 0.5 0.161328125 0.0 0.02734375
34 0.5 0.48359375 1.0 0.9015625
16 0.0 0.182421875 0.0 0.29921875
82 0.0 0.36484375 0.0 0.065625
82 0.0 0.43046875 0.0 0.065625
82 0.0 0.49609375 0.0 0.065625
82 0.0 0.56171875 0.0 0.065625
82 0.0 0.62734375 0.0 0.065625
113 0.0 0.48359375 0.0 0.9015625
4 0.5 0.9671875 1.0 0.065625
4 0.5 0.01640625 1.0 0.0328125
5 0.5 0.5 1.0 1.0
