89 0.0 0.0 0.0 0.0
8 0.5 0.4125 1.0 0.825
6 0.08541666666666667 0.8029296875 0.14583333333333334 0.030078125
6 0.9246527777777778 0.0423828125 0.10208333333333333 0.057421875
521 0.9756944444444444 0.084765625 0.0 0.0
8 0.9756944444444444 0.448046875 0.0 0.7265625
1313 0.07291666666666667 0.041015625 0.09722222222222222 0.0546875
7 0.15555555555555556 0.023828125 0.2916666666666667 0.03671875
8 0.5 0.7921875 0.019444444444444445 0.04375
6 0.06076388888888889 0.9001953125 0.12152777777777778 0.068359375
6 0.18229166666666666 0.9001953125 0.12152777777777778 0.068359375
114 0.5701388888888889 0.9001953125 0.2 0.068359375
114 0.7743055555555556 0.9001953125 0.20833333333333334 0.068359375
6 0.9392361111111112 0.9001953125 0.12152777777777778 0.068359375
6 0.5 0.84765625 0.875 0.02890625
8 0.5 0.8796875 1.0 0.109375
5 0.5 0.4671875 1.0 0.934375
