17 0.0 0.0328125 0.0 0.0
7 0.3482638888888889 0.0708984375 0.4048611111111111 0.036328125
52 0.06805555555555555 0.07109375 0.1361111111111111 0.0765625
22 0.9416666666666667 0.07109375 0.11666666666666667 0.065625
118 0.5 0.07109375 1.0 0.0765625
1144 0.5 0.1533203125 0.9027777777777778 0.033203125
1314 0.5 0.2078125 0.9027777777777778 0.06171875
16 0.5 0.1876953125 1.0 0.101953125
1144 0.5 0.2826171875 0.9027777777777778 0.033203125
1314 0.5 0.337109375 0.9027777777777778 0.06171875
16 0.5 0.3169921875 1.0 0.101953125
32 0.0 0.13671875 0.0 0.0
4 0.001388888888888889 0.39609375 0.002777777777777778 0.0015625
16 0.5 0.266796875 1.0 0.26015625
146 0.5 0.48359375 1.0 0.7484375
1315 0.8444444444444444 0.891015625 0.21388888888888888 0.065625
34 0.5 0.48359375 1.0 0.9015625
4 0.5 0.9671875 1.0 0.065625
4 0.5 0.01640625 1.0 0.0328125
5 0.5 0.5 1.0 1.0
