1316 0.0 0.0328125 0.0 0.0
1317 0.05347222222222222 0.144921875 0.07777777777777778 0.04375
1317 0.9416666666666667 0.144921875 0.09722222222222222 0.06015625
43 0.49409722222222224 0.144921875 0.7881944444444444 0.0296875
43 0.31875 0.18359375 0.4375 0.02578125
8 0.5 0.15703125 1.0 0.0953125
43 0.08229166666666667 0.2318359375 0.08680555555555555 0.022265625
16 0.9138888888888889 0.2330078125 0.1527777777777778 0.037890625
1318 0.0 0.2046875 0.0 0.0
1319 0.17916666666666667 0.23203125 0.06805555555555555 0.03828125
1318 0.3020833333333333 0.2328125 0.3138888888888889 0.03984375
1320 0.5 0.23203125 1.0 0.0546875
16 0.5 0.272265625 1.0 0.00078125
38 0.0 0.271875 0.0 0.0
16 0.5 0.152734375 1.0 0.23984375
1321 0.5 0.6130859375 0.9222222222222223 0.642578125
1290 0.49027777777777776 0.478125 0.9805555555555555 0.890625
52 0.07777777777777778 0.07109375 0.1361111111111111 0.04375
22 0.5965277777777778 0.07109375 0.11666666666666667 0.065625
22 0.7131944444444445 0.07109375 0.11666666666666667 0.065625
22 0.8298611111111112 0.07109375 0.11666666666666667 0.065625
173 0.9392361111111112 0.07109375 0.10208333333333333 0.065625
45 0.7642361111111111 0.07109375 0.45208333333333334 0.065625
80 0.5 0.07109375 1.0 0.0765625
4 0.5 0.1115234375 1.0 0.004296875
38 0.9611111111111111 0.48359375 0.07777777777777778 0.04375
1322 0.8930555555555556 0.800390625 0.1361111111111111 0.0765625
1323 0.8930555555555556 0.87421875 0.175 0.0984375
7 0.7038194444444444 0.8001953125 0.20347222222222222 0.057421875
7 0.7298611111111111 0.8876953125 0.15138888888888888 0.057421875
4 0.5 0.9671875 1.0 0.065625
4 0.5 0.01640625 1.0 0.0328125
5 0.5 0.5 1.0 1.0
