489 0.4996527777777778 0.5013671875 0.19930555555555557 0.112109375
1324 0.5 0.13671875 0.09722222222222222 0.0546875
1325 0.5 0.1193359375 1.0 0.041796875
6 0.03298611111111111 0.1935546875 0.03680555555555556 0.020703125
7 0.5232638888888889 0.1935546875 0.9243055555555556 0.035546875
16 0.5 0.1939453125 1.0 0.036328125
6 0.03298611111111111 0.2298828125 0.03680555555555556 0.020703125
16 0.5 0.2302734375 1.0 0.036328125
4 0.5 0.248046875 1.0 0.00078125
1326 0.5 0.52109375 1.0 0.5453125
8 0.5 0.6759765625 1.0 0.062890625
493 0.06805555555555555 0.740234375 0.09722222222222222 0.0546875
16 0.09895833333333333 0.7634765625 0.19791666666666666 0.041015625
489 0.0 0.74296875 0.0 0.0
7 0.13541666666666666 0.76328125 0.10555555555555556 0.0296875
16 0.2902777777777778 0.7634765625 0.18472222222222223 0.041015625
7 0.3267361111111111 0.7634765625 0.09236111111111112 0.033203125
1327 0.5 0.763671875 1.0 0.0546875
1326 0.24861111111111112 0.850390625 0.49722222222222223 0.1078125
4 0.4996527777777778 0.850390625 0.004861111111111111 0.1078125
1326 0.7510416666666667 0.850390625 0.4979166666666667 0.1078125
16 0.5 0.8490234375 1.0 0.110546875
1328 0.5 0.5013671875 1.0 0.805859375
7 0.5 0.4603515625 0.5361111111111111 0.058984375
498 0.5 0.530859375 0.14583333333333334 0.08203125
6 0.040625 0.1193359375 0.04375 0.024609375
16 0.1267361111111111 0.1193359375 0.2534722222222222 0.041796875
6 0.2947916666666667 0.1193359375 0.04375 0.024609375
16 0.3857638888888889 0.1193359375 0.26458333333333334 0.041796875
6 0.559375 0.1193359375 0.04375 0.024609375
16 0.6621527777777778 0.1193359375 0.2881944444444444 0.041796875
6 0.8475694444444445 0.1193359375 0.04375 0.024609375
16 0.903125 0.1193359375 0.19375 0.041796875
490 0.5 0.04921875 1.0 0.0984375
4 0.3229166666666667 0.919140625 0.019444444444444445 0.0109375
7 0.5034722222222222 0.9193359375 0.3125 0.022265625
6 0.6805555555555556 0.919140625 0.0125 0.0109375
16 0.5 0.9193359375 1.0 0.030078125
53 0.5 0.4671875 1.0 0.934375
54 0.0 0.0328125 0.0 0.0
493 0.058333333333333334 0.065625 0.07777777777777778 0.04375
7 0.5 0.065625 0.2 0.04140625
56 0.5 0.065625 1.0 0.065625
55 0.9586805555555555 0.065625 0.08263888888888889 0.065625
4 0.0 0.3267578125 0.0 0.653515625
498 0.06319444444444444 0.678515625 0.04861111111111111 0.02734375
4 0.0 0.825390625 0.0 0.21796875
493 0.9173611111111111 0.8578125 0.10694444444444444 0.06015625
16 0.5 0.789453125 1.0 0.28984375
6 0.9295138888888889 0.6759765625 0.07291666666666667 0.041015625
8 0.4392361111111111 0.6787109375 0.8395833333333333 0.046484375
7 0.2881944444444444 0.678515625 0.37222222222222223 0.02578125
495 0.12395833333333334 0.794921875 0.18958333333333333 0.1640625
7 0.11909722222222222 0.89765625 0.19930555555555557 0.04140625
495 0.3329861111111111 0.794921875 0.18958333333333333 0.1640625
493 0.27708333333333335 0.740234375 0.09722222222222222 0.0546875
7 0.328125 0.89765625 0.19930555555555557 0.04140625
495 0.5420138888888889 0.794921875 0.18958333333333333 0.1640625
493 0.4861111111111111 0.740234375 0.09722222222222222 0.0546875
7 0.5371527777777778 0.89765625 0.19930555555555557 0.04140625
495 0.7510416666666667 0.794921875 0.18958333333333333 0.1640625
493 0.6951388888888889 0.740234375 0.09722222222222222 0.0546875
7 0.7461805555555555 0.89765625 0.19930555555555557 0.04140625
495 0.9326388888888889 0.794921875 0.13472222222222222 0.1640625
493 0.9041666666666667 0.740234375 0.09722222222222222 0.0546875
7 0.9277777777777778 0.89765625 0.14444444444444443 0.04140625
1329 0.5 0.812890625 1.0 0.2109375
1330 0.0 0.48359375 0.0 0.9015625
1330 1.0 0.48359375 0.0 0.9015625
4 0.5 0.9671875 1.0 0.065625
