17 0.0 0.0328125 0.0 0.0
38 0.5 0.07109375 1.0 0.0765625
1331 0.5 0.1330078125 0.9416666666666667 0.047265625
1331 0.0 0.109375 0.0 0.0
1332 0.5 0.189453125 0.9416666666666667 0.065625
4 0.5 0.22265625 1.0 0.00078125
1333 0.13090277777777778 0.2546875 0.20347222222222222 0.04375
1333 0.3402777777777778 0.2546875 0.16666666666666666 0.04375
1333 0.5336805555555556 0.2546875 0.17152777777777778 0.04375
1333 0.7302083333333333 0.2546875 0.17291666666666666 0.04375
1333 0.1329861111111111 0.312109375 0.2076388888888889 0.04375
1333 0.346875 0.312109375 0.17152777777777778 0.04375
1333 0.575 0.312109375 0.2361111111111111 0.04375
1333 0.8100694444444444 0.312109375 0.18541666666666667 0.04375
1333 0.12152777777777778 0.36953125 0.18472222222222223 0.04375
1333 0.3211805555555556 0.36953125 0.16597222222222222 0.04375
1333 0.63125 0.36953125 0.40555555555555556 0.04375
1333 0.13090277777777778 0.426953125 0.20347222222222222 0.04375
1333 0.43472222222222223 0.426953125 0.35555555555555557 0.04375
1333 0.7659722222222223 0.426953125 0.25833333333333336 0.04375
1333 0.17708333333333334 0.484375 0.29583333333333334 0.04375
1333 0.5184027777777778 0.484375 0.33819444444444446 0.04375
1333 0.15069444444444444 0.541796875 0.24305555555555555 0.04375
1333 0.4576388888888889 0.541796875 0.32222222222222224 0.04375
1333 0.7274305555555556 0.541796875 0.16875 0.04375
1333 0.11527777777777778 0.59921875 0.17222222222222222 0.04375
1333 0.33958333333333335 0.59921875 0.22777777777777777 0.04375
1333 0.5631944444444444 0.59921875 0.17083333333333334 0.04375
1333 0.7809027777777777 0.59921875 0.21597222222222223 0.04375
1333 0.14097222222222222 0.656640625 0.22361111111111112 0.04375
1333 0.4 0.656640625 0.24583333333333332 0.04375
1333 0.6625 0.656640625 0.23055555555555557 0.04375
1333 0.178125 0.7140625 0.29791666666666666 0.04375
1333 0.4461805555555556 0.7140625 0.18958333333333333 0.04375
1333 0.6628472222222223 0.7140625 0.1951388888888889 0.04375
1333 0.1875 0.771484375 0.31666666666666665 0.04375
1333 0.484375 0.771484375 0.22847222222222222 0.04375
1333 0.2465277777777778 0.8611328125 0.43472222222222223 0.006640625
1333 0.6392361111111111 0.82890625 0.31180555555555556 0.04375
1333 0.5989583333333334 0.8611328125 0.22152777777777777 0.006640625
1333 0.16041666666666668 0.88984375 0.2625 0.0640625
1333 0.39652777777777776 0.88984375 0.16111111111111112 0.0640625
106 0.5 0.48359375 1.0 0.7484375
19 0.5 0.48359375 0.11666666666666667 0.065625
1334 0.06145833333333333 0.89609375 0.07430555555555556 0.04921875
1334 0.8590277777777777 0.89609375 0.23333333333333334 0.04921875
8 0.5 0.89609375 1.0 0.0765625
1335 0.5 0.48359375 1.0 0.9015625
4 0.5 0.9671875 1.0 0.065625
4 0.5 0.01640625 1.0 0.0328125
5 0.5 0.5 1.0 1.0
