1336 0.0 0.0328125 0.0 0.0
4 0.5 0.3830078125 1.0 0.547265625
1337 0.0 0.656640625 0.0 0.0
1338 0.10694444444444444 0.7115234375 0.15555555555555556 0.076953125
1339 0.5503472222222222 0.6853515625 0.73125 0.021484375
1340 0.5777777777777777 0.7421875 0.7861111111111111 0.08671875
4 0.9579861111111111 0.6857421875 0.08263888888888889 0.041015625
1337 0.5777777777777777 0.86484375 0.7861111111111111 0.1390625
1341 0.5 0.7955078125 1.0 0.277734375
1342 0.5 0.48359375 1.0 0.9015625
1331 0.0 0.109375 0.0 0.0
19 0.5 0.5216796875 0.11666666666666667 0.547265625
1343 1.0 0.109375 0.0 0.0
1344 1.0 0.521875 0.0 0.825
71 0.0 0.934375 0.0 0.0
1345 0.5 0.1265625 1.0 0.1875
1334 0.64375 0.261328125 0.1125 0.04921875
1334 0.0 0.2203125 0.0 0.0
1334 0.7194444444444444 0.23671875 0.0 0.0
1334 0.8451388888888889 0.261328125 0.2513888888888889 0.04921875
16 0.5 0.253125 1.0 0.065625
1331 0.17395833333333333 0.3212890625 0.28958333333333336 0.032421875
16 0.31875 0.32109375 0.0 0.0
16 0.5 0.352734375 1.0 0.025
1331 0.13784722222222223 0.352734375 0.21736111111111112 0.025
1331 0.0 0.340234375 0.0 0.0
1346 0.0 0.2859375 0.0 0.0
1331 0.5 0.42109375 0.9416666666666667 0.08671875
1331 0.13402777777777777 0.4990234375 0.20972222222222223 0.027734375
1331 0.3715277777777778 0.4990234375 0.21666666666666667 0.027734375
1347 0.5 0.4990234375 0.9416666666666667 0.027734375
16 0.5 0.4453125 1.0 0.13515625
1331 0.071875 0.54375 0.08541666666666667 0.02578125
1331 0.20451388888888888 0.5447265625 0.16041666666666668 0.022265625
1348 0.15694444444444444 0.546484375 0.29444444444444445 0.053125
1331 0.42986111111111114 0.54375 0.09027777777777778 0.02578125
1331 0.5673611111111111 0.5447265625 0.16527777777777777 0.022265625
1348 0.5173611111111112 0.546484375 0.30416666666666664 0.053125
16 0.5 0.585546875 1.0 0.0109375
16 0.5 0.4384765625 1.0 0.305078125
1349 0.5 0.3119140625 1.0 0.558203125
1350 0.17743055555555556 0.623828125 0.3548611111111111 0.065625
1350 0.51875 0.623828125 0.3277777777777778 0.065625
1350 0.840625 0.623828125 0.3159722222222222 0.065625
1351 0.5 0.623828125 1.0 0.065625
1338 0.12916666666666668 0.231640625 0.21388888888888888 0.1203125
38 0.022222222222222223 0.171484375 0.0 0.0
1352 0.09965277777777778 0.07109375 0.19930555555555557 0.0765625
1353 0.825 0.07109375 0.1361111111111111 0.0765625
6 0.9465277777777777 0.07109375 0.10694444444444444 0.0765625
1354 0.5 0.07109375 1.0 0.0765625
1355 0.8930555555555556 0.87421875 0.1361111111111111 0.0765625
5 0.5 0.5 1.0 1.0
4 0.5 0.9671875 1.0 0.065625
4 0.5 0.01640625 1.0 0.0328125
