43 0.5 0.3015625 0.7388888888888889 0.0875
4 0.5 0.3466796875 0.7388888888888889 0.002734375
7 0.26180555555555557 0.394921875 0.18472222222222223 0.02578125
43 0.5777777777777777 0.39453125 0.42777777777777776 0.0296875
342 0.5 0.3951171875 0.6611111111111111 0.050390625
7 0.26180555555555557 0.4453125 0.18472222222222223 0.02578125
43 0.5777777777777777 0.444921875 0.42777777777777776 0.0296875
342 0.5 0.4455078125 0.6611111111111111 0.050390625
7 0.26180555555555557 0.495703125 0.18472222222222223 0.02578125
43 0.5777777777777777 0.4953125 0.42777777777777776 0.0296875
342 0.5 0.4958984375 0.6611111111111111 0.050390625
7 0.26180555555555557 0.54609375 0.18472222222222223 0.02578125
43 0.5777777777777777 0.545703125 0.42777777777777776 0.0296875
342 0.5 0.5462890625 0.6611111111111111 0.050390625
7 0.26180555555555557 0.596484375 0.18472222222222223 0.02578125
43 0.5777777777777777 0.59609375 0.42777777777777776 0.0296875
342 0.5 0.5966796875 0.6611111111111111 0.050390625
16 0.5 0.5287109375 0.6611111111111111 0.317578125
71 0.5 0.6546875 0.6611111111111111 0.065625
50 0.5 0.5287109375 0.7388888888888889 0.361328125
5 0.5 0.48359375 0.7777777777777778 0.4734375
