890 0.0 0.0328125 0.0 0.0
52 0.06805555555555555 0.07109375 0.1361111111111111 0.0765625
45 1.0 0.07109375 0.0 0.0765625
891 0.5 0.07109375 1.0 0.0765625
34 0.5 0.48359375 1.0 0.9015625
890 0.14097222222222222 0.706640625 0.011111111111111112 0.00390625
890 0.5 0.7302734375 0.23333333333333334 0.023046875
8 0.5 0.73046875 0.7291666666666666 0.04375
7 0.13576388888888888 0.7578125 0.0006944444444444445 0.0109375
890 0.4996527777777778 0.7849609375 0.21458333333333332 0.023046875
8 0.5 0.78515625 0.7291666666666666 0.04375
7 0.13576388888888888 0.8125 0.0006944444444444445 0.0109375
890 0.4996527777777778 0.8396484375 0.48819444444444443 0.023046875
8 0.5 0.83984375 0.7291666666666666 0.04375
7 0.13576388888888888 0.8671875 0.0006944444444444445 0.0109375
890 0.5 0.8943359375 0.2152777777777778 0.023046875
8 0.5 0.89453125 0.7291666666666666 0.04375
7 0.13576388888888888 0.921875 0.0006944444444444445 0.0109375
16 0.5 0.816015625 0.7291666666666666 0.22265625
38 0.5 0.915234375 1.0 0.0
71 0.03888888888888889 0.9125 0.07777777777777778 0.04375
890 0.0 0.109375 0.0 0.0
892 0.5 0.521875 0.19444444444444445 0.109375
38 0.315625 0.073828125 0.47430555555555554 0.08203125
16 0.3159722222222222 0.073828125 0.6319444444444444 0.08203125
38 0.05625 0.141796875 0.07777777777777778 0.04375
890 0.15659722222222222 0.141796875 0.12291666666666666 0.0546875
16 0.3159722222222222 0.141796875 0.6319444444444444 0.0546875
38 0.05625 0.19609375 0.07777777777777778 0.04375
890 0.15694444444444444 0.19609375 0.12361111111111112 0.0546875
16 0.3159722222222222 0.19609375 0.6319444444444444 0.0546875
38 0.05625 0.250390625 0.07777777777777778 0.04375
890 0.17916666666666667 0.250390625 0.16805555555555557 0.0546875
16 0.3159722222222222 0.250390625 0.6319444444444444 0.0546875
38 0.05625 0.3046875 0.07777777777777778 0.04375
890 0.1517361111111111 0.3046875 0.11319444444444444 0.0546875
16 0.3159722222222222 0.3046875 0.6319444444444444 0.0546875
38 0.05625 0.358984375 0.07777777777777778 0.04375
890 0.18472222222222223 0.358984375 0.17916666666666667 0.0546875
16 0.3159722222222222 0.358984375 0.6319444444444444 0.0546875
38 0.05625 0.41328125 0.07777777777777778 0.04375
890 0.19166666666666668 0.41328125 0.19305555555555556 0.0546875
16 0.3159722222222222 0.41328125 0.6319444444444444 0.0546875
38 0.05625 0.467578125 0.07777777777777778 0.04375
890 0.14791666666666667 0.467578125 0.10555555555555556 0.0546875
16 0.3159722222222222 0.467578125 0.6319444444444444 0.0546875
38 0.05625 0.521875 0.07777777777777778 0.04375
890 0.28854166666666664 0.521875 0.38680555555555557 0.0546875
16 0.3159722222222222 0.521875 0.6319444444444444 0.0546875
38 0.05625 0.576171875 0.07777777777777778 0.04375
890 0.1875 0.576171875 0.18472222222222223 0.0546875
16 0.3159722222222222 0.576171875 0.6319444444444444 0.0546875
38 0.05625 0.63046875 0.07777777777777778 0.04375
890 0.16666666666666666 0.63046875 0.14305555555555555 0.0546875
16 0.3159722222222222 0.63046875 0.6319444444444444 0.0546875
38 0.05625 0.684765625 0.07777777777777778 0.04375
890 0.17743055555555556 0.684765625 0.16458333333333333 0.0546875
16 0.3159722222222222 0.684765625 0.6319444444444444 0.0546875
38 0.05625 0.7390625 0.07777777777777778 0.04375
890 0.16770833333333332 0.7390625 0.1451388888888889 0.0546875
16 0.3159722222222222 0.7390625 0.6319444444444444 0.0546875
893 0.3159722222222222 0.48359375 0.6319444444444444 0.9015625
5 0.5 0.4671875 1.0 0.934375
