1356 0.44166666666666665 0.083203125 0.5097222222222222 0.0421875
114 0.7916666666666666 0.0833984375 0.11666666666666667 0.057421875
8 0.5 0.1173828125 0.7 0.010546875
1356 0.5 0.0654296875 0.6263888888888889 0.093359375
16 0.6795138888888889 0.0689453125 0.2673611111111111 0.086328125
7 0.7461805555555555 0.0689453125 0.13402777777777777 0.086328125
1357 0.2420138888888889 0.089453125 0.11041666666666666 0.0453125
1358 0.5454861111111111 0.089453125 0.42291666666666666 0.0453125
6 0.79375 0.0865234375 0.03888888888888889 0.051171875
16 0.5 0.093359375 0.7 0.0375
7 0.3541666666666667 0.146875 0.3347222222222222 0.03359375
16 0.6795138888888889 0.1166015625 0.2673611111111111 0.008984375
7 0.7461805555555555 0.146875 0.13402777777777777 0.0453125
16 0.6795138888888889 0.146875 0.2673611111111111 0.0453125
8 0.5 0.1470703125 0.7 0.048046875
7 0.3541666666666667 0.1953125 0.3347222222222222 0.03359375
16 0.6795138888888889 0.1953125 0.2673611111111111 0.0453125
7 0.7461805555555555 0.1953125 0.13402777777777777 0.0453125
8 0.5 0.1955078125 0.7 0.048046875
7 0.3541666666666667 0.24375 0.3347222222222222 0.03359375
16 0.6795138888888889 0.24375 0.2673611111111111 0.0453125
7 0.7461805555555555 0.24375 0.13402777777777777 0.0453125
8 0.5 0.2439453125 0.7 0.048046875
7 0.3541666666666667 0.2921875 0.3347222222222222 0.03359375
16 0.6795138888888889 0.2921875 0.2673611111111111 0.0453125
7 0.7461805555555555 0.2921875 0.13402777777777777 0.0453125
8 0.5 0.2923828125 0.7 0.048046875
7 0.3541666666666667 0.340625 0.3347222222222222 0.03359375
16 0.6795138888888889 0.340625 0.2673611111111111 0.0453125
7 0.7461805555555555 0.340625 0.13402777777777777 0.0453125
8 0.5 0.3408203125 0.7 0.048046875
7 0.3541666666666667 0.3890625 0.3347222222222222 0.03359375
16 0.6795138888888889 0.3890625 0.2673611111111111 0.0453125
7 0.7461805555555555 0.3890625 0.13402777777777777 0.0453125
8 0.5 0.3892578125 0.7 0.048046875
7 0.3541666666666667 0.4375 0.3347222222222222 0.03359375
16 0.6795138888888889 0.4375 0.2673611111111111 0.0453125
7 0.7461805555555555 0.4375 0.13402777777777777 0.0453125
8 0.5 0.4376953125 0.7 0.048046875
7 0.3541666666666667 0.4859375 0.3347222222222222 0.03359375
16 0.6795138888888889 0.4859375 0.2673611111111111 0.0453125
7 0.7461805555555555 0.4859375 0.13402777777777777 0.0453125
8 0.5 0.4861328125 0.7 0.048046875
7 0.3541666666666667 0.534375 0.3347222222222222 0.03359375
16 0.6795138888888889 0.534375 0.2673611111111111 0.0453125
7 0.7461805555555555 0.534375 0.13402777777777777 0.0453125
8 0.5 0.5345703125 0.7 0.048046875
1356 0.5 0.6052734375 0.6263888888888889 0.037890625
16 0.5 0.655859375 0.7 0.0484375
1357 0.25590277777777776 0.65546875 0.13819444444444445 0.03359375
1358 0.559375 0.65546875 0.3951388888888889 0.03359375
6 0.79375 0.65546875 0.03888888888888889 0.021875
16 0.5 0.704296875 0.7 0.0484375
1357 0.3125 0.70390625 0.2513888888888889 0.03359375
1358 0.6159722222222223 0.70390625 0.28194444444444444 0.03359375
6 0.79375 0.70390625 0.03888888888888889 0.021875
16 0.5 0.752734375 0.7 0.0484375
1357 0.3503472222222222 0.75234375 0.32708333333333334 0.03359375
1358 0.6538194444444444 0.75234375 0.20625 0.03359375
6 0.79375 0.75234375 0.03888888888888889 0.021875
16 0.5 0.801171875 0.7 0.0484375
1357 0.246875 0.80078125 0.12013888888888889 0.03359375
1358 0.5503472222222222 0.80078125 0.4131944444444444 0.03359375
6 0.79375 0.80078125 0.03888888888888889 0.021875
16 0.5 0.849609375 0.7 0.0484375
1357 0.32708333333333334 0.84921875 0.28055555555555556 0.03359375
1358 0.6305555555555555 0.84921875 0.25277777777777777 0.03359375
6 0.79375 0.84921875 0.03888888888888889 0.021875
16 0.5 0.8931640625 0.7 0.038671875
1357 0.35659722222222223 0.8966796875 0.33958333333333335 0.031640625
1358 0.6600694444444445 0.8966796875 0.19375 0.031640625
6 0.79375 0.923828125 0.03888888888888889 0.02265625
16 0.5 0.9173828125 0.7 0.009765625
1357 0.24444444444444444 0.9208984375 0.11527777777777778 0.016796875
1358 0.5479166666666667 0.9208984375 0.41805555555555557 0.016796875
8 0.5 0.48359375 0.7 0.8578125
0 0.15 0.0546875 0.0 0.0
5 0.5 0.48359375 0.7777777777777778 0.9015625
