16 0.5729166666666666 0.48359375 0.8541666666666666 0.9015625
8 0.32222222222222224 0.0642578125 0.3527777777777778 0.062890625
43 0.14583333333333334 0.0328125 0.0 0.0
1359 0.5729166666666666 0.1314453125 0.8541666666666666 0.068359375
6 0.21388888888888888 0.13125 0.07777777777777778 0.04375
7 0.6409722222222223 0.13125 0.7180555555555556 0.0296875
6 0.21388888888888888 0.201171875 0.07777777777777778 0.04375
7 0.6409722222222223 0.201171875 0.7180555555555556 0.0296875
1359 0.5729166666666666 0.2013671875 0.8541666666666666 0.068359375
6 0.21388888888888888 0.27109375 0.07777777777777778 0.04375
7 0.6409722222222223 0.27109375 0.7180555555555556 0.0296875
1359 0.5729166666666666 0.2712890625 0.8541666666666666 0.068359375
6 0.21388888888888888 0.341015625 0.07777777777777778 0.04375
7 0.6409722222222223 0.341015625 0.7180555555555556 0.0296875
1359 0.5729166666666666 0.3412109375 0.8541666666666666 0.068359375
6 0.21388888888888888 0.4109375 0.07777777777777778 0.04375
7 0.6409722222222223 0.4109375 0.7180555555555556 0.0296875
1359 0.5729166666666666 0.4111328125 0.8541666666666666 0.068359375
10 0.5729166666666666 0.2712890625 0.8541666666666666 0.348046875
77 0.5 0.48359375 1.0 0.9015625
61 0.0 0.0328125 0.0 0.0
43 0.0 0.109375 0.0 0.0
1360 0.5 0.4890625 1.0 0.759375
6 0.16631944444444444 0.890625 0.07430555555555556 0.04375
43 0.16666666666666666 0.9234375 0.1375 0.021875
16 0.16666666666666666 0.9015625 0.3333333333333333 0.065625
43 0.5 0.9234375 0.08611111111111111 0.021875
16 0.5 0.9015625 0.3333333333333333 0.065625
6 0.8329861111111111 0.890625 0.07430555555555556 0.04375
43 0.8329861111111111 0.9234375 0.2590277777777778 0.021875
16 0.8333333333333334 0.9015625 0.3333333333333333 0.065625
213 0.5 0.9015625 1.0 0.065625
6 0.06319444444444444 0.07109375 0.12638888888888888 0.04375
43 0.5 0.07109375 0.2611111111111111 0.04453125
16 0.9270833333333334 0.07109375 0.14583333333333334 0.0765625
74 0.5 0.07109375 1.0 0.0765625
45 1.0 0.07109375 0.0 0.0765625
5 0.5 0.5 1.0 1.0
4 0.5 0.9671875 1.0 0.065625
4 0.5 0.01640625 1.0 0.0328125
