16 0.5729166666666666 0.48359375 0.8541666666666666 0.9015625
8 0.32222222222222224 0.0642578125 0.3527777777777778 0.062890625
43 0.14583333333333334 0.0328125 0.0 0.0
10 0.5729166666666666 0.097265625 0.8541666666666666 0.0
77 0.5 0.48359375 1.0 0.9015625
61 0.0 0.0328125 0.0 0.0
43 0.0 0.109375 0.0 0.0
16 0.0 0.934375 0.0 0.0
213 0.5 0.934375 1.0 0.0
6 0.4996527777777778 0.07109375 0.3284722222222222 0.034375
16 0.9878472222222222 0.07109375 0.024305555555555556 0.0
74 0.5 0.07109375 1.0 0.0765625
45 1.0 0.07109375 0.0 0.0765625
5 0.5 0.5 1.0 1.0
4 0.5 0.01640625 1.0 0.0328125
