38 0.0 0.0 0.0 0.0
5 0.5 0.5 1.0 1.0
71 0.25 0.9015625 0.5 0.065625
71 0.75 0.9015625 0.5 0.065625
16 0.5 0.9015625 1.0 0.065625
172 0.4753472222222222 0.8208984375 0.024305555555555556 0.013671875
172 0.5489583333333333 0.8208984375 0.024305555555555556 0.013671875
38 0.0 0.337109375 0.0 0.0
38 0.0 0.337109375 0.0 0.67421875
16 0.0 0.40703125 0.0 0.8140625
38 0.5 0.3369140625 1.0 0.299609375
38 0.5 0.337109375 1.0 0.67421875
1361 0.5 0.7578125 0.8055555555555556 0.1125
1362 0.5 0.40703125 1.0 0.8140625
38 1.0 0.337109375 0.0 0.0
38 1.0 0.337109375 0.0 0.67421875
16 1.0 0.40703125 0.0 0.8140625
4 0.5 0.9671875 1.0 0.065625
