38 0.0 0.0 0.0 0.0
5 0.5 0.5 1.0 1.0
38 0.5 0.13984375 0.4013888888888889 0.1703125
7 0.1638888888888889 0.2712890625 0.2791666666666667 0.023828125
1363 0.5 0.31328125 0.9513888888888888 0.06015625
7 0.10520833333333333 0.3552734375 0.16180555555555556 0.023828125
1363 0.5 0.397265625 0.9513888888888888 0.06015625
1361 0.5 0.4712890625 0.44722222222222224 0.033203125
71 0.5 0.548046875 0.9027777777777778 0.065625
16 0.5 0.3041015625 1.0 0.608203125
71 0.25 0.9015625 0.5 0.065625
71 0.75 0.9015625 0.5 0.065625
16 0.5 0.9015625 1.0 0.065625
4 0.5 0.9671875 1.0 0.065625
