17 0.0 0.0328125 0.0 0.0
416 0.5875 0.0654296875 0.825 0.033203125
416 0.175 0.0654296875 0.0 0.036328125
418 0.06805555555555555 0.065625 0.1361111111111111 0.065625
45 1.0 0.065625 0.0 0.065625
80 0.5 0.065625 1.0 0.065625
416 0.5 0.1599609375 1.0 0.123046875
4 0.5 0.2228515625 1.0 0.002734375
415 0.0875 0.2734375 0.11666666666666667 0.065625
416 0.5583333333333333 0.2734375 0.825 0.065625
16 0.5 0.2734375 1.0 0.0984375
415 0.0875 0.3734375 0.11666666666666667 0.065625
416 0.5583333333333333 0.3734375 0.825 0.065625
16 0.5 0.3734375 1.0 0.0984375
415 0.0875 0.4734375 0.11666666666666667 0.065625
416 0.5583333333333333 0.4734375 0.825 0.065625
16 0.5 0.4734375 1.0 0.0984375
10 0.5 0.3734375 1.0 0.2984375
16 0.5 0.277734375 1.0 0.48984375
34 0.5 0.48359375 1.0 0.9015625
4 0.5 0.9671875 1.0 0.065625
4 0.5 0.01640625 1.0 0.0328125
5 0.5 0.5 1.0 1.0
