17 0.0 0.0328125 0.0 0.0
8 0.23333333333333334 0.065625 0.11666666666666667 0.065625
8 0.9416666666666667 0.065625 0.11666666666666667 0.065625
8 0.5875 0.065625 0.5916666666666667 0.065625
8 0.5875 0.065625 0.825 0.065625
416 0.0 0.065625 0.0 0.065625
45 1.0 0.065625 0.0 0.065625
80 0.5 0.065625 1.0 0.065625
12 0.5 0.9001953125 1.0 0.068359375
416 0.5 0.118359375 1.0 0.03984375
416 0.5 0.159765625 1.0 0.03984375
416 0.5 0.201171875 1.0 0.03984375
416 0.5 0.2419921875 1.0 0.038671875
416 0.5 0.2822265625 1.0 0.038671875
416 0.5 0.3224609375 1.0 0.038671875
416 0.5 0.3626953125 1.0 0.038671875
416 0.5 0.4029296875 1.0 0.038671875
416 0.5 0.4431640625 1.0 0.038671875
416 0.5 0.483984375 1.0 0.03984375
416 0.5 0.5248046875 1.0 0.038671875
416 0.5 0.5650390625 1.0 0.038671875
416 0.5 0.6052734375 1.0 0.038671875
416 0.5 0.6455078125 1.0 0.038671875
416 0.5 0.6857421875 1.0 0.038671875
416 0.5 0.7259765625 1.0 0.038671875
416 0.5 0.766796875 1.0 0.03984375
416 0.5 0.8076171875 1.0 0.038671875
416 0.5 0.847265625 1.0 0.0375
16 0.5 0.4822265625 1.0 0.767578125
34 0.5 0.48359375 1.0 0.9015625
416 0.0 0.13125 0.0 0.065625
416 0.0 0.196875 0.0 0.065625
416 0.0 0.2625 0.0 0.065625
416 0.0 0.328125 0.0 0.065625
416 0.0 0.39375 0.0 0.065625
416 0.0 0.462109375 0.0 0.065625
416 0.0 0.527734375 0.0 0.065625
416 0.0 0.593359375 0.0 0.065625
416 0.0 0.658984375 0.0 0.065625
416 0.0 0.724609375 0.0 0.065625
16 0.0 0.3951171875 0.0 0.724609375
16 0.0 0.48359375 0.0 0.9015625
4 0.5 0.9671875 1.0 0.065625
4 0.5 0.01640625 1.0 0.0328125
5 0.5 0.5 1.0 1.0
