17 0.0 0.0328125 0.0 0.0
7 0.22708333333333333 0.0708984375 0.1625 0.036328125
52 0.06805555555555555 0.07109375 0.1361111111111111 0.0765625
45 1.0 0.07109375 0.0 0.0765625
80 0.5 0.07109375 1.0 0.0765625
302 0.5 0.1751953125 0.9222222222222223 0.058203125
302 0.5 0.2482421875 0.9222222222222223 0.058203125
302 0.5 0.3212890625 0.9222222222222223 0.058203125
43 0.5 0.405859375 0.9222222222222223 0.065625
43 0.5 0.494140625 0.9222222222222223 0.065625
43 0.0 0.109375 0.0 0.0
16 0.5 0.3291015625 1.0 0.439453125
8 0.5 0.521875 1.0 0.825
8 0.5 0.9015625 1.0 0.065625
71 0.8930555555555556 0.9015625 0.21388888888888888 0.065625
139 0.5 0.48359375 1.0 0.9015625
4 0.5 0.9671875 1.0 0.065625
4 0.5 0.01640625 1.0 0.0328125
5 0.5 0.5 1.0 1.0
