890 0.0 0.0328125 0.0 0.0
52 0.06805555555555555 0.07109375 0.1361111111111111 0.0765625
6 0.5 0.07109375 0.3888888888888889 0.06015625
6 0.9465277777777777 0.07109375 0.0 0.0
1364 0.9465277777777777 0.07109375 0.10694444444444444 0.06015625
38 0.8152777777777778 0.04921875 0.0 0.0
38 0.8541666666666666 0.07109375 0.07777777777777778 0.04375
45 1.0 0.07109375 0.0 0.0765625
891 0.5 0.07109375 1.0 0.0765625
1365 0.5 0.2734375 1.0 0.328125
43 0.4996527777777778 0.22109375 0.26180555555555557 0.04296875
43 0.22569444444444445 0.2673828125 0.3541666666666667 0.022265625
43 0.9083333333333333 0.3033203125 0.08611111111111111 0.022265625
8 0.5 0.296484375 1.0 0.0359375
43 0.14756944444444445 0.3033203125 0.19791666666666666 0.022265625
16 0.5 0.25703125 1.0 0.11484375
1366 0.5 0.4203125 0.025 0.00703125
890 0.0 0.109375 0.0 0.0
38 0.0 0.4375 0.0 0.0
43 0.125 0.4701171875 0.10277777777777777 0.022265625
127 0.125 0.4703125 0.25 0.065625
38 0.25 0.4375 0.0 0.0
43 0.375 0.4701171875 0.14027777777777778 0.022265625
127 0.375 0.4703125 0.25 0.065625
43 0.6246527777777777 0.4701171875 0.12013888888888889 0.022265625
127 0.625 0.4703125 0.25 0.065625
38 0.75 0.4375 0.0 0.0
43 0.8746527777777777 0.4701171875 0.14375 0.022265625
127 0.875 0.4703125 0.25 0.065625
128 0.5 0.4703125 1.0 0.065625
38 0.5 0.6228515625 0.9861111111111112 0.226171875
43 0.5 0.7677734375 0.9375 0.036328125
43 0.13576388888888888 0.8080078125 0.20902777777777778 0.022265625
38 0.03125 0.796875 0.0 0.0
16 0.5 0.8080078125 0.9375 0.044140625
38 0.9295138888888889 0.8080078125 0.07847222222222222 0.044140625
16 0.5 0.78984375 0.9861111111111112 0.1078125
41 0.5 0.6767578125 1.0 0.344140625
43 0.0 0.5046875 0.0 0.0
38 0.5 0.8904296875 1.0 0.087890625
4 0.0 0.848828125 0.0 0.0
1367 0.5 0.71953125 1.0 0.4296875
38 0.07291666666666667 0.551171875 0.0875 0.04921875
43 0.27743055555555557 0.533984375 0.2826388888888889 0.0296875
43 0.5555555555555556 0.53515625 0.27361111111111114 0.02578125
43 0.7256944444444444 0.53515625 0.06666666666666667 0.02578125
16 0.44756944444444446 0.533984375 0.6229166666666667 0.0296875
38 0.9513888888888888 0.53515625 0.03888888888888889 0.01796875
1368 0.5534722222222223 0.6908203125 0.8347222222222223 0.264453125
1369 0.17881944444444445 0.806640625 0.06597222222222222 0.021875
43 0.5534722222222223 0.881640625 0.8347222222222223 0.10546875
1370 0.16006944444444443 0.9392578125 0.10486111111111111 0.009765625
44 0.3607638888888889 0.9392578125 0.10208333333333333 0.009765625
1371 0.5538194444444444 0.9392578125 0.8923611111111112 0.009765625
43 0.0 0.9658203125 0.0 0.062890625
1367 0.5 0.9658203125 1.0 0.062890625
34 0.5 0.48359375 1.0 0.9015625
71 0.03888888888888889 0.84375 0.07777777777777778 0.04375
16 0.0 0.06015625 0.0 0.0546875
16 0.0 0.16875 0.0 0.0546875
16 0.0 0.223046875 0.0 0.0546875
16 0.0 0.27734375 0.0 0.0546875
35 0.0 0.16953125 0.0 0.2734375
893 0.0 0.48359375 0.0 0.9015625
5 0.5 0.4671875 1.0 0.934375
