0 0.0 0.0 0.0 0.0
7 0.5 0.10859375 1.0 0.0421875
6 0.5 0.4833984375 0.7291666666666666 0.483203125
7 0.5 0.828125 0.8541666666666666 0.06171875
88 0.5 0.48359375 1.0 0.9015625
7 0.0 0.10859375 0.0 0.0421875
8 0.0 0.48359375 0.0 0.9015625
6 0.9486111111111111 0.06171875 0.07777777777777778 0.04375
6 0.45868055555555554 0.9021484375 0.04097222222222222 0.023046875
6 0.540625 0.9021484375 0.04097222222222222 0.023046875
6 0.5815972222222222 0.9021484375 0.04097222222222222 0.023046875
16 0.4996527777777778 0.9021484375 0.2048611111111111 0.023046875
4 0.5 0.9671875 1.0 0.065625
4 0.5 0.01640625 1.0 0.0328125
5 0.5 0.5 1.0 1.0
