120 0.0 0.0328125 0.0 0.0
446 0.5 0.48359375 1.0 0.9015625
7 0.27291666666666664 0.0708984375 0.25416666666666665 0.036328125
45 0.9416666666666667 0.07109375 0.11666666666666667 0.0765625
1372 0.8833333333333333 0.041015625 0.0 0.0
52 0.06805555555555555 0.07109375 0.1361111111111111 0.0765625
80 0.5 0.07109375 1.0 0.0765625
6 0.5 0.4833984375 0.4861111111111111 0.145703125
8 0.0 0.1734375 0.0 0.28125
16 0.0 0.36328125 0.0 0.0765625
16 0.0 0.43984375 0.0 0.0765625
16 0.0 0.51640625 0.0 0.0765625
16 0.0 0.59296875 0.0 0.0765625
16 0.0 0.66953125 0.0 0.0765625
10 0.0 0.5982421875 0.0 0.568359375
16 0.0 0.8974609375 0.0 0.030078125
8 0.0 0.48359375 0.0 0.9015625
5 0.5 0.5 1.0 1.0
4 0.5 0.9671875 1.0 0.065625
4 0.5 0.01640625 1.0 0.0328125
