1373 0.0 0.0984375 0.0 0.0
6 0.08298611111111111 0.093359375 0.12152777777777778 0.01015625
16 0.5694444444444444 0.0826171875 0.8513888888888889 0.031640625
7 0.14375 0.066015625 0.0 0.06484375
56 0.5 0.065625 1.0 0.065625
6 0.08298611111111111 0.161328125 0.12152777777777778 0.07578125
16 0.5694444444444444 0.1611328125 0.8513888888888889 0.033203125
7 0.14375 0.14453125 0.0 0.0
8 0.5 0.161328125 1.0 0.109375
6 0.08298611111111111 0.272265625 0.12152777777777778 0.07578125
16 0.5694444444444444 0.2720703125 0.8513888888888889 0.033203125
7 0.14375 0.25546875 0.0 0.0
8 0.5 0.272265625 1.0 0.109375
6 0.08298611111111111 0.383203125 0.12152777777777778 0.07578125
16 0.5694444444444444 0.3830078125 0.8513888888888889 0.033203125
7 0.14375 0.36640625 0.0 0.0
8 0.5 0.383203125 1.0 0.109375
6 0.08298611111111111 0.494140625 0.12152777777777778 0.07578125
16 0.5694444444444444 0.4939453125 0.8513888888888889 0.033203125
7 0.14375 0.47734375 0.0 0.0
8 0.5 0.494140625 1.0 0.109375
6 0.08298611111111111 0.605078125 0.12152777777777778 0.07578125
16 0.5694444444444444 0.6048828125 0.8513888888888889 0.033203125
7 0.14375 0.58828125 0.0 0.0
8 0.5 0.605078125 1.0 0.109375
6 0.08298611111111111 0.716015625 0.12152777777777778 0.07578125
16 0.5694444444444444 0.7158203125 0.8513888888888889 0.058984375
8 0.5 0.716015625 1.0 0.109375
6 0.08298611111111111 0.826953125 0.12152777777777778 0.07578125
16 0.5694444444444444 0.8267578125 0.8513888888888889 0.058984375
8 0.5 0.819140625 1.0 0.09375
8 0.5 0.4822265625 1.0 0.767578125
1374 0.5 0.9001953125 1.0 0.068359375
57 0.0 0.0328125 0.0 0.0
54 0.06875 0.065625 0.09722222222222222 0.065625
16 0.2670138888888889 0.0654296875 0.29930555555555555 0.033203125
7 0.11736111111111111 0.048828125 0.0 0.0
16 0.21840277777777778 0.065625 0.39652777777777776 0.065625
1375 0.7958333333333333 0.065625 0.1361111111111111 0.065625
50 0.7277777777777777 0.0328125 0.0 0.0
91 0.9319444444444445 0.065625 0.1361111111111111 0.065625
56 0.0 0.0 0.0 0.0
53 0.5 0.4671875 1.0 0.934375
