17 0.0 0.0328125 0.0 0.0
7 0.0920138888888889 0.0708984375 0.10625 0.036328125
22 0.7958333333333333 0.07109375 0.1361111111111111 0.065625
22 0.9319444444444445 0.07109375 0.1361111111111111 0.065625
45 0.8638888888888889 0.07109375 0.2722222222222222 0.0765625
80 0.5 0.07109375 1.0 0.0765625
38 0.0 0.109375 0.0 0.0
38 0.125 0.1421875 0.0875 0.04375
127 0.125 0.1421875 0.25 0.065625
38 0.25 0.109375 0.0 0.0
38 0.375 0.1421875 0.0875 0.04375
127 0.375 0.1421875 0.25 0.065625
38 0.5 0.109375 0.0 0.0
38 0.625 0.1421875 0.0875 0.04375
127 0.625 0.1421875 0.25 0.065625
38 0.75 0.109375 0.0 0.0
38 0.875 0.1421875 0.0875 0.04375
127 0.875 0.1421875 0.25 0.065625
128 0.5 0.1421875 1.0 0.065625
43 0.5 0.2015625 0.058333333333333334 0.053125
38 0.5680555555555555 0.20234375 0.03888888888888889 0.021875
8 0.5 0.20234375 1.0 0.0546875
1378 0.019444444444444445 0.240625 0.0 0.0
1378 0.09722222222222222 0.295703125 0.07777777777777778 0.04375
38 0.058333333333333334 0.273828125 0.0 0.0
1379 0.3972222222222222 0.2845703125 0.48333333333333334 0.022265625
43 0.20625 0.3068359375 0.10138888888888889 0.022265625
16 0.5225694444444444 0.295703125 0.7340277777777777 0.04453125
38 0.9350694444444444 0.2908203125 0.09097222222222222 0.034765625
8 0.5 0.295703125 0.9611111111111111 0.04453125
1380 0.48854166666666665 0.365625 0.8604166666666667 0.0296875
201 0.5 0.528125 0.8833333333333333 0.2625
44 0.058333333333333334 0.396875 0.0 0.0
43 0.20347222222222222 0.6869140625 0.2902777777777778 0.027734375
1381 0.5 0.6923828125 0.8833333333333333 0.038671875
16 0.5 0.492578125 0.9611111111111111 0.43828125
43 0.14583333333333334 0.7556640625 0.25277777777777777 0.044140625
38 0.6972222222222222 0.75546875 0.03888888888888889 0.021875
16 0.7152777777777778 0.7556640625 0.11388888888888889 0.066015625
38 0.8694444444444445 0.75546875 0.03888888888888889 0.021875
43 0.9347222222222222 0.7556640625 0.09166666666666666 0.044140625
16 0.8194444444444444 0.7556640625 0.32222222222222224 0.066015625
8 0.5 0.7556640625 0.9611111111111111 0.066015625
16 0.5 0.5228515625 0.9611111111111111 0.542578125
1379 0.019444444444444445 0.805078125 0.0 0.0
1378 0.09722222222222222 0.846484375 0.07777777777777778 0.04375
38 0.058333333333333334 0.824609375 0.0 0.0
1379 0.4826388888888889 0.8353515625 0.6541666666666667 0.022265625
43 0.21493055555555557 0.8576171875 0.11875 0.022265625
38 0.9350694444444444 0.8416015625 0.09097222222222222 0.034765625
8 0.5 0.846484375 0.9611111111111111 0.04453125
1380 0.5 0.9072265625 0.8444444444444444 0.022265625
43 0.1597222222222222 0.9318359375 0.1638888888888889 0.005078125
44 0.07777777777777778 0.89609375 0.0 0.0
1380 0.5 0.9552734375 0.8833333333333333 0.041796875
44 0.058333333333333334 0.9484375 0.0 0.028125
16 0.5 0.8697265625 0.9611111111111111 0.129296875
1382 0.5 0.5546875 1.0 0.759375
43 0.0 0.175 0.0 0.0
16 1.0 0.3765625 0.0 0.403125
50 1.0 0.6109375 0.0 0.065625
103 1.0 0.5546875 0.0 0.759375
4 1.0 0.178515625 0.0 0.00703125
34 0.5 0.48359375 1.0 0.9015625
32 0.8930555555555556 0.87421875 0.1361111111111111 0.0765625
4 0.5 0.9671875 1.0 0.065625
4 0.5 0.01640625 1.0 0.0328125
5 0.5 0.5 1.0 1.0
