36 0.0 0.0328125 0.0 0.0
38 0.5 0.277734375 1.0 0.30390625
43 0.4996527777777778 0.2775390625 0.8395833333333333 0.033203125
16 0.0 0.1369140625 0.0 0.055078125
43 0.5 0.630078125 0.9666666666666667 0.34921875
10 0.014583333333333334 0.454296875 0.0 0.0
16 0.5 0.46171875 1.0 0.7046875
1383 0.325 0.8734375 0.15555555555555556 0.0875
1383 0.5 0.8734375 0.15555555555555556 0.0875
1383 0.675 0.8734375 0.15555555555555556 0.0875
1383 0.85 0.8734375 0.15555555555555556 0.0875
1383 0.9736111111111111 0.8734375 0.05277777777777778 0.0875
1384 0.5 0.87421875 1.0 0.1203125
42 0.5 0.48359375 1.0 0.9015625
1385 0.0 0.934375 0.0 0.0
50 0.5 0.934375 1.0 0.0
16 0.0 0.1927734375 0.0 0.055078125
16 0.0 0.2486328125 0.0 0.055078125
16 0.0 0.3044921875 0.0 0.055078125
16 0.0 0.3603515625 0.0 0.055078125
50 0.0 0.38828125 0.0 0.00078125
16 0.0 0.2490234375 0.0 0.279296875
4 0.0 0.6025390625 0.0 0.427734375
16 0.0 0.875390625 0.0 0.11796875
16 0.0 0.521875 0.0 0.825
7 0.2569444444444444 0.0708984375 0.2222222222222222 0.033203125
22 0.6986111111111111 0.07109375 0.1361111111111111 0.065625
22 0.8347222222222223 0.07109375 0.1361111111111111 0.065625
173 0.9513888888888888 0.07109375 0.09722222222222222 0.065625
45 0.8152777777777778 0.07109375 0.36944444444444446 0.0765625
52 0.06805555555555555 0.07109375 0.1361111111111111 0.0765625
46 0.5 0.07109375 1.0 0.0765625
5 0.5 0.5 1.0 1.0
4 0.5 0.01640625 1.0 0.0328125
