1386 0.0 0.0328125 0.0 0.0
7 0.3215277777777778 0.0708984375 0.35138888888888886 0.036328125
52 0.06805555555555555 0.07109375 0.1361111111111111 0.0765625
45 1.0 0.07109375 0.0 0.0765625
80 0.5 0.07109375 1.0 0.0765625
1387 0.0 0.934375 0.0 0.0
50 0.5 0.934375 1.0 0.0
1388 0.5 0.521875 1.0 0.825
19 0.5 0.521875 0.11666666666666667 0.065625
4 0.5 0.112890625 1.0 0.00703125
5 0.5 0.5 1.0 1.0
113 0.0 0.4671875 0.0 0.934375
38 0.0 0.111328125 0.0 0.00078125
38 0.0 0.177734375 0.0 0.00078125
38 0.0 0.244140625 0.0 0.00078125
8 0.0 0.27734375 0.0 0.065625
8 0.0 0.34296875 0.0 0.065625
8 0.0 0.40859375 0.0 0.065625
8 0.0 0.47421875 0.0 0.065625
8 0.0 0.53984375 0.0 0.065625
8 0.0 0.60546875 0.0 0.065625
8 0.0 0.67109375 0.0 0.065625
38 0.0 0.769921875 0.0 0.00078125
38 0.0 0.837109375 0.0 0.00078125
8 0.0 0.8703125 0.0 0.065625
50 0.0 0.52265625 0.0 0.8234375
4 0.5 0.01640625 1.0 0.0328125
