17 0.0 0.0328125 0.0 0.0
5 0.5 0.4671875 1.0 0.934375
38 0.5 0.3171875 0.5 0.546875
16 0.0 0.712109375 0.0 0.44453125
43 0.5 0.602734375 0.9222222222222223 0.1046875
43 0.5 0.706640625 0.9222222222222223 0.08125
43 0.5 0.773046875 0.0 0.0296875
71 0.4996527777777778 0.831640625 0.3923611111111111 0.065625
929 0.03888888888888889 0.875390625 0.0 0.0
929 0.7666666666666667 0.9048828125 0.3888888888888889 0.058984375
8 0.5 0.9048828125 0.9222222222222223 0.058984375
8 0.5 0.712109375 1.0 0.44453125
