7 0.5 0.121484375 0.9513888888888888 0.04609375
177 0.5 0.17109375 0.9513888888888888 0.053125
8 0.5 0.28046875 0.9513888888888888 0.0296875
1389 0.5 0.30234375 0.9513888888888888 0.0734375
7 0.5 0.413671875 0.9513888888888888 0.04609375
7 0.2965277777777778 0.464453125 0.4861111111111111 0.05546875
59 0.9368055555555556 0.45859375 0.07777777777777778 0.04375
1390 0.5 0.519921875 0.9513888888888888 0.05546875
7 0.2965277777777778 0.519921875 0.4861111111111111 0.05546875
59 0.9368055555555556 0.5140625 0.07777777777777778 0.04375
1390 0.5 0.575390625 0.9513888888888888 0.05546875
7 0.2965277777777778 0.575390625 0.4861111111111111 0.05546875
59 0.9368055555555556 0.56953125 0.07777777777777778 0.04375
1390 0.5 0.630859375 0.9513888888888888 0.05546875
7 0.2965277777777778 0.630859375 0.4861111111111111 0.05546875
59 0.9368055555555556 0.625 0.07777777777777778 0.04375
16 0.5 0.6578125 0.9513888888888888 0.0015625
7 0.2965277777777778 0.69921875 0.4861111111111111 0.08125
59 0.9368055555555556 0.68046875 0.07777777777777778 0.04375
1390 0.5 0.767578125 0.9513888888888888 0.05546875
1390 0.5 0.69921875 0.9513888888888888 0.08125
7 0.2965277777777778 0.767578125 0.4861111111111111 0.05546875
59 0.9368055555555556 0.76171875 0.07777777777777778 0.04375
1390 0.5 0.823046875 0.9513888888888888 0.05546875
7 0.2965277777777778 0.8515625 0.4861111111111111 0.0015625
59 0.9368055555555556 0.8515625 0.07777777777777778 0.0015625
1390 0.5 0.8515625 0.9513888888888888 0.0015625
1391 0.5 0.64453125 0.9513888888888888 0.415625
16 0.5 0.475390625 1.0 0.75390625
114 0.5 0.89609375 0.9708333333333333 0.065625
16 0.5 0.51640625 1.0 0.8359375
6 0.06875 0.065625 0.07777777777777778 0.04375
54 0.058680555555555555 0.065625 0.11736111111111111 0.065625
16 0.2420138888888889 0.0654296875 0.24930555555555556 0.033203125
7 0.11736111111111111 0.048828125 0.0 0.0
16 0.18333333333333332 0.065625 0.36666666666666664 0.065625
91 0.9319444444444445 0.065625 0.1361111111111111 0.065625
56 0.5 0.065625 1.0 0.065625
57 0.0 0.0328125 0.0 0.0
53 0.5 0.4671875 1.0 0.934375
