0 0.0 0.0 0.0 0.0
5 0.5 0.4671875 1.0 0.934375
6 0.5 0.235546875 0.6805555555555556 0.178125
7 0.5 0.3548828125 0.3416666666666667 0.060546875
6 0.20347222222222222 0.413671875 0.0875 0.04375
16 0.5 0.4138671875 0.6805555555555556 0.057421875
6 0.20104166666666667 0.47109375 0.08263888888888889 0.04921875
177 0.48541666666666666 0.4712890625 0.4861111111111111 0.057421875
6 0.7965277777777777 0.4712890625 0.0875 0.041015625
8 0.5 0.4712890625 0.6805555555555556 0.057421875
114 0.5 0.5423828125 0.6805555555555556 0.057421875
7 0.5 0.5943359375 0.35138888888888886 0.046484375
4 0.3142361111111111 0.6724609375 0.3090277777777778 0.000390625
7 0.5003472222222223 0.6724609375 0.06319444444444444 0.022265625
4 0.6861111111111111 0.6724609375 0.30833333333333335 0.000390625
16 0.5 0.6505859375 0.6805555555555556 0.066015625
6 0.24895833333333334 0.744921875 0.06597222222222222 0.04921875
7 0.35625 0.744921875 0.1486111111111111 0.02578125
16 0.3236111111111111 0.7451171875 0.3277777777777778 0.057421875
6 0.6222222222222222 0.7451171875 0.09027777777777778 0.048046875
7 0.7215277777777778 0.744921875 0.10833333333333334 0.02578125
16 0.6763888888888889 0.7451171875 0.3277777777777778 0.057421875
16 0.5 0.7451171875 0.6805555555555556 0.057421875
7 0.4996527777777778 0.7970703125 0.48680555555555555 0.046484375
16 0.5 0.4833984375 0.6805555555555556 0.673828125
6 0.9340277777777778 0.0685546875 0.13194444444444445 0.071484375
16 0.5 0.0685546875 1.0 0.071484375
