120 0.0 0.0328125 0.0 0.0
7 0.3875 0.0708984375 0.48333333333333334 0.036328125
52 0.06805555555555555 0.07109375 0.1361111111111111 0.0765625
165 0.8444444444444444 0.07109375 0.11666666666666667 0.065625
173 0.9513888888888888 0.07109375 0.09722222222222222 0.065625
80 0.5 0.07109375 1.0 0.0765625
43 0.25 0.1421875 0.19583333333333333 0.0296875
127 0.25 0.1421875 0.5 0.065625
43 0.75 0.1421875 0.08333333333333333 0.0296875
127 0.75 0.1421875 0.5 0.065625
128 0.5 0.1421875 1.0 0.065625
606 0.5 0.18203125 0.975 0.0
88 0.5 0.5205078125 1.0 0.691015625
8 1.0 0.5205078125 0.0 0.691015625
484 0.5 0.9001953125 1.0 0.068359375
126 0.5 0.48359375 1.0 0.9015625
43 0.0 0.153515625 0.0 0.065625
82 0.0 0.219140625 0.0 0.065625
82 0.0 0.284765625 0.0 0.065625
82 0.0 0.350390625 0.0 0.065625
43 0.0 0.428515625 0.0 0.065625
82 0.0 0.494140625 0.0 0.065625
82 0.0 0.559765625 0.0 0.065625
113 0.0 0.521875 0.0 0.825
5 0.5 0.5 1.0 1.0
4 0.5 0.9671875 1.0 0.065625
4 0.5 0.01640625 1.0 0.0328125
