43 0.0 0.0328125 0.0 0.0
22 0.9319444444444445 0.07109375 0.1361111111111111 0.065625
44 0.06805555555555555 0.07109375 0.1361111111111111 0.0765625
80 0.5 0.07109375 1.0 0.0765625
451 0.03888888888888889 0.0923828125 0.0 0.033984375
43 0.3375 0.1162109375 0.5194444444444445 0.013671875
8 0.5 0.1271484375 0.8444444444444444 0.035546875
43 0.5 0.1703125 0.9222222222222223 0.04765625
451 0.03888888888888889 0.195703125 0.0 0.0
43 0.1986111111111111 0.232421875 0.24166666666666667 0.0296875
8 0.44166666666666665 0.232421875 0.7277777777777777 0.0734375
145 0.8833333333333333 0.232421875 0.07777777777777778 0.04375
16 0.5 0.232421875 0.9222222222222223 0.0734375
451 0.03888888888888889 0.270703125 0.0 0.0
43 0.15694444444444444 0.307421875 0.15833333333333333 0.0296875
8 0.44166666666666665 0.307421875 0.7277777777777777 0.0734375
145 0.8833333333333333 0.307421875 0.07777777777777778 0.04375
16 0.5 0.307421875 0.9222222222222223 0.0734375
451 0.03888888888888889 0.345703125 0.0 0.0
43 0.15208333333333332 0.382421875 0.1486111111111111 0.0296875
8 0.44166666666666665 0.382421875 0.7277777777777777 0.0734375
145 0.8833333333333333 0.382421875 0.07777777777777778 0.04375
16 0.5 0.382421875 0.9222222222222223 0.0734375
451 0.03888888888888889 0.420703125 0.0 0.0
43 0.11736111111111111 0.457421875 0.07916666666666666 0.0296875
8 0.44166666666666665 0.457421875 0.7277777777777777 0.0734375
145 0.8833333333333333 0.457421875 0.07777777777777778 0.04375
16 0.5 0.457421875 0.9222222222222223 0.0734375
451 0.03888888888888889 0.495703125 0.0 0.0
43 0.17743055555555556 0.532421875 0.19930555555555557 0.0296875
8 0.44166666666666665 0.532421875 0.7277777777777777 0.0734375
145 0.8833333333333333 0.532421875 0.07777777777777778 0.04375
16 0.5 0.532421875 0.9222222222222223 0.0734375
451 0.03888888888888889 0.570703125 0.0 0.0
43 0.1482638888888889 0.607421875 0.14097222222222222 0.0296875
8 0.44166666666666665 0.607421875 0.7277777777777777 0.0734375
145 0.8833333333333333 0.607421875 0.07777777777777778 0.04375
16 0.5 0.607421875 0.9222222222222223 0.0734375
451 0.03888888888888889 0.645703125 0.0 0.0
43 0.20972222222222223 0.682421875 0.2638888888888889 0.0296875
8 0.44166666666666665 0.682421875 0.7277777777777777 0.0734375
145 0.8833333333333333 0.682421875 0.07777777777777778 0.04375
16 0.5 0.682421875 0.9222222222222223 0.0734375
43 0.5 0.74453125 0.9222222222222223 0.04765625
451 0.03888888888888889 0.769921875 0.0 0.0
43 0.1986111111111111 0.806640625 0.24166666666666667 0.0296875
43 0.32916666666666666 0.834375 0.5027777777777778 0.02578125
8 0.5 0.81953125 0.8444444444444444 0.09921875
451 0.03888888888888889 0.870703125 0.0 0.0
43 0.15694444444444444 0.907421875 0.15833333333333333 0.0296875
43 0.32916666666666666 0.9283203125 0.5027777777777778 0.012109375
8 0.5 0.9025390625 0.8444444444444444 0.063671875
34 0.5 0.48359375 1.0 0.9015625
16 0.5 0.934375 1.0 0.0
5 0.5 0.5 1.0 1.0
4 0.5 0.01640625 1.0 0.0328125
