1392 0.0 0.0 0.0 0.0
5 0.5 0.4671875 1.0 0.934375
38 0.06354166666666666 0.0326171875 0.05347222222222222 0.030078125
38 0.9145833333333333 0.0328125 0.0 0.0
16 0.9149305555555556 0.0328125 0.1701388888888889 0.065625
38 0.8284722222222223 0.0328125 0.002777777777777778 0.02421875
38 0.7420138888888889 0.0328125 0.12152777777777778 0.03828125
38 0.6204861111111111 0.0328125 0.12152777777777778 0.0
1393 0.5 0.0328125 1.0 0.065625
1394 0.5 0.752734375 1.0 0.03984375
1395 0.21006944444444445 0.8630859375 0.13402777777777777 0.019140625
1396 0.21006944444444445 0.825390625 0.13402777777777777 0.09453125
1395 0.35659722222222223 0.8630859375 0.13402777777777777 0.019140625
1396 0.35659722222222223 0.825390625 0.13402777777777777 0.09453125
1395 0.503125 0.8630859375 0.13402777777777777 0.019140625
1396 0.503125 0.825390625 0.13402777777777777 0.09453125
1395 0.6496527777777777 0.8630859375 0.13402777777777777 0.019140625
510 0.6496527777777777 0.8158203125 0.13402777777777777 0.075390625
1395 0.14305555555555555 0.778125 0.0 0.0
1395 0.7677083333333333 0.8615234375 0.13402777777777777 0.016796875
1395 0.7864583333333334 0.801171875 0.10902777777777778 0.0296875
213 0.4996527777777778 0.8322265625 0.6701388888888888 0.075390625
106 0.5 0.825390625 1.0 0.10859375
43 0.4996527777777778 0.0400390625 0.2590277777777778 0.025390625
38 0.49930555555555556 0.0857421875 0.24305555555555555 0.066015625
16 0.4996527777777778 0.073046875 0.3715277777777778 0.09140625
38 0.5 0.70859375 0.11666666666666667 0.0546875
44 0.9368055555555556 0.101171875 0.07777777777777778 0.04375
44 0.09652777777777778 0.125390625 0.08055555555555556 0.0453125
44 0.9048611111111111 0.124609375 0.07777777777777778 0.04375
1397 0.14583333333333334 0.08203125 0.2916666666666667 0.1640625
1398 0.07534722222222222 0.0423828125 0.15069444444444444 0.084765625
1395 0.128125 0.75 0.18263888888888888 0.034375
38 0.0 0.7328125 0.0 0.0
1395 0.4996527777777778 0.75 0.18263888888888888 0.034375
1395 0.871875 0.75 0.18263888888888888 0.034375
1396 0.06527777777777778 0.825390625 0.13055555555555556 0.09453125
510 0.10972222222222222 0.7884765625 0.041666666666666664 0.020703125
1395 0.06527777777777778 0.8630859375 0.13055555555555556 0.019140625
1395 0.28958333333333336 0.778125 0.0 0.0
1395 0.4361111111111111 0.778125 0.0 0.0
1399 0.5826388888888889 0.778125 0.0 0.0
510 0.6958333333333333 0.7884765625 0.041666666666666664 0.020703125
1396 0.7180555555555556 0.825390625 0.2708333333333333 0.09453125
1396 0.9329861111111111 0.825390625 0.13402777777777777 0.09453125
1395 0.8659722222222223 0.778125 0.0 0.0
510 0.9791666666666666 0.7884765625 0.041666666666666664 0.020703125
1395 0.9329861111111111 0.8630859375 0.13402777777777777 0.019140625
38 0.0 0.8796875 0.0 0.0
127 0.16666666666666666 0.90703125 0.3333333333333333 0.0546875
38 0.3333333333333333 0.8796875 0.0 0.0
127 0.5 0.90703125 0.3333333333333333 0.0546875
38 0.6666666666666666 0.8796875 0.0 0.0
127 0.8333333333333334 0.90703125 0.3333333333333333 0.0546875
1400 0.5 0.90703125 1.0 0.0546875
38 0.5 0.68203125 1.0 0.0015625
1401 0.5 0.8078125 0.8347222222222223 0.21171875
8 0.5 0.8078125 1.0 0.253125
38 0.4996527777777778 0.308203125 0.16319444444444445 0.13125
43 0.5 0.4431640625 0.7569444444444444 0.069921875
43 0.4996527777777778 0.526953125 0.2673611111111111 0.05625
16 0.5 0.4671875 1.0 0.44921875
38 0.08715277777777777 0.2365234375 0.024305555555555556 0.024609375
1402 0.0875 0.39921875 0.09722222222222222 0.30078125
38 0.08715277777777777 0.5619140625 0.024305555555555556 0.024609375
16 0.0875 0.39921875 0.175 0.6671875
