17 0.0 0.0328125 0.0 0.0
43 0.27708333333333335 0.0708984375 0.20416666666666666 0.036328125
44 0.06805555555555555 0.07109375 0.1361111111111111 0.0765625
45 1.0 0.07109375 0.0 0.0765625
80 0.5 0.07109375 1.0 0.0765625
1403 0.4996527777777778 0.4833984375 0.14097222222222222 0.079296875
1404 0.5 0.521875 1.0 0.825
43 0.5 0.1400390625 0.9694444444444444 0.040234375
43 0.1798611111111111 0.2775390625 0.3194444444444444 0.033203125
1403 0.4996527777777778 0.2611328125 0.32013888888888886 0.180078125
43 0.8197916666666667 0.2775390625 0.32013888888888886 0.033203125
16 0.5 0.2611328125 0.9694444444444444 0.180078125
41 0.5 0.2388671875 1.0 0.258984375
43 0.5 0.4166015625 0.9694444444444444 0.040234375
43 0.3059027777777778 0.477734375 0.58125 0.06015625
43 0.9847222222222223 0.4677734375 0.0 0.040234375
43 0.9361111111111111 0.494140625 0.09722222222222222 0.02578125
16 0.790625 0.47734375 0.38819444444444445 0.059375
16 0.5 0.477734375 0.9694444444444444 0.06015625
43 0.3059027777777778 0.543359375 0.58125 0.06015625
43 0.9847222222222223 0.5333984375 0.0 0.040234375
43 0.9236111111111112 0.559765625 0.12222222222222222 0.02578125
16 0.790625 0.54296875 0.38819444444444445 0.059375
16 0.5 0.543359375 0.9694444444444444 0.06015625
43 0.3059027777777778 0.608984375 0.58125 0.06015625
43 0.9847222222222223 0.5990234375 0.0 0.040234375
43 0.9361111111111111 0.625390625 0.09722222222222222 0.02578125
16 0.790625 0.60859375 0.38819444444444445 0.059375
16 0.5 0.608984375 0.9694444444444444 0.06015625
43 0.3059027777777778 0.674609375 0.58125 0.06015625
43 0.9847222222222223 0.6646484375 0.0 0.040234375
43 0.9388888888888889 0.691015625 0.09166666666666666 0.02578125
16 0.790625 0.67421875 0.38819444444444445 0.059375
16 0.5 0.674609375 0.9694444444444444 0.06015625
16 0.5 0.576171875 0.9694444444444444 0.25703125
41 0.5 0.5505859375 1.0 0.342578125
43 0.5 0.7701171875 0.9694444444444444 0.040234375
1403 0.2916666666666667 0.8677734375 0.3194444444444444 0.133203125
4 0.4996527777777778 0.891015625 0.09652777777777778 0.0
1403 0.7079861111111111 0.8677734375 0.32013888888888886 0.133203125
16 0.5 0.8677734375 0.9694444444444444 0.133203125
43 0.2916666666666667 0.960546875 0.3194444444444444 0.05234375
43 0.7079861111111111 0.960546875 0.32013888888888886 0.05234375
16 0.5 0.960546875 0.9694444444444444 0.05234375
41 0.5 0.83359375 1.0 0.2015625
4 0.5 0.9671875 1.0 0.065625
4 0.5 0.01640625 1.0 0.0328125
5 0.5 0.5 1.0 1.0
