71 0.0 0.0 0.0 0.0
7 0.2465277777777778 0.0708984375 0.2013888888888889 0.033203125
52 0.06805555555555555 0.07109375 0.1361111111111111 0.0765625
22 0.7083333333333334 0.07109375 0.11666666666666667 0.065625
22 0.825 0.07109375 0.11666666666666667 0.065625
22 0.9416666666666667 0.07109375 0.11666666666666667 0.065625
45 0.825 0.07109375 0.35 0.0765625
118 0.5 0.07109375 1.0 0.0765625
44 0.0 0.109375 0.0 0.0
43 0.24965277777777778 0.1421875 0.2048611111111111 0.02578125
127 0.25 0.1421875 0.5 0.065625
38 0.5 0.109375 0.0 0.0
43 0.7496527777777777 0.1421875 0.12708333333333333 0.02578125
127 0.75 0.1421875 0.5 0.065625
128 0.5 0.1421875 1.0 0.065625
103 0.0 0.5546875 0.0 0.759375
71 0.0 0.175 0.0 0.0
43 0.4996527777777778 0.5546875 0.26319444444444445 0.0296875
194 0.5 0.175 0.09722222222222222 0.0
111 0.5 0.521875 1.0 0.825
5 0.5 0.5 1.0 1.0
16 0.0 0.106640625 0.0 0.21328125
16 0.0 0.2474609375 0.0 0.068359375
16 0.0 0.3158203125 0.0 0.068359375
16 0.0 0.3841796875 0.0 0.068359375
16 0.0 0.4525390625 0.0 0.068359375
16 0.0 0.5208984375 0.0 0.068359375
43 0.0 0.5875 0.0 0.06171875
43 0.0 0.64921875 0.0 0.06171875
8 0.0 0.4671875 0.0 0.934375
4 0.5 0.9671875 1.0 0.065625
16 0.1 0.78515625 0.0 0.0
7 0.21458333333333332 0.5775390625 0.22916666666666666 0.051171875
7 0.5 0.655859375 0.8 0.10546875
71 0.1 0.551953125 0.0 0.0
71 0.21666666666666667 0.75234375 0.23333333333333334 0.065625
16 0.5 0.6685546875 0.8 0.233203125
