0 0.0 0.0 0.0 0.0
114 0.05625 0.0390625 0.0875 0.04921875
114 0.94375 0.0390625 0.0875 0.04921875
7 0.42083333333333334 0.0390625 0.5930555555555556 0.05625
59 0.7902777777777777 0.0390625 0.14583333333333334 0.05625
16 0.5 0.0390625 0.7513888888888889 0.05625
8 0.5 0.0390625 1.0 0.078125
7 0.5 0.0951171875 1.0 0.033984375
8 0.5 0.9001953125 1.0 0.068359375
1406 0.0 0.866015625 0.0 0.0
6 0.4996527777777778 0.491015625 0.6756944444444445 0.75
8 0.5 0.4890625 1.0 0.75390625
16 0.11215277777777778 0.1470703125 0.17569444444444443 0.042578125
7 0.15729166666666666 0.1470703125 0.08541666666666667 0.042578125
59 0.9368055555555556 0.14765625 0.07777777777777778 0.04375
8 0.49375 0.168359375 0.9875 0.10390625
16 0.5 0.7669921875 1.0 0.198046875
6 0.09166666666666666 0.484765625 0.15833333333333333 0.0890625
114 0.915625 0.4888671875 0.14375 0.037109375
8 0.49375 0.484765625 0.9875 0.10390625
6 0.09166666666666666 0.168359375 0.15833333333333333 0.0890625
7 0.33229166666666665 0.15546875 0.28402777777777777 0.02578125
7 0.5756944444444444 0.18125 0.7708333333333334 0.02578125
16 0.5888888888888889 0.168359375 0.7972222222222223 0.0984375
6 0.09166666666666666 0.273828125 0.15833333333333333 0.0890625
7 0.30277777777777776 0.249609375 0.225 0.02578125
16 0.5888888888888889 0.273828125 0.7972222222222223 0.0984375
8 0.49375 0.273828125 0.9875 0.10390625
6 0.09166666666666666 0.379296875 0.15833333333333333 0.0890625
7 0.3128472222222222 0.36640625 0.24513888888888888 0.02578125
16 0.5888888888888889 0.379296875 0.7972222222222223 0.0984375
8 0.49375 0.379296875 0.9875 0.10390625
7 0.3177083333333333 0.471875 0.2548611111111111 0.02578125
7 0.5395833333333333 0.49765625 0.6986111111111111 0.02578125
16 0.5888888888888889 0.484765625 0.7972222222222223 0.0984375
6 0.09166666666666666 0.590234375 0.15833333333333333 0.0890625
7 0.2951388888888889 0.57734375 0.20972222222222223 0.02578125
7 0.5520833333333334 0.603125 0.7236111111111111 0.02578125
16 0.5888888888888889 0.590234375 0.7972222222222223 0.0984375
8 0.49375 0.590234375 0.9875 0.10390625
16 0.5 0.380078125 1.0 0.5359375
5 0.5 0.4671875 1.0 0.934375
