0 0.0 0.0 0.0 0.0
1407 0.5 0.1603515625 0.9027777777777778 0.036328125
1408 0.0 0.121875 0.0 0.0
1409 0.5 0.1603515625 1.0 0.076953125
1407 0.5 0.2373046875 0.9027777777777778 0.036328125
1408 0.0 0.198828125 0.0 0.0
1409 0.5 0.2373046875 1.0 0.076953125
1410 0.5 0.3421875 0.9027777777777778 0.078125
1411 0.36701388888888886 0.891796875 0.3993055555555556 0.03046875
1408 0.7055555555555556 0.891796875 0.25277777777777777 0.03046875
1412 0.4996527777777778 0.891796875 0.6645833333333333 0.03046875
1413 0.5 0.514453125 1.0 0.83984375
1414 0.5 0.01640625 1.0 0.0328125
1415 0.05347222222222222 0.0619140625 0.10694444444444444 0.058203125
1415 0.9225694444444444 0.0619140625 0.15486111111111112 0.058203125
1416 0.5 0.063671875 1.0 0.06171875
1417 0.5 0.4671875 1.0 0.934375
1418 0.5 0.934375 1.0 0.0
