1419 0.0 0.0328125 0.0 0.0
38 0.059027777777777776 0.07109375 0.09861111111111111 0.04375
38 0.4996527777777778 0.0708984375 0.41597222222222224 0.030859375
38 0.9409722222222222 0.07109375 0.09861111111111111 0.04375
8 0.5 0.07109375 1.0 0.0765625
43 0.16979166666666667 0.1484375 0.32013888888888886 0.07109375
43 0.4996527777777778 0.1484375 0.32013888888888886 0.07109375
43 0.8295138888888889 0.1484375 0.32013888888888886 0.07109375
16 0.5 0.1484375 1.0 0.0765625
4 0.5 0.18984375 1.0 0.00078125
38 0.25 0.2998046875 0.4375 0.205078125
43 0.25 0.43828125 0.43194444444444446 0.06640625
8 0.25 0.334375 0.5 0.28828125
38 0.75 0.2998046875 0.4375 0.205078125
43 0.75 0.43828125 0.43194444444444446 0.06640625
8 0.75 0.334375 0.5 0.28828125
38 0.25 0.5880859375 0.4375 0.205078125
43 0.24965277777777778 0.69921875 0.36875 0.06640625
8 0.25 0.62265625 0.5 0.28828125
38 0.75 0.5880859375 0.4375 0.205078125
43 0.7496527777777777 0.69921875 0.36875 0.06640625
8 0.75 0.62265625 0.5 0.28828125
112 0.5 0.9001953125 1.0 0.068359375
43 0.25 0.923828125 0.43194444444444446 0.115625
38 0.25 0.819921875 0.4375 0.0921875
38 0.75 0.819921875 0.4375 0.0921875
43 0.75 0.923828125 0.43194444444444446 0.115625
106 0.5 0.528125 1.0 0.67578125
1420 0.24965277777777778 0.2916015625 0.12152777777777778 0.068359375
43 0.24930555555555556 0.338671875 0.0 0.02578125
16 0.24965277777777778 0.299609375 0.12152777777777778 0.10390625
1420 0.7496527777777777 0.2916015625 0.12152777777777778 0.068359375
43 0.7493055555555556 0.338671875 0.0 0.02578125
16 0.7496527777777777 0.299609375 0.12152777777777778 0.10390625
1420 0.24965277777777778 0.5798828125 0.12152777777777778 0.068359375
43 0.24930555555555556 0.626953125 0.0 0.02578125
16 0.24965277777777778 0.587890625 0.12152777777777778 0.10390625
43 0.25 0.7265625 0.43194444444444446 0.06640625
1420 0.7496527777777777 0.5798828125 0.12152777777777778 0.068359375
43 0.7493055555555556 0.626953125 0.0 0.02578125
16 0.7496527777777777 0.587890625 0.12152777777777778 0.10390625
43 0.75 0.7265625 0.43194444444444446 0.06640625
1420 0.24965277777777778 0.85 0.12152777777777778 0.03203125
8 0.25 0.81640625 0.5 0.09921875
1420 0.7496527777777777 0.85 0.12152777777777778 0.03203125
8 0.75 0.81640625 0.5 0.09921875
106 0.0 0.190234375 0.0 0.0
34 0.5 0.48359375 1.0 0.9015625
4 0.5 0.9671875 1.0 0.065625
4 0.5 0.01640625 1.0 0.0328125
5 0.5 0.5 1.0 1.0
