36 0.0 0.0328125 0.0 0.0
38 0.5 0.232421875 1.0 0.24609375
1421 0.17743055555555556 0.2091796875 0.25763888888888886 0.144921875
43 0.04861111111111111 0.13671875 0.0 0.0
43 0.653125 0.161328125 0.5965277777777778 0.0296875
38 0.3836805555555556 0.1912109375 0.05347222222222222 0.030078125
43 0.596875 0.191015625 0.3576388888888889 0.02578125
71 0.6506944444444445 0.2390625 0.6013888888888889 0.065625
43 0.28055555555555556 0.33359375 0.5125 0.0296875
16 0.5 0.33359375 1.0 0.04375
38 0.0 0.109375 0.0 0.0
43 0.0 0.35625 0.0 0.053125
71 0.5 0.401953125 0.9513888888888888 0.065625
12 0.5 0.440234375 0.975 0.0109375
43 0.5 0.4794921875 0.9513888888888888 0.048046875
16 0.5 0.3099609375 1.0 0.401171875
197 0.5 0.521875 1.0 0.825
38 0.0 0.232421875 0.0 0.24609375
16 0.0 0.3318359375 0.0 0.444921875
8 0.0 0.521875 0.0 0.825
38 1.0 0.232421875 0.0 0.24609375
71 1.0 0.369140625 0.0 0.0
38 1.0 0.109375 0.0 0.0
16 1.0 0.401953125 0.0 0.065625
16 1.0 0.320703125 0.0 0.42265625
146 1.0 0.4876953125 0.0 0.756640625
1422 0.5 0.1115234375 1.0 0.004296875
687 0.5 0.9001953125 0.7777777777777778 0.068359375
1423 0.5 0.9001953125 1.0 0.068359375
43 0.0 0.1921875 0.0 0.053125
43 0.0 0.246875 0.0 0.053125
43 0.0 0.3015625 0.0 0.053125
43 0.0 0.4109375 0.0 0.053125
16 0.0 0.2734375 0.0 0.328125
16 0.0 0.4556640625 0.0 0.036328125
43 0.0 0.501953125 0.0 0.053125
43 0.0 0.556640625 0.0 0.053125
43 0.0 0.611328125 0.0 0.053125
43 0.0 0.666015625 0.0 0.053125
43 0.0 0.720703125 0.0 0.053125
43 0.0 0.775390625 0.0 0.053125
16 0.0 0.637890625 0.0 0.328125
44 0.0 0.90078125 0.0 0.06171875
43 0.24131944444444445 0.0708984375 0.1326388888888889 0.036328125
44 0.06805555555555555 0.07109375 0.1361111111111111 0.0765625
22 0.9416666666666667 0.07109375 0.11666666666666667 0.065625
46 0.5 0.07109375 1.0 0.0765625
42 0.5 0.48359375 1.0 0.9015625
4 0.5 0.9671875 1.0 0.065625
4 0.5 0.01640625 1.0 0.0328125
5 0.5 0.5 1.0 1.0
