117 0.5 0.9001953125 1.0 0.068359375
1424 0.5 0.4494140625 1.0 0.833203125
19 0.5 0.48359375 0.11666666666666667 0.065625
1304 0.8951388888888889 0.804296875 0.16111111111111112 0.09609375
1424 1.0 0.4494140625 0.0 0.833203125
120 0.0 0.0 0.0 0.0
7 0.34930555555555554 0.0708984375 0.40694444444444444 0.036328125
52 0.06805555555555555 0.07109375 0.1361111111111111 0.0765625
165 0.8347222222222223 0.07109375 0.1361111111111111 0.065625
173 0.9513888888888888 0.07109375 0.09722222222222222 0.065625
80 0.5 0.07109375 1.0 0.0765625
446 0.5 0.4671875 1.0 0.934375
8 0.0 0.065625 0.0 0.13125
8 0.0 0.1640625 0.0 0.065625
8 0.0 0.2296875 0.0 0.065625
8 0.0 0.2953125 0.0 0.065625
8 0.0 0.3609375 0.0 0.065625
8 0.0 0.40546875 0.0 0.0234375
8 0.0 0.45 0.0 0.065625
8 0.0 0.515625 0.0 0.065625
8 0.0 0.58125 0.0 0.065625
8 0.0 0.646875 0.0 0.065625
8 0.0 0.4671875 0.0 0.934375
4 0.5 0.9671875 1.0 0.065625
