1425 0.0 0.01640625 0.0 0.0328125
5 0.5 0.5 1.0 1.0
43 0.24722222222222223 0.07109375 0.2222222222222222 0.02578125
116 0.38993055555555556 0.07109375 0.5076388888888889 0.0328125
322 0.7666666666666667 0.03828125 0.0 0.0
38 0.825 0.07109375 0.11666666666666667 0.065625
22 0.9416666666666667 0.07109375 0.11666666666666667 0.065625
52 0.06805555555555555 0.07109375 0.1361111111111111 0.0765625
80 0.5 0.07109375 1.0 0.0765625
19 0.5 0.1421875 0.11666666666666667 0.065625
38 0.5 0.3216796875 0.9805555555555555 0.413671875
38 0.9902777777777778 0.528515625 0.0 0.0
43 0.4756944444444444 0.543359375 0.8833333333333333 0.0296875
38 0.5 0.7552734375 0.9805555555555555 0.358203125
38 0.9902777777777778 0.962109375 0.0 0.05546875
43 0.5045138888888889 0.962109375 0.9409722222222222 0.05546875
106 0.5 0.521875 1.0 0.825
8 0.0 0.1025390625 0.0 0.205078125
82 0.0 0.248828125 0.0 0.065625
82 0.0 0.314453125 0.0 0.065625
82 0.0 0.380078125 0.0 0.065625
82 0.0 0.445703125 0.0 0.065625
82 0.0 0.511328125 0.0 0.065625
82 0.0 0.576953125 0.0 0.065625
82 0.0 0.642578125 0.0 0.065625
113 0.0 0.4671875 0.0 0.934375
4 0.5 0.9671875 1.0 0.065625
