17 0.0 0.0 0.0 0.0
229 0.5 0.0328125 0.09722222222222222 0.0
111 0.5 0.48359375 1.0 0.9015625
38 0.07777777777777778 0.07109375 0.07777777777777778 0.04375
1426 0.221875 0.07109375 0.18125 0.0765625
38 0.9392361111111112 0.07109375 0.04375 0.04921875
1426 0.8784722222222222 0.0328125 0.0 0.0
1427 0.5 0.07109375 1.0 0.0765625
1428 0.5 0.3140625 0.8055555555555556 0.409375
1426 0.4996527777777778 0.279296875 0.15208333333333332 0.02578125
1426 0.4996527777777778 0.3140625 0.1798611111111111 0.04375
1426 0.5 0.348828125 0.15694444444444444 0.02578125
7 0.5 0.22109375 0.8055555555555556 0.06328125
6 0.49930555555555556 0.2595703125 0.04861111111111111 0.013671875
1429 1.0 0.5734375 0.0 0.109375
1426 0.40347222222222223 0.57265625 0.11527777777777778 0.02421875
158 0.5 0.5517578125 0.07777777777777778 0.066015625
1426 0.5965277777777778 0.57265625 0.11527777777777778 0.02421875
16 0.5 0.5517578125 0.30833333333333335 0.066015625
1426 0.4996527777777778 0.6064453125 0.31875 0.021484375
1430 0.5 0.5833984375 1.0 0.129296875
38 0.5177083333333333 0.6380859375 0.025694444444444443 0.014453125
1426 0.4996527777777778 0.0763671875 0.2423611111111111 0.043359375
1426 0.5 0.8716796875 0.28888888888888886 0.125390625
1431 0.5 0.7703125 0.3888888888888889 0.0546875
4 0.3055555555555556 0.74296875 0.0 0.0
1426 0.5 0.7703125 0.11805555555555555 0.025
1432 0.5 0.139453125 1.0 0.21328125
6 0.08541666666666667 0.2240234375 0.14583333333333334 0.030078125
38 0.5 0.855078125 1.0 0.00546875
16 0.5 0.89609375 1.0 0.0765625
38 0.14166666666666666 0.8783203125 0.058333333333333334 0.041015625
1426 0.14166666666666666 0.9173828125 0.09166666666666666 0.033984375
16 0.14548611111111112 0.89609375 0.29097222222222224 0.0765625
38 0.38055555555555554 0.88515625 0.058333333333333334 0.0546875
158 0.38055555555555554 0.9125 0.0 0.0
16 0.38055555555555554 0.89609375 0.17916666666666667 0.0765625
38 0.5597222222222222 0.88515625 0.058333333333333334 0.0546875
158 0.5597222222222222 0.9125 0.0 0.0
16 0.5597222222222222 0.89609375 0.17916666666666667 0.0765625
38 0.7388888888888889 0.88515625 0.058333333333333334 0.0546875
158 0.7388888888888889 0.9125 0.0 0.0
16 0.7388888888888889 0.89609375 0.17916666666666667 0.0765625
38 0.9180555555555555 0.88515625 0.058333333333333334 0.0546875
158 0.9180555555555555 0.9125 0.0 0.0
16 0.9142361111111111 0.89609375 0.17152777777777778 0.0765625
5 0.5 0.5 1.0 1.0
4 0.5 0.9671875 1.0 0.065625
