17 0.0 0.0328125 0.0 0.0
6 0.13680555555555557 0.07109375 0.001388888888888889 0.00078125
52 0.06805555555555555 0.07109375 0.1361111111111111 0.0765625
22 0.825 0.07109375 0.11666666666666667 0.065625
22 0.9416666666666667 0.07109375 0.11666666666666667 0.065625
7 0.275 0.0708984375 0.25555555555555554 0.036328125
80 0.5 0.07109375 1.0 0.0765625
1433 0.5 0.1349609375 1.0 0.051171875
1434 1.0 0.2994140625 0.0 0.159765625
38 1.0 0.381640625 0.0 0.0046875
4 1.0 0.466796875 0.0 0.0015625
4 1.0 0.550390625 0.0 0.0015625
4 1.0 0.633984375 0.0 0.0015625
4 1.0 0.717578125 0.0 0.0015625
16 1.0 0.811328125 0.0 0.021875
16 1.0 0.86484375 0.0 0.08515625
16 1.0 0.533984375 0.0 0.746875
43 0.13472222222222222 0.210546875 0.22083333333333333 0.01796875
43 0.05520833333333333 0.2650390625 0.06180555555555556 0.091015625
43 0.13333333333333333 0.27890625 0.09444444444444444 0.04375
1434 0.10243055555555555 0.2994140625 0.15625 0.159765625
16 0.5 0.269921875 1.0 0.21875
38 0.5 0.381640625 1.0 0.0046875
43 0.07083333333333333 0.4216796875 0.09305555555555556 0.075390625
43 0.5465277777777777 0.4216796875 0.8583333333333333 0.075390625
4 0.5 0.46015625 1.0 0.0015625
43 0.175 0.4986328125 0.3013888888888889 0.075390625
43 0.6506944444444445 0.4986328125 0.65 0.075390625
4 0.5 0.537109375 1.0 0.0015625
43 0.11493055555555555 0.5755859375 0.18125 0.075390625
43 0.94375 0.5755859375 0.06388888888888888 0.075390625
43 0.5524305555555555 0.5755859375 0.69375 0.075390625
4 0.5 0.6140625 1.0 0.0015625
43 0.11770833333333333 0.6525390625 0.18680555555555556 0.075390625
43 0.9604166666666667 0.6525390625 0.030555555555555555 0.075390625
43 0.571875 0.6525390625 0.7215277777777778 0.075390625
4 0.5 0.691015625 1.0 0.0015625
43 0.19236111111111112 0.7294921875 0.33611111111111114 0.075390625
43 0.940625 0.7294921875 0.07013888888888889 0.075390625
43 0.6267361111111112 0.7294921875 0.5326388888888889 0.075390625
4 0.5 0.76796875 1.0 0.0015625
71 0.3892361111111111 0.826171875 0.7465277777777778 0.065625
71 0.8847222222222222 0.826171875 0.21388888888888888 0.065625
16 0.5 0.8244140625 1.0 0.111328125
1435 0.0 0.880078125 0.0 0.0
16 0.5 0.880078125 1.0 0.0
88 0.5 0.5474609375 1.0 0.773828125
34 0.5 0.48359375 1.0 0.9015625
43 0.0 0.109375 0.0 0.0
8 0.0 0.1546875 0.0 0.24375
43 0.0 0.3111328125 0.0 0.069140625
43 0.0 0.38125 0.0 0.07109375
43 0.0 0.45234375 0.0 0.07109375
43 0.0 0.5234375 0.0 0.07109375
43 0.0 0.59453125 0.0 0.07109375
43 0.0 0.665625 0.0 0.07109375
43 0.0 0.73671875 0.0 0.07109375
43 0.0 0.8078125 0.0 0.07109375
43 0.0 0.9244140625 0.0 0.019921875
16 0.0 0.60546875 0.0 0.6578125
16 0.0 0.48359375 0.0 0.9015625
5 0.5 0.5 1.0 1.0
4 0.5 0.9671875 1.0 0.065625
4 0.5 0.01640625 1.0 0.0328125
