1436 0.0 0.0328125 0.0 0.0
44 0.06805555555555555 0.0328125 0.1361111111111111 0.0
1437 0.5 0.02734375 1.0 0.0109375
1438 0.5 0.44765625 0.3597222222222222 0.228125
43 0.5 0.6291015625 0.07777777777777778 0.052734375
43 0.5 0.6923828125 1.0 0.035546875
16 0.5 0.521875 1.0 0.3765625
1439 0.5 0.48359375 1.0 0.9015625
38 0.14583333333333334 0.07265625 0.2916666666666667 0.0796875
43 0.6458333333333334 0.053515625 0.6833333333333333 0.04140625
43 0.38055555555555554 0.09609375 0.1527777777777778 0.0296875
38 0.9631944444444445 0.09609375 0.04861111111111111 0.02734375
43 0.6979166666666666 0.0958984375 0.48194444444444445 0.025390625
8 0.6458333333333334 0.09609375 0.6833333333333333 0.0296875
1440 0.5 0.076171875 1.0 0.08671875
1441 0.5 0.286328125 1.0 0.33359375
38 0.15069444444444444 0.5953125 0.3013888888888889 0.2625
1442 0.0 0.453125 0.0 0.0
43 0.6215277777777778 0.5046875 0.5819444444444445 0.059375
43 0.6506944444444445 0.5498046875 0.6402777777777777 0.025390625
43 0.4895833333333333 0.58984375 0.31805555555555554 0.0546875
1443 0.33055555555555555 0.5625 0.0 0.0
43 0.40243055555555557 0.6298828125 0.14375 0.025390625
1444 0.31875 0.653515625 0.02361111111111111 0.0
1444 0.38333333333333336 0.6845703125 0.10555555555555556 0.062109375
43 0.34618055555555555 0.7044921875 0.029861111111111113 0.022265625
1444 0.5034722222222222 0.6845703125 0.12916666666666668 0.062109375
1445 0.6118055555555556 0.6845703125 0.5625 0.062109375
1442 0.9222222222222223 0.67734375 0.058333333333333334 0.0328125
16 0.6506944444444445 0.5953125 0.6986111111111111 0.2625
1446 0.5 0.5953125 1.0 0.284375
38 0.15069444444444444 0.84140625 0.3013888888888889 0.1859375
1442 0.0 0.7375 0.0 0.0
43 0.6215277777777778 0.7890625 0.5819444444444445 0.059375
43 0.6506944444444445 0.8341796875 0.6402777777777777 0.025390625
43 0.4895833333333333 0.87421875 0.31805555555555554 0.0546875
1443 0.33055555555555555 0.846875 0.0 0.0
1444 0.38333333333333336 0.9361328125 0.10555555555555556 0.003515625
1444 0.31875 0.9361328125 0.02361111111111111 0.003515625
1438 0.39131944444444444 0.9408203125 0.04097222222222222 0.012890625
1444 0.5034722222222222 0.9361328125 0.12916666666666668 0.003515625
1445 0.6118055555555556 0.9361328125 0.5625 0.003515625
1442 0.9222222222222223 0.93984375 0.058333333333333334 0.0109375
16 0.6506944444444445 0.84140625 0.6986111111111111 0.1859375
1446 0.5 0.8359375 1.0 0.196875
38 0.9222222222222223 0.021875 0.058333333333333334 0.021875
1447 0.5583333333333333 0.02734375 0.8055555555555556 0.0109375
1448 0.5 0.4453125 1.0 0.825
5 0.5 0.5 1.0 1.0
4 0.5 0.9671875 1.0 0.065625
