424 0.0 0.0 0.0 0.0
118 0.5 0.0 1.0 0.0
1449 0.5 0.0 0.09722222222222222 0.0
1450 0.5 0.1580078125 1.0 0.316015625
1450 0.5 0.35546875 0.9513888888888888 0.0546875
1451 0.19375 0.5421875 0.35833333333333334 0.04375
1451 0.5392361111111111 0.5421875 0.3326388888888889 0.04375
1451 0.8465277777777778 0.5421875 0.28194444444444444 0.04375
1451 0.99375 0.5421875 0.0125 0.04375
106 0.5 0.5421875 1.0 0.04375
1451 0.0 0.5203125 0.0 0.0
1449 0.5 0.5203125 0.09722222222222222 0.0
1450 0.5 0.6876953125 1.0 0.044140625
1451 0.5 0.3591796875 1.0 0.718359375
1452 0.5 0.4671875 1.0 0.934375
19 0.4875 0.4671875 0.11666666666666667 0.065625
1453 0.0 0.934375 0.0 0.0
50 0.5 0.934375 1.0 0.0
471 0.06805555555555555 0.065625 0.1361111111111111 0.065625
1454 0.5486111111111112 0.065625 0.825 0.065625
471 0.1361111111111111 0.0328125 0.0 0.0
16 0.9805555555555555 0.065625 0.03888888888888889 0.065625
1455 0.5 0.04921875 1.0 0.0984375
