0 0.0 0.0 0.0 0.0
114 0.3416666666666667 0.041015625 0.14583333333333334 0.08203125
114 0.5118055555555555 0.041015625 0.14583333333333334 0.08203125
7 0.5118055555555555 0.094921875 0.4861111111111111 0.02578125
224 0.6819444444444445 0.041015625 0.14583333333333334 0.08203125
8 0.5 0.05390625 1.0 0.1078125
114 0.26875 0.176171875 0.24305555555555555 0.13671875
7 0.26875 0.257421875 0.24305555555555555 0.02578125
7 0.12708333333333333 0.283203125 0.008333333333333333 0.02578125
7 0.12708333333333333 0.471484375 0.008333333333333333 0.02578125
7 0.12708333333333333 0.659765625 0.008333333333333333 0.02578125
7 0.12708333333333333 0.84375 0.008333333333333333 0.0171875
114 0.26875 0.364453125 0.24305555555555555 0.13671875
114 0.5118055555555555 0.364453125 0.24305555555555555 0.13671875
114 0.7548611111111111 0.364453125 0.24305555555555555 0.13671875
7 0.26875 0.445703125 0.24305555555555555 0.02578125
114 0.26875 0.552734375 0.24305555555555555 0.13671875
114 0.5118055555555555 0.552734375 0.24305555555555555 0.13671875
114 0.7548611111111111 0.552734375 0.24305555555555555 0.13671875
7 0.26875 0.633984375 0.24305555555555555 0.02578125
114 0.26875 0.741015625 0.24305555555555555 0.13671875
114 0.5118055555555555 0.741015625 0.24305555555555555 0.13671875
114 0.7548611111111111 0.741015625 0.24305555555555555 0.13671875
7 0.26875 0.822265625 0.24305555555555555 0.02578125
7 0.5118055555555555 0.822265625 0.24305555555555555 0.02578125
7 0.7548611111111111 0.822265625 0.24305555555555555 0.02578125
7 0.26875 0.925 0.24305555555555555 0.1453125
114 0.5118055555555555 0.176171875 0.24305555555555555 0.13671875
7 0.5118055555555555 0.257421875 0.24305555555555555 0.02578125
7 0.5118055555555555 0.445703125 0.24305555555555555 0.02578125
7 0.5118055555555555 0.633984375 0.24305555555555555 0.02578125
7 0.5118055555555555 0.925 0.24305555555555555 0.1453125
114 0.7548611111111111 0.176171875 0.24305555555555555 0.13671875
7 0.7548611111111111 0.257421875 0.24305555555555555 0.02578125
7 0.7548611111111111 0.445703125 0.24305555555555555 0.02578125
7 0.7548611111111111 0.633984375 0.24305555555555555 0.02578125
7 0.7548611111111111 0.925 0.24305555555555555 0.1453125
8 0.5 0.480078125 1.0 0.74453125
112 0.5 0.9001953125 1.0 0.068359375
646 0.0 0.85234375 0.0 0.0
5 0.5 0.4671875 1.0 0.934375
