36 0.0 0.0 0.0 0.0
42 0.5 0.4671875 1.0 0.934375
71 0.25 0.9015625 0.46111111111111114 0.065625
71 0.75 0.9015625 0.46111111111111114 0.065625
16 0.5 0.9015625 1.0 0.065625
43 0.5 0.1826171875 0.8444444444444444 0.022265625
144 0.5 0.25 0.8444444444444444 0.06875
4 0.5 0.29609375 0.9222222222222223 0.0015625
43 0.5 0.3814453125 0.8444444444444444 0.022265625
144 0.5 0.448828125 0.8444444444444444 0.06875
4 0.5 0.494921875 0.9222222222222223 0.0015625
145 0.3423611111111111 0.550390625 0.5291666666666667 0.04375
71 0.4996527777777778 0.626953125 0.3229166666666667 0.065625
4 0.5 0.7642578125 0.9222222222222223 0.208984375
16 0.5 0.48359375 0.9222222222222223 0.7703125
7 0.2760416666666667 0.0380859375 0.47430555555555554 0.036328125
45 1.0 0.03828125 0.0 0.0765625
46 0.5 0.03828125 1.0 0.0765625
4 0.5 0.9671875 1.0 0.065625
5 0.5 0.5 1.0 1.0
