17 0.0 0.0 0.0 0.0
38 0.5 0.20234375 1.0 0.3390625
43 0.5 0.342578125 0.9222222222222223 0.05859375
38 0.10416666666666667 0.437109375 0.15555555555555556 0.0328125
43 0.3440972222222222 0.42421875 0.32430555555555557 0.03515625
43 0.4600694444444444 0.4546875 0.55625 0.02578125
41 0.5 0.437109375 0.9611111111111111 0.10859375
38 0.10416666666666667 0.556640625 0.15555555555555556 0.0328125
38 0.9076388888888889 0.556640625 0.058333333333333334 0.0328125
43 0.2923611111111111 0.54375 0.22083333333333333 0.03515625
43 0.49027777777777776 0.57421875 0.6166666666666667 0.02578125
8 0.5118055555555555 0.556640625 0.6597222222222222 0.0859375
41 0.5 0.556640625 0.9611111111111111 0.10859375
16 0.5 0.496875 1.0 0.25
18 0.5 0.3109375 1.0 0.621875
43 0.175 0.0708984375 0.0 0.036328125
44 0.06805555555555555 0.07109375 0.1361111111111111 0.0765625
4 0.5875 0.07109375 0.825 0.0765625
45 1.0 0.07109375 0.0 0.0765625
80 0.5 0.07109375 1.0 0.0765625
106 0.5 0.621875 1.0 0.0
16 0.5 0.778125 1.0 0.3125
5 0.5 0.5 1.0 1.0
4 0.5 0.9671875 1.0 0.065625
4 0.5 0.01640625 1.0 0.0328125
