36 0.0 0.0328125 0.0 0.0
1098 0.0 0.109375 0.0 0.0
1456 0.09583333333333334 0.1421875 0.19166666666666668 0.065625
1098 0.19166666666666668 0.109375 0.0 0.0
1456 0.31493055555555555 0.1421875 0.2465277777777778 0.065625
1098 0.43819444444444444 0.109375 0.0 0.0
1456 0.5618055555555556 0.1421875 0.24722222222222223 0.065625
1098 0.6854166666666667 0.109375 0.0 0.0
1456 0.8114583333333333 0.1421875 0.2520833333333333 0.065625
164 0.5 0.1421875 1.0 0.065625
918 0.0 0.5205078125 0.0 0.691015625
88 0.5 0.5205078125 1.0 0.691015625
112 0.5 0.9001953125 1.0 0.068359375
42 0.5 0.48359375 1.0 0.9015625
7 0.25625 0.0708984375 0.22083333333333333 0.036328125
52 0.06805555555555555 0.07109375 0.1361111111111111 0.0765625
45 1.0 0.07109375 0.0 0.0765625
46 0.5 0.07109375 1.0 0.0765625
5 0.5 0.5 1.0 1.0
4 0.5 0.9671875 1.0 0.065625
4 0.5 0.01640625 1.0 0.0328125
