17 0.0 0.0 0.0 0.0
7 0.21805555555555556 0.0708984375 0.14444444444444443 0.037109375
52 0.06805555555555555 0.07109375 0.1361111111111111 0.0765625
45 1.0 0.07109375 0.0 0.0765625
118 0.5 0.07109375 1.0 0.0765625
104 0.5 0.109375 0.09722222222222222 0.0
43 0.5 0.1837890625 1.0 0.026171875
38 0.0 0.109375 0.0 0.0
43 0.5 0.246484375 1.0 0.0578125
43 0.5 0.319140625 1.0 0.0875
43 0.3951388888888889 0.3830078125 0.17777777777777778 0.026171875
43 0.6083333333333333 0.3830078125 0.17083333333333334 0.026171875
16 0.5 0.3876953125 1.0 0.049609375
43 0.5 0.4517578125 1.0 0.078515625
16 0.5 0.354296875 1.0 0.2734375
38 0.5 0.49140625 0.11666666666666667 0.065625
43 0.5 0.56171875 1.0 0.03359375
43 0.5 0.608984375 1.0 0.0609375
43 0.0 0.52421875 0.0 0.0
71 0.0 0.653125 0.0 0.0
16 0.5 0.653125 1.0 0.0
111 0.5 0.48359375 1.0 0.9015625
38 0.2916666666666667 0.0875 0.5833333333333334 0.109375
4 0.2916666666666667 0.14296875 0.5833333333333334 0.0015625
82 0.2916666666666667 0.1875 0.5833333333333334 0.065625
50 0.5444444444444444 0.1875 0.0 0.065625
82 0.2916666666666667 0.253125 0.5833333333333334 0.065625
50 0.5444444444444444 0.253125 0.0 0.065625
82 0.2916666666666667 0.31875 0.5833333333333334 0.065625
50 0.5444444444444444 0.31875 0.0 0.065625
82 0.2916666666666667 0.384375 0.5833333333333334 0.065625
50 0.5444444444444444 0.384375 0.0 0.065625
113 0.2916666666666667 0.4671875 0.5833333333333334 0.934375
5 0.5 0.5 1.0 1.0
4 0.5 0.9671875 1.0 0.065625
