177 0.4878472222222222 0.379296875 0.9465277777777777 0.05390625
177 0.4878472222222222 0.433203125 0.9465277777777777 0.05390625
59 0.4878472222222222 0.48203125 0.9465277777777777 0.04375
1457 0.014583333333333334 0.35234375 0.0 0.0
6 0.05347222222222222 0.54765625 0.07777777777777778 0.04375
7 0.253125 0.54765625 0.27291666666666664 0.02578125
1458 0.4878472222222222 0.56953125 0.9465277777777777 0.0875
16 0.4878472222222222 0.59140625 0.9465277777777777 0.04375
16 0.4878472222222222 0.4828125 0.9465277777777777 0.2609375
16 0.5 0.51640625 1.0 0.8359375
16 0.5 0.9015625 1.0 0.065625
114 0.24965277777777778 0.9015625 0.49930555555555556 0.065625
114 0.7503472222222223 0.9015625 0.49930555555555556 0.065625
57 0.0 0.0328125 0.0 0.0
54 0.07013888888888889 0.065625 0.1 0.065625
16 0.3385416666666667 0.0654296875 0.43680555555555556 0.033203125
7 0.12013888888888889 0.048828125 0.0 0.0
16 0.28854166666666664 0.065625 0.5368055555555555 0.065625
55 1.0 0.065625 0.0 0.065625
56 0.5 0.065625 1.0 0.065625
56 0.0 0.0 0.0 0.0
53 0.5 0.4671875 1.0 0.934375
