17 0.0 0.0328125 0.0 0.0
1459 0.5 0.521875 1.0 0.825
6 0.17256944444444444 0.07109375 0.2673611111111111 0.0328125
22 0.9416666666666667 0.07109375 0.11666666666666667 0.065625
80 0.5 0.07109375 1.0 0.0765625
1460 0.2746527777777778 0.4841796875 0.12430555555555556 0.069921875
1460 0.47430555555555554 0.61796875 0.15694444444444444 0.08828125
1460 0.8576388888888888 0.9001953125 0.175 0.068359375
416 0.5 0.13203125 0.8833333333333333 0.0453125
415 0.3173611111111111 0.1615234375 0.03888888888888889 0.013671875
415 0.08680555555555555 0.176953125 0.0 0.0
416 0.3177083333333333 0.306640625 0.4131944444444444 0.0296875
415 0.3173611111111111 0.35703125 0.12638888888888888 0.07109375
1461 0.3177083333333333 0.3068359375 0.4618055555555556 0.259765625
415 0.4701388888888889 0.35234375 0.0 0.0
416 0.7010416666666667 0.48203125 0.4131944444444444 0.0296875
415 0.7006944444444444 0.532421875 0.12638888888888888 0.07109375
1461 0.7010416666666667 0.4822265625 0.4618055555555556 0.259765625
415 0.06388888888888888 0.520703125 0.0 0.0
416 0.2947916666666667 0.650390625 0.4131944444444444 0.0296875
415 0.29444444444444445 0.70078125 0.12638888888888888 0.07109375
1461 0.2947916666666667 0.6505859375 0.4618055555555556 0.259765625
415 0.46944444444444444 0.69296875 0.0 0.0
416 0.7003472222222222 0.82265625 0.4131944444444444 0.0296875
415 0.7 0.873046875 0.12638888888888888 0.07109375
1461 0.7003472222222222 0.813671875 0.4618055555555556 0.24140625
415 0.08680555555555555 0.858203125 0.0 0.0
416 0.3177083333333333 0.9537109375 0.4131944444444444 0.038671875
1461 0.3177083333333333 0.8962890625 0.4618055555555556 0.076171875
4 0.5 0.9671875 1.0 0.065625
4 0.5 0.01640625 1.0 0.0328125
5 0.5 0.5 1.0 1.0
