8 0.0 0.108203125 0.0 0.0
16 0.058333333333333334 0.151953125 0.0 0.0875
7 0.25 0.1388671875 0.38333333333333336 0.033203125
7 0.08819444444444445 0.168359375 0.059722222222222225 0.02578125
8 0.4392361111111111 0.1517578125 0.7618055555555555 0.075390625
16 0.8784722222222222 0.151953125 0.11666666666666667 0.0875
16 0.5 0.151953125 0.9222222222222223 0.0875
16 0.03888888888888889 0.196484375 0.0 0.0
16 0.058333333333333334 0.240234375 0.0 0.0875
7 0.15381944444444445 0.2271484375 0.1909722222222222 0.033203125
7 0.11319444444444444 0.256640625 0.10972222222222222 0.02578125
8 0.49756944444444445 0.2400390625 0.8784722222222222 0.075390625
455 0.5 0.5212890625 1.0 0.826171875
1462 0.0 0.142578125 0.0 0.06875
1462 0.0 0.211328125 0.0 0.06875
1462 0.0 0.280078125 0.0 0.06875
1462 0.0 0.348828125 0.0 0.06875
1462 0.0 0.417578125 0.0 0.06875
1462 0.0 0.555859375 0.0 0.06875
1462 0.0 0.624609375 0.0 0.06875
1462 0.0 0.693359375 0.0 0.06875
16 0.0 0.41796875 0.0 0.61953125
146 0.0 0.4669921875 0.0 0.717578125
16 0.0 0.865625 0.0 0.03828125
8 0.0 0.8919921875 0.0 0.084765625
16 0.0 0.5212890625 0.0 0.826171875
6 0.029166666666666667 0.0703125 0.058333333333333334 0.0328125
54 0.19270833333333334 0.0705078125 0.3854166666666667 0.075390625
57 0.0 0.0328125 0.0 0.0
55 1.0 0.0705078125 0.0 0.075390625
56 0.5 0.0705078125 1.0 0.075390625
53 0.5 0.4671875 1.0 0.934375
