38 0.0 0.0 0.0 0.0
1463 0.5 0.231640625 1.0 0.39765625
201 0.10972222222222222 0.14375 0.09722222222222222 0.0546875
43 0.3190972222222222 0.14375 0.2965277777777778 0.0546875
16 0.5 0.14375 0.8777777777777778 0.0546875
43 0.5 0.241796875 0.8777777777777778 0.1
4 0.5 0.31328125 0.8777777777777778 0.0015625
43 0.06111111111111111 0.3484375 0.07361111111111111 0.06640625
1464 0.5 0.3484375 0.17222222222222222 0.034375
43 0.5861111111111111 0.3484375 0.0 0.034375
38 0.024305555555555556 0.3140625 0.0 0.0
43 0.9163194444444445 0.3484375 0.11875 0.06875
8 0.5 0.3484375 0.9513888888888888 0.06875
4 0.5 0.4326171875 0.9513888888888888 0.004296875
201 0.5 0.58515625 0.9513888888888888 0.30078125
38 0.024305555555555556 0.434765625 0.0 0.0
201 0.10972222222222222 0.78359375 0.09722222222222222 0.0546875
43 0.28923611111111114 0.78359375 0.23680555555555555 0.0546875
16 0.5 0.78359375 0.8777777777777778 0.0546875
43 0.5 0.848828125 0.8777777777777778 0.034375
8 0.5 0.80078125 0.9513888888888888 0.13046875
1465 0.5 0.6482421875 1.0 0.435546875
50 0.5 0.8931640625 0.9513888888888888 0.054296875
43 0.06111111111111111 0.89375 0.07361111111111111 0.05546875
1464 0.5 0.9017578125 0.17222222222222222 0.071484375
43 0.5861111111111111 0.9017578125 0.0 0.071484375
43 0.9163194444444445 0.8931640625 0.11875 0.054296875
111 0.5 0.4494140625 1.0 0.833203125
19 0.5 0.4720703125 0.11666666666666667 0.161328125
43 0.5 0.5779296875 0.16111111111111112 0.023046875
43 0.14097222222222222 0.0248046875 0.18472222222222223 0.016015625
43 0.7152777777777778 0.0328125 0.33611111111111114 0.0
50 0.5802083333333333 0.0328125 0.6451388888888889 0.0
38 0.9510416666666667 0.0279296875 0.06319444444444444 0.009765625
118 0.5 0.0328125 1.0 0.0
38 0.0 0.866015625 0.0 0.0
195 0.5 0.9001953125 0.7777777777777778 0.068359375
38 0.9756944444444444 0.8763671875 0.04861111111111111 0.020703125
8 0.5 0.9001953125 1.0 0.068359375
5 0.5 0.5 1.0 1.0
4 0.5 0.9671875 1.0 0.065625
