43 0.2982638888888889 0.07109375 0.2465277777777778 0.03671875
44 0.06805555555555555 0.07109375 0.1361111111111111 0.0765625
22 0.9416666666666667 0.07109375 0.11666666666666667 0.065625
80 0.5 0.07109375 1.0 0.0765625
1466 0.07256944444444445 0.1431640625 0.1423611111111111 0.045703125
7 0.4996527777777778 0.1431640625 0.7118055555555556 0.045703125
1466 0.9267361111111111 0.1431640625 0.1423611111111111 0.045703125
16 0.4996527777777778 0.1431640625 0.9965277777777778 0.045703125
1467 0.07256944444444445 0.1888671875 0.1423611111111111 0.045703125
1467 0.21493055555555557 0.1888671875 0.1423611111111111 0.045703125
1467 0.3572916666666667 0.1888671875 0.1423611111111111 0.045703125
1467 0.4996527777777778 0.1888671875 0.1423611111111111 0.045703125
1467 0.6420138888888889 0.1888671875 0.1423611111111111 0.045703125
1467 0.784375 0.1888671875 0.1423611111111111 0.045703125
1467 0.9267361111111111 0.1888671875 0.1423611111111111 0.045703125
1468 0.07256944444444445 0.2345703125 0.1423611111111111 0.045703125
1468 0.21493055555555557 0.2345703125 0.1423611111111111 0.045703125
1468 0.3572916666666667 0.2345703125 0.1423611111111111 0.045703125
1468 0.4996527777777778 0.2345703125 0.1423611111111111 0.045703125
1468 0.6420138888888889 0.2345703125 0.1423611111111111 0.045703125
1468 0.784375 0.2345703125 0.1423611111111111 0.045703125
1468 0.9267361111111111 0.2345703125 0.1423611111111111 0.045703125
1468 0.07256944444444445 0.2802734375 0.1423611111111111 0.045703125
1468 0.21493055555555557 0.2802734375 0.1423611111111111 0.045703125
1468 0.3572916666666667 0.2802734375 0.1423611111111111 0.045703125
1468 0.4996527777777778 0.2802734375 0.1423611111111111 0.045703125
1468 0.6420138888888889 0.2802734375 0.1423611111111111 0.045703125
1468 0.784375 0.2802734375 0.1423611111111111 0.045703125
1468 0.9267361111111111 0.2802734375 0.1423611111111111 0.045703125
1468 0.07256944444444445 0.3259765625 0.1423611111111111 0.045703125
1468 0.21493055555555557 0.3259765625 0.1423611111111111 0.045703125
1468 0.3572916666666667 0.3259765625 0.1423611111111111 0.045703125
1468 0.4996527777777778 0.3259765625 0.1423611111111111 0.045703125
1468 0.6420138888888889 0.3259765625 0.1423611111111111 0.045703125
1468 0.784375 0.3259765625 0.1423611111111111 0.045703125
1468 0.9267361111111111 0.3259765625 0.1423611111111111 0.045703125
1468 0.07256944444444445 0.3716796875 0.1423611111111111 0.045703125
1468 0.21493055555555557 0.3716796875 0.1423611111111111 0.045703125
1468 0.3572916666666667 0.3716796875 0.1423611111111111 0.045703125
1468 0.4996527777777778 0.3716796875 0.1423611111111111 0.045703125
1468 0.6420138888888889 0.3716796875 0.1423611111111111 0.045703125
1468 0.784375 0.3716796875 0.1423611111111111 0.045703125
1468 0.9267361111111111 0.3716796875 0.1423611111111111 0.045703125
1468 0.07256944444444445 0.4173828125 0.1423611111111111 0.045703125
1468 0.21493055555555557 0.4173828125 0.1423611111111111 0.045703125
1468 0.3572916666666667 0.4173828125 0.1423611111111111 0.045703125
1468 0.4996527777777778 0.4173828125 0.1423611111111111 0.045703125
1468 0.6420138888888889 0.4173828125 0.1423611111111111 0.045703125
1468 0.784375 0.4173828125 0.1423611111111111 0.045703125
1468 0.9267361111111111 0.4173828125 0.1423611111111111 0.045703125
1468 0.07256944444444445 0.4630859375 0.1423611111111111 0.045703125
1468 0.21493055555555557 0.4630859375 0.1423611111111111 0.045703125
1468 0.3572916666666667 0.4630859375 0.1423611111111111 0.045703125
1468 0.4996527777777778 0.4630859375 0.1423611111111111 0.045703125
1468 0.6420138888888889 0.4630859375 0.1423611111111111 0.045703125
1468 0.784375 0.4630859375 0.1423611111111111 0.045703125
1468 0.9267361111111111 0.4630859375 0.1423611111111111 0.045703125
1469 0.5 0.303125 1.0 0.3875
1467 0.001388888888888889 0.1888671875 0.0 0.045703125
1468 0.001388888888888889 0.2345703125 0.0 0.045703125
1468 0.001388888888888889 0.2802734375 0.0 0.045703125
1468 0.001388888888888889 0.3259765625 0.0 0.045703125
1468 0.001388888888888889 0.3716796875 0.0 0.045703125
1468 0.001388888888888889 0.4173828125 0.0 0.045703125
1468 0.001388888888888889 0.4630859375 0.0 0.045703125
1470 0.001388888888888889 0.3259765625 0.0 0.319921875
1467 0.9979166666666667 0.1888671875 0.0 0.045703125
1468 0.9979166666666667 0.2345703125 0.0 0.045703125
1468 0.9979166666666667 0.2802734375 0.0 0.045703125
1468 0.9979166666666667 0.3259765625 0.0 0.045703125
1468 0.9979166666666667 0.3716796875 0.0 0.045703125
1468 0.9979166666666667 0.4173828125 0.0 0.045703125
1468 0.9979166666666667 0.4630859375 0.0 0.045703125
1470 0.9979166666666667 0.3259765625 0.0 0.319921875
4 0.5 0.49765625 1.0 0.0015625
4 0.7666666666666667 0.520703125 0.0 0.0
1471 0.8638888888888889 0.575390625 0.19444444444444445 0.109375
43 0.39305555555555555 0.528515625 0.7083333333333334 0.0328125
43 0.39305555555555555 0.5783203125 0.7083333333333334 0.063671875
43 0.39305555555555555 0.624609375 0.7083333333333334 0.02578125
8 0.5 0.5755859375 1.0 0.154296875
43 0.5 0.71640625 0.9222222222222223 0.4359375
111 0.5 0.521875 1.0 0.825
1472 0.8833333333333333 0.86875 0.175 0.0984375
8 0.0 0.8984375 0.0 0.071875
38 0.0 0.1146484375 0.0 0.229296875
8 0.0 0.589453125 0.0 0.0015625
8 0.0 0.626171875 0.0 0.071875
8 0.0 0.698046875 0.0 0.071875
8 0.0 0.769921875 0.0 0.071875
266 0.0 0.4671875 0.0 0.934375
4 0.0 0.8583984375 0.0 0.008203125
5 0.5 0.5 1.0 1.0
17 0.0 0.0 0.0 0.0
4 0.5 0.9671875 1.0 0.065625
4 0.5 0.01640625 1.0 0.0328125
