17 0.0 0.0328125 0.0 0.0
16 0.06805555555555555 0.065625 0.1361111111111111 0.065625
415 0.0875 0.065625 0.09722222222222222 0.0546875
416 0.22847222222222222 0.065625 0.18472222222222223 0.065625
416 0.8736111111111111 0.0328125 0.0 0.0
1474 0.9319444444444445 0.065625 0.11666666666666667 0.065625
8 0.5 0.065625 1.0 0.065625
416 0.42465277777777777 0.11875 0.40902777777777777 0.0296875
416 0.7041666666666667 0.11875 0.15 0.0296875
1475 0.5 0.1244140625 1.0 0.041015625
1476 0.5 0.3447265625 1.0 0.399609375
1477 0.5 0.57734375 1.0 0.065625
16 0.5 0.35703125 1.0 0.50625
416 0.05173611111111111 0.625 0.10347222222222222 0.0296875
416 0.5517361111111111 0.625 0.8965277777777778 0.0296875
416 0.33645833333333336 0.6705078125 0.6534722222222222 0.036328125
416 0.8267361111111111 0.6705078125 0.32708333333333334 0.022265625
16 0.5 0.6705078125 1.0 0.047265625
416 0.33645833333333336 0.7193359375 0.6534722222222222 0.036328125
416 0.8267361111111111 0.7193359375 0.32708333333333334 0.022265625
416 0.5 0.7439453125 1.0 0.036328125
416 0.33645833333333336 0.7681640625 0.6534722222222222 0.036328125
416 0.8267361111111111 0.7681640625 0.32708333333333334 0.022265625
416 0.5 0.7732421875 1.0 0.022265625
416 0.33645833333333336 0.85546875 0.6534722222222222 0.015625
416 0.8267361111111111 0.8169921875 0.32708333333333334 0.022265625
16 0.5 0.852734375 1.0 0.02109375
416 0.8267361111111111 0.858984375 0.32708333333333334 0.00859375
8 0.5 0.755078125 1.0 0.21640625
415 0.9611111111111111 0.66875 0.07777777777777778 0.04375
455 0.5 0.51640625 1.0 0.8359375
16 0.5 0.9015625 1.0 0.065625
416 0.11006944444444444 0.9015625 0.08680555555555555 0.06015625
415 0.0 0.86875 0.0 0.0
1474 0.11041666666666666 0.9015625 0.22083333333333333 0.065625
1478 0.33125 0.9015625 0.22083333333333333 0.065625
1478 0.5520833333333334 0.9015625 0.22083333333333333 0.065625
1478 0.7729166666666667 0.9015625 0.22083333333333333 0.065625
416 0.8833333333333333 0.86875 0.0 0.0
1474 0.9416666666666667 0.9015625 0.11666666666666667 0.065625
16 0.0 0.13125 0.0 0.065625
16 0.0 0.2 0.0 0.065625
16 0.0 0.2671875 0.0 0.065625
16 0.0 0.3328125 0.0 0.065625
16 0.0 0.3984375 0.0 0.065625
16 0.0 0.4640625 0.0 0.065625
415 0.0 0.56328125 0.0 0.0015625
106 0.0 0.51640625 0.0 0.8359375
34 0.5 0.48359375 1.0 0.9015625
4 0.5 0.9671875 1.0 0.065625
4 0.5 0.01640625 1.0 0.0328125
5 0.5 0.5 1.0 1.0
