17 0.0 0.0 0.0 0.0
416 0.3329861111111111 0.0708984375 0.5881944444444445 0.036328125
45 1.0 0.07109375 0.0 0.0765625
118 0.5 0.10390625 1.0 0.1421875
415 0.0 0.109375 0.0 0.0
416 0.16631944444444444 0.1421875 0.21875 0.0296875
243 0.16666666666666666 0.1421875 0.3333333333333333 0.065625
415 0.3333333333333333 0.109375 0.0 0.0
416 0.4996527777777778 0.1421875 0.09097222222222222 0.0296875
243 0.5 0.1421875 0.3333333333333333 0.065625
415 0.6666666666666666 0.109375 0.0 0.0
416 0.8329861111111111 0.1421875 0.049305555555555554 0.0296875
243 0.8333333333333334 0.1421875 0.3333333333333333 0.065625
26 0.5 0.1421875 1.0 0.065625
16 0.0 0.480078125 0.0 0.61015625
8 0.0 0.5546875 0.0 0.759375
416 0.19270833333333334 0.2298828125 0.3076388888888889 0.095703125
21 0.6416666666666667 0.2298828125 0.5902777777777778 0.068359375
16 0.5 0.2298828125 0.9222222222222223 0.095703125
416 0.19270833333333334 0.3271484375 0.3076388888888889 0.095703125
21 0.6416666666666667 0.3271484375 0.5902777777777778 0.068359375
16 0.5 0.3271484375 0.9222222222222223 0.095703125
416 0.19270833333333334 0.4244140625 0.3076388888888889 0.095703125
21 0.6416666666666667 0.4244140625 0.5902777777777778 0.068359375
16 0.5 0.4244140625 0.9222222222222223 0.095703125
30 0.5 0.5134765625 0.4861111111111111 0.068359375
16 0.5 0.5134765625 1.0 0.068359375
435 0.5 0.665234375 0.875 0.18046875
16 0.5 0.465234375 1.0 0.58046875
88 0.5 0.5546875 1.0 0.759375
16 1.0 0.4275390625 0.0 0.505078125
146 1.0 0.5546875 0.0 0.759375
5 0.5 0.5 1.0 1.0
4 0.5 0.9671875 1.0 0.065625
