451 0.0 0.0328125 0.0 0.0
7 0.20069444444444445 0.06953125 0.3236111111111111 0.0296875
7 0.31319444444444444 0.097265625 0.5486111111111112 0.02578125
8 0.44166666666666665 0.082421875 0.8055555555555556 0.09921875
16 0.9027777777777778 0.082421875 0.11666666666666667 0.09921875
16 0.5 0.082421875 1.0 0.09921875
451 0.0 0.13359375 0.0 0.0
7 0.16284722222222223 0.1703125 0.24791666666666667 0.0296875
7 0.3125 0.198046875 0.5472222222222223 0.02578125
8 0.44166666666666665 0.183203125 0.8055555555555556 0.09921875
16 0.9027777777777778 0.183203125 0.11666666666666667 0.09921875
16 0.5 0.183203125 1.0 0.09921875
451 0.0 0.234375 0.0 0.0
7 0.18368055555555557 0.27109375 0.28958333333333336 0.0296875
7 0.2902777777777778 0.298828125 0.5027777777777778 0.02578125
8 0.44166666666666665 0.283984375 0.8055555555555556 0.09921875
16 0.9027777777777778 0.283984375 0.11666666666666667 0.09921875
16 0.5 0.283984375 1.0 0.09921875
451 0.0 0.33515625 0.0 0.0
7 0.2951388888888889 0.371875 0.5125 0.0296875
7 0.3645833333333333 0.399609375 0.6513888888888889 0.02578125
8 0.5 0.384765625 0.9222222222222223 0.09921875
451 0.0 0.4359375 0.0 0.0
7 0.11076388888888888 0.47265625 0.14375 0.0296875
7 0.228125 0.500390625 0.3784722222222222 0.02578125
8 0.5 0.485546875 0.9222222222222223 0.09921875
451 0.0 0.53671875 0.0 0.0
7 0.14583333333333334 0.5734375 0.21388888888888888 0.0296875
7 0.28125 0.601171875 0.4847222222222222 0.02578125
8 0.5 0.586328125 0.9222222222222223 0.09921875
16 0.5 0.4671875 1.0 0.934375
50 0.5 0.934375 1.0 0.0
4 0.5 0.01640625 1.0 0.0328125
5 0.5 0.5 1.0 1.0
