17 0.0 0.0328125 0.0 0.0
373 0.5 0.48359375 1.0 0.9015625
195 0.5 0.0669921875 0.7777777777777778 0.068359375
50 0.5 0.0669921875 1.0 0.068359375
50 0.5 0.934375 1.0 0.0
38 0.12152777777777778 0.1251953125 0.24305555555555555 0.046484375
43 0.5725694444444445 0.1251953125 0.4826388888888889 0.048046875
327 0.5725694444444445 0.1251953125 0.6590277777777778 0.048046875
220 0.9701388888888889 0.11796875 0.04861111111111111 0.02734375
43 0.9020833333333333 0.101171875 0.0 0.0
16 0.5 0.12578125 1.0 0.04921875
558 0.5 0.166796875 1.0 0.0328125
38 0.4371527777777778 0.2197265625 0.12152777777777778 0.068359375
43 0.5604166666666667 0.2392578125 0.125 0.033203125
16 0.4996527777777778 0.2197265625 0.27152777777777776 0.086328125
43 0.303125 0.2791015625 0.22013888888888888 0.029296875
43 0.43020833333333336 0.3083984375 0.06875 0.029296875
43 0.6152777777777778 0.2791015625 0.2111111111111111 0.029296875
43 0.7638888888888888 0.2791015625 0.08611111111111111 0.029296875
16 0.5 0.2783203125 0.6138888888888889 0.030859375
43 0.2798611111111111 0.3083984375 0.23194444444444445 0.029296875
38 0.4652777777777778 0.308984375 0.0 0.0
43 0.5572916666666666 0.3083984375 0.12986111111111112 0.029296875
43 0.7288194444444445 0.3083984375 0.21319444444444444 0.029296875
16 0.4996527777777778 0.3083984375 0.6715277777777777 0.029296875
16 0.5 0.2498046875 1.0 0.160546875
1481 0.5 0.5423828125 1.0 0.783984375
43 0.3017361111111111 0.3759765625 0.5548611111111111 0.041015625
38 0.6177083333333333 0.3759765625 0.07708333333333334 0.041015625
4 0.3402777777777778 0.3966796875 0.6805555555555556 0.000390625
38 0.3402777777777778 0.529296875 0.6319444444444444 0.2375
38 0.0 0.35546875 0.0 0.0
1482 0.3402777777777778 0.50859375 0.6805555555555556 0.30625
43 0.17743055555555556 0.4451171875 0.30625 0.044921875
38 0.17708333333333334 0.50859375 0.14583333333333334 0.08203125
43 0.17743055555555556 0.57109375 0.2965277777777778 0.0375
43 0.17743055555555556 0.6140625 0.2965277777777778 0.0375
16 0.17743055555555556 0.529296875 0.30625 0.2375
43 0.503125 0.4451171875 0.30625 0.044921875
38 0.5027777777777778 0.50859375 0.14583333333333334 0.08203125
43 0.503125 0.57109375 0.2965277777777778 0.0375
43 0.503125 0.6140625 0.2965277777777778 0.0375
16 0.503125 0.529296875 0.30625 0.2375
6 0.10972222222222222 0.6259765625 0.14583333333333334 0.030078125
16 0.024305555555555556 0.410546875 0.0 0.0
222 0.6319444444444444 0.42421875 0.0 0.0
8 0.6319444444444444 0.529296875 0.0 0.21015625
223 0.09722222222222222 0.4515625 0.09722222222222222 0.0546875
1483 0.5 0.644921875 1.0 0.57890625
38 0.058333333333333334 0.9015625 0.06805555555555555 0.03828125
1484 0.0 0.150390625 0.0 0.0
220 0.9645833333333333 0.175 0.05138888888888889 0.02890625
43 0.4652777777777778 0.101171875 0.0 0.0
16 0.7326388888888888 0.1259765625 0.5347222222222222 0.049609375
43 0.7142361111111111 0.1748046875 0.44930555555555557 0.027734375
38 0.4652777777777778 0.198828125 0.0 0.0
43 0.7180555555555556 0.2228515625 0.45694444444444443 0.027734375
38 0.9684027777777777 0.2236328125 0.04375 0.020703125
38 0.4652777777777778 0.25390625 0.0 0.0
43 0.7180555555555556 0.2779296875 0.45694444444444443 0.027734375
38 0.9684027777777777 0.2787109375 0.04375 0.020703125
43 0.7180555555555556 0.3330078125 0.45694444444444443 0.027734375
38 0.9684027777777777 0.3337890625 0.04375 0.020703125
38 0.4652777777777778 0.3640625 0.0 0.0
43 0.7180555555555556 0.3880859375 0.45694444444444443 0.027734375
38 0.9684027777777777 0.3888671875 0.04375 0.020703125
38 0.4652777777777778 0.419140625 0.0 0.0
43 0.7180555555555556 0.4431640625 0.45694444444444443 0.027734375
38 0.9684027777777777 0.4439453125 0.04375 0.020703125
16 0.7326388888888888 0.501953125 0.5347222222222222 0.05546875
38 0.4652777777777778 0.47421875 0.0 0.0
43 0.7180555555555556 0.4982421875 0.45694444444444443 0.027734375
38 0.9684027777777777 0.4990234375 0.04375 0.020703125
38 0.4652777777777778 0.529296875 0.0 0.0
43 0.7180555555555556 0.5533203125 0.45694444444444443 0.027734375
38 0.9684027777777777 0.5541015625 0.04375 0.020703125
38 0.4652777777777778 0.584375 0.0 0.0
43 0.7180555555555556 0.6083984375 0.45694444444444443 0.027734375
38 0.9684027777777777 0.6091796875 0.04375 0.020703125
38 0.4652777777777778 0.639453125 0.0 0.0
43 0.7180555555555556 0.6634765625 0.45694444444444443 0.027734375
38 0.9684027777777777 0.6642578125 0.04375 0.020703125
38 0.4652777777777778 0.69453125 0.0 0.0
43 0.7180555555555556 0.7185546875 0.45694444444444443 0.027734375
38 0.9684027777777777 0.7193359375 0.04375 0.020703125
16 0.7326388888888888 0.5177734375 0.5347222222222222 0.833203125
4 0.5 0.01640625 1.0 0.0328125
5 0.5 0.5 1.0 1.0
