7 0.0 0.0328125 0.0 0.0
5 0.5 0.5 1.0 1.0
6 0.9239583333333333 0.0736328125 0.11597222222222223 0.065234375
6 0.7899305555555556 0.0736328125 0.11597222222222223 0.065234375
7 0.3125 0.073828125 0.5888888888888889 0.08203125
1485 0.5 0.073828125 1.0 0.08203125
1486 0.5 0.8529296875 0.14166666666666666 0.015234375
4 0.5579861111111111 0.8525390625 0.025694444444444443 0.014453125
1487 0.5 0.20390625 0.9513888888888888 0.1640625
1488 0.49375 0.2822265625 0.9388888888888889 0.010546875
1488 0.49375 0.5640625 0.9388888888888889 0.08203125
1488 0.49375 0.3232421875 0.9388888888888889 0.071484375
1488 0.49375 0.4 0.9388888888888889 0.08203125
1488 0.49375 0.48203125 0.9388888888888889 0.08203125
1488 0.49375 0.64609375 0.9388888888888889 0.08203125
1488 0.49375 0.728125 0.9388888888888889 0.08203125
1488 0.49375 0.8037109375 0.9388888888888889 0.069140625
1488 0.49375 0.8447265625 0.9388888888888889 0.012890625
1488 0.49375 0.8857421875 0.9388888888888889 0.094921875
8 0.5 0.562109375 0.9513888888888888 0.55234375
88 0.5 0.480078125 1.0 0.71640625
1489 1.0 0.480078125 0.0 0.71640625
1490 0.0 0.2826171875 0.0 0.321484375
8 0.0 0.532421875 0.0 0.2109375
1491 0.0 0.480078125 0.0 0.71640625
112 0.5 0.9001953125 0.7777777777777778 0.068359375
4 0.5 0.9671875 1.0 0.065625
