0 0.0 0.0 0.0 0.0
88 0.5 0.3501953125 1.0 0.700390625
7 0.5 0.654296875 0.9513888888888888 0.059375
16 1.0 0.3501953125 0.0 0.700390625
7 0.871875 0.754296875 0.18819444444444444 0.02578125
16 0.5 0.828125 0.9513888888888888 0.0453125
7 0.1232638888888889 0.828125 0.19791666666666666 0.0453125
7 0.5034722222222222 0.832421875 0.5625 0.02578125
7 0.8802083333333334 0.828125 0.1909722222222222 0.0453125
7 0.5 0.8953125 0.9513888888888888 0.0453125
16 0.5 0.83515625 0.9513888888888888 0.1875
5 0.5 0.4671875 1.0 0.934375
