38 0.0 0.015625 0.0 0.0
5 0.5 0.5 1.0 1.0
38 0.5 0.1884765625 1.0 0.158203125
1492 0.5 0.3130859375 1.0 0.091015625
38 0.10208333333333333 0.405078125 0.16527777777777777 0.09296875
1492 0.28020833333333334 0.4048828125 0.11319444444444444 0.026171875
1492 0.18958333333333333 0.34375 0.0 0.0
16 0.46875 0.405078125 0.49027777777777776 0.09296875
38 0.7965277777777777 0.405078125 0.16527777777777777 0.09296875
38 0.9395833333333333 0.405078125 0.043055555555555555 0.0328125
1493 0.5 0.405859375 1.0 0.09453125
4 0.5 0.45234375 1.0 0.0015625
38 0.10208333333333333 0.499609375 0.16527777777777777 0.09296875
1492 0.2899305555555556 0.4994140625 0.1326388888888889 0.026171875
1492 0.22534722222222223 0.4421875 0.07152777777777777 0.02265625
16 0.46875 0.499609375 0.49027777777777776 0.09296875
38 0.7965277777777777 0.499609375 0.16527777777777777 0.09296875
38 0.9395833333333333 0.499609375 0.043055555555555555 0.0328125
1493 0.5 0.500390625 1.0 0.09453125
4 0.5 0.546875 1.0 0.0015625
38 0.10208333333333333 0.594140625 0.16527777777777777 0.09296875
1492 0.3298611111111111 0.5939453125 0.2125 0.026171875
1492 0.18958333333333333 0.540625 0.0 0.0
16 0.46875 0.594140625 0.49027777777777776 0.09296875
38 0.7965277777777777 0.594140625 0.16527777777777777 0.09296875
38 0.9395833333333333 0.594140625 0.043055555555555555 0.0328125
1493 0.5 0.594921875 1.0 0.09453125
4 0.5 0.64140625 1.0 0.0015625
38 0.10208333333333333 0.688671875 0.16527777777777777 0.09296875
1492 0.27326388888888886 0.7046875 0.1673611111111111 0.02265625
1492 0.22361111111111112 0.6421875 0.0 0.0
16 0.46875 0.688671875 0.49027777777777776 0.09296875
38 0.7965277777777777 0.688671875 0.16527777777777777 0.09296875
38 0.9395833333333333 0.688671875 0.043055555555555555 0.0328125
1493 0.5 0.689453125 1.0 0.09453125
4 0.5 0.7359375 1.0 0.0015625
38 0.10208333333333333 0.783203125 0.16527777777777777 0.09296875
1492 0.3482638888888889 0.7830078125 0.24930555555555556 0.026171875
1492 0.18958333333333333 0.7375 0.0 0.0
16 0.46875 0.783203125 0.49027777777777776 0.09296875
38 0.7965277777777777 0.783203125 0.16527777777777777 0.09296875
38 0.9395833333333333 0.783203125 0.043055555555555555 0.0328125
1493 0.5 0.783984375 1.0 0.09453125
4 0.5 0.8517578125 1.0 0.041015625
1493 0.5 0.9041015625 1.0 0.060546875
38 0.07534722222222222 0.9013671875 0.07291666666666667 0.041015625
1492 0.3958333333333333 0.92890625 0.34444444444444444 0.0109375
16 0.5708333333333333 0.9041015625 0.6944444444444444 0.060546875
38 0.0 0.86875 0.0 0.0
38 0.9395833333333333 0.919140625 0.043055555555555555 0.03046875
4 0.5 0.9505859375 1.0 0.032421875
1494 0.5 0.6009765625 1.0 0.666796875
8 0.5 0.521875 1.0 0.825
38 0.0 0.146875 0.0 0.0
1495 0.8006944444444445 0.07109375 0.11666666666666667 0.0546875
1492 0.3128472222222222 0.07109375 0.27569444444444446 0.034375
44 0.06805555555555555 0.07109375 0.1361111111111111 0.0765625
45 0.9951388888888889 0.07109375 0.0 0.0765625
128 0.49756944444444445 0.109375 0.9951388888888889 0.0
32 0.8930555555555556 0.87421875 0.1361111111111111 0.0765625
38 0.07534722222222222 0.0015625 0.07291666666666667 0.003125
16 0.2809027777777778 0.0078125 0.18263888888888888 0.015625
8 0.3402777777777778 0.0078125 0.6805555555555556 0.015625
38 0.07534722222222222 0.0482421875 0.07291666666666667 0.041015625
1492 0.25 0.0484375 0.12083333333333333 0.02265625
1492 0.18958333333333333 0.015625 0.0 0.0
1492 0.6416666666666667 0.0484375 0.0 0.02265625
8 0.3402777777777778 0.0484375 0.6805555555555556 0.065625
38 0.07534722222222222 0.1138671875 0.07291666666666667 0.041015625
1492 0.27118055555555554 0.1140625 0.16319444444444445 0.02265625
1492 0.18958333333333333 0.08125 0.0 0.0
1492 0.6416666666666667 0.1140625 0.0 0.02265625
8 0.3402777777777778 0.1140625 0.6805555555555556 0.065625
38 0.07534722222222222 0.1794921875 0.07291666666666667 0.041015625
1492 0.2604166666666667 0.1796875 0.14166666666666666 0.02265625
1492 0.18958333333333333 0.146875 0.0 0.0
1492 0.6416666666666667 0.1796875 0.0 0.02265625
8 0.3402777777777778 0.1796875 0.6805555555555556 0.065625
38 0.07534722222222222 0.2451171875 0.07291666666666667 0.041015625
1492 0.2791666666666667 0.2453125 0.17916666666666667 0.02265625
1492 0.18958333333333333 0.2125 0.0 0.0
1492 0.6416666666666667 0.2453125 0.0 0.02265625
38 0.0 0.2125 0.0 0.0
8 0.3402777777777778 0.2453125 0.6805555555555556 0.065625
38 0.07534722222222222 0.3107421875 0.07291666666666667 0.041015625
1492 0.23680555555555555 0.3109375 0.09444444444444444 0.02265625
1492 0.18958333333333333 0.278125 0.0 0.0
1492 0.6416666666666667 0.3109375 0.0 0.02265625
38 0.0 0.278125 0.0 0.0
8 0.3402777777777778 0.3109375 0.6805555555555556 0.065625
38 0.07534722222222222 0.3763671875 0.07291666666666667 0.041015625
1492 0.23298611111111112 0.3765625 0.08680555555555555 0.02265625
1492 0.6416666666666667 0.3765625 0.0 0.02265625
38 0.0 0.34375 0.0 0.0
8 0.3402777777777778 0.3765625 0.6805555555555556 0.065625
38 0.07534722222222222 0.4419921875 0.07291666666666667 0.041015625
1492 0.18958333333333333 0.409375 0.0 0.0
16 0.22534722222222223 0.4421875 0.07152777777777777 0.065625
1492 0.6416666666666667 0.4421875 0.0 0.02265625
38 0.0 0.409375 0.0 0.0
8 0.3402777777777778 0.4421875 0.6805555555555556 0.065625
38 0.07534722222222222 0.5076171875 0.07291666666666667 0.041015625
1492 0.3420138888888889 0.5078125 0.30486111111111114 0.02265625
1492 0.18958333333333333 0.475 0.0 0.0
1492 0.6416666666666667 0.5078125 0.0 0.02265625
38 0.0 0.475 0.0 0.0
8 0.3402777777777778 0.5078125 0.6805555555555556 0.065625
38 0.07534722222222222 0.5732421875 0.07291666666666667 0.041015625
1492 0.26979166666666665 0.5734375 0.16041666666666668 0.02265625
1492 0.6416666666666667 0.5734375 0.0 0.02265625
38 0.0 0.540625 0.0 0.0
8 0.3402777777777778 0.5734375 0.6805555555555556 0.065625
38 0.07534722222222222 0.6388671875 0.07291666666666667 0.041015625
1492 0.2465277777777778 0.6390625 0.11388888888888889 0.02265625
1492 0.18958333333333333 0.60625 0.0 0.0
1492 0.6416666666666667 0.6390625 0.0 0.02265625
38 0.0 0.60625 0.0 0.0
8 0.3402777777777778 0.6390625 0.6805555555555556 0.065625
38 0.07534722222222222 0.7044921875 0.07291666666666667 0.041015625
1492 0.18958333333333333 0.671875 0.0 0.0
1492 0.6416666666666667 0.7046875 0.0 0.02265625
38 0.0 0.671875 0.0 0.0
8 0.3402777777777778 0.7046875 0.6805555555555556 0.065625
38 0.07534722222222222 0.7701171875 0.07291666666666667 0.041015625
1492 0.30104166666666665 0.7703125 0.22291666666666668 0.02265625
1492 0.6416666666666667 0.7703125 0.0 0.02265625
38 0.0 0.7375 0.0 0.0
8 0.3402777777777778 0.7703125 0.6805555555555556 0.065625
38 0.07534722222222222 0.8357421875 0.07291666666666667 0.041015625
1492 0.2420138888888889 0.8359375 0.10486111111111111 0.02265625
1492 0.18958333333333333 0.803125 0.0 0.0
1492 0.6416666666666667 0.8359375 0.0 0.02265625
38 0.0 0.803125 0.0 0.0
8 0.3402777777777778 0.8359375 0.6805555555555556 0.065625
1492 0.21944444444444444 0.9015625 0.059722222222222225 0.02265625
1492 0.18958333333333333 0.86875 0.0 0.0
1492 0.6416666666666667 0.9015625 0.0 0.02265625
8 0.3402777777777778 0.9015625 0.6805555555555556 0.065625
106 0.3402777777777778 0.4671875 0.6805555555555556 0.934375
4 0.5 0.9671875 1.0 0.065625
