7 0.46111111111111114 0.1203125 0.8444444444444444 0.04375
16 0.03888888888888889 0.14296875 0.0 0.0
16 0.058333333333333334 0.18671875 0.0 0.0875
7 0.15069444444444444 0.1865234375 0.18472222222222223 0.033203125
8 0.45868055555555554 0.1865234375 0.8006944444444445 0.049609375
7 0.46111111111111114 0.253125 0.8444444444444444 0.04375
6 0.058333333333333334 0.27578125 0.0 0.0
16 0.058333333333333334 0.31953125 0.0 0.0875
7 0.321875 0.3193359375 0.5270833333333333 0.033203125
8 0.40034722222222224 0.3193359375 0.6840277777777778 0.049609375
16 0.8006944444444445 0.31953125 0.11666666666666667 0.0875
16 0.46111111111111114 0.31953125 0.8444444444444444 0.0875
6 0.058333333333333334 0.3640625 0.0 0.0
16 0.058333333333333334 0.4078125 0.0 0.0875
7 0.26145833333333335 0.4076171875 0.40625 0.033203125
8 0.40034722222222224 0.4076171875 0.6840277777777778 0.049609375
16 0.8006944444444445 0.4078125 0.11666666666666667 0.0875
16 0.46111111111111114 0.4078125 0.8444444444444444 0.0875
7 0.46111111111111114 0.47421875 0.8444444444444444 0.04375
16 0.03888888888888889 0.496875 0.0 0.0
16 0.058333333333333334 0.540625 0.0 0.0875
7 0.2722222222222222 0.5404296875 0.42777777777777776 0.033203125
8 0.45868055555555554 0.5404296875 0.8006944444444445 0.049609375
16 0.03888888888888889 0.58515625 0.0 0.0
16 0.058333333333333334 0.62890625 0.0 0.0875
7 0.11215277777777778 0.6287109375 0.1076388888888889 0.033203125
8 0.45868055555555554 0.6287109375 0.8006944444444445 0.049609375
7 0.46111111111111114 0.6953125 0.8444444444444444 0.04375
16 0.03888888888888889 0.71796875 0.0 0.0
16 0.058333333333333334 0.76171875 0.0 0.0875
7 0.18263888888888888 0.7615234375 0.24861111111111112 0.033203125
8 0.45868055555555554 0.7615234375 0.8006944444444445 0.049609375
16 0.03888888888888889 0.80625 0.0 0.0
16 0.058333333333333334 0.85 0.0 0.0875
7 0.15763888888888888 0.8498046875 0.1986111111111111 0.033203125
8 0.45868055555555554 0.8498046875 0.8006944444444445 0.049609375
1496 0.5 0.51640625 1.0 0.8359375
8 0.0 0.0984375 0.0 0.0
7 0.16666666666666666 0.1396484375 0.3333333333333333 0.082421875
7 0.5 0.1396484375 0.3333333333333333 0.082421875
7 0.8333333333333334 0.1396484375 0.3333333333333333 0.082421875
107 0.5 0.1396484375 1.0 0.082421875
35 0.0 0.180859375 0.0 0.0
7 0.5 0.5916015625 0.7291666666666666 0.231640625
7 0.4996527777777778 0.251953125 0.3645833333333333 0.13359375
7 0.8177083333333334 0.316796875 0.3645833333333333 0.26328125
1497 0.5 0.5234375 1.0 0.68515625
8 1.0 0.2109375 0.0 0.06015625
16 1.0 0.5533203125 0.0 0.135546875
1497 1.0 0.553515625 0.0 0.625
112 0.5 0.9001953125 0.7777777777777778 0.068359375
89 0.5 0.9001953125 1.0 0.068359375
6 0.06875 0.065625 0.07777777777777778 0.04375
54 0.058680555555555555 0.065625 0.11736111111111111 0.065625
57 0.0 0.0328125 0.0 0.0
7 0.4354166666666667 0.065625 0.27361111111111114 0.03671875
7 0.5881944444444445 0.0654296875 0.03194444444444444 0.037109375
7 0.6597222222222222 0.065625 0.08194444444444444 0.03046875
16 0.4996527777777778 0.065625 0.40208333333333335 0.065625
143 0.9319444444444445 0.065625 0.1361111111111111 0.065625
19 0.07777777777777778 0.0328125 0.0 0.0
56 0.5 0.065625 1.0 0.065625
53 0.5 0.4671875 1.0 0.934375
