61 0.0 0.0328125 0.0 0.0
224 0.5 0.1654296875 0.9611111111111111 0.090234375
1498 0.0 0.221484375 0.0 0.0
19 0.5 0.577734375 0.11666666666666667 0.065625
7 0.5 0.5779296875 0.2916666666666667 0.210546875
16 0.5 0.5779296875 1.0 0.712890625
1498 0.0 0.934375 0.0 0.0
50 0.5 0.934375 1.0 0.0
179 0.5 0.521875 1.0 0.825
7 0.2361111111111111 0.0708984375 0.39444444444444443 0.036328125
45 0.9513888888888888 0.07109375 0.09722222222222222 0.0765625
74 0.5 0.07109375 1.0 0.0765625
5 0.5 0.5 1.0 1.0
4 0.5 0.01640625 1.0 0.0328125
