654 0.0 0.0 0.0 0.0
38 0.5 0.041015625 1.0 0.08203125
38 0.5 0.8796875 1.0 0.109375
38 0.5 0.4513671875 1.0 0.738671875
654 0.05555555555555555 0.0341796875 0.1111111111111111 0.068359375
44 0.22604166666666667 0.8775390625 0.18263888888888888 0.068359375
44 0.40868055555555555 0.8775390625 0.18263888888888888 0.068359375
44 0.5913194444444444 0.8775390625 0.18263888888888888 0.068359375
44 0.7739583333333333 0.8775390625 0.18263888888888888 0.068359375
16 0.5 0.8775390625 0.7305555555555555 0.113671875
117 0.5 0.0341796875 0.7777777777777778 0.068359375
44 0.9086805555555556 0.1189453125 0.18263888888888888 0.068359375
5 0.5 0.5 1.0 1.0
4 0.5 0.9671875 1.0 0.065625
