890 0.0 0.0328125 0.0 0.0
7 0.19236111111111112 0.0708984375 0.09305555555555556 0.036328125
52 0.06805555555555555 0.07109375 0.1361111111111111 0.0765625
45 1.0 0.07109375 0.0 0.0765625
891 0.5 0.07109375 1.0 0.0765625
43 0.24756944444444445 0.1556640625 0.4465277777777778 0.065234375
43 0.21041666666666667 0.21015625 0.37222222222222223 0.04375
43 0.06805555555555555 0.251953125 0.0625 0.02578125
43 0.052083333333333336 0.2849609375 0.030555555555555555 0.040234375
43 0.15555555555555556 0.251953125 0.0625 0.02578125
43 0.13958333333333334 0.2849609375 0.030555555555555555 0.040234375
43 0.22708333333333333 0.2849609375 0.030555555555555555 0.040234375
16 0.3055555555555556 0.2720703125 0.5625 0.080078125
43 0.12708333333333333 0.33203125 0.0 0.02578125
43 0.04513888888888889 0.3615234375 0.016666666666666666 0.033203125
43 0.15208333333333332 0.3615234375 0.0 0.033203125
43 0.15208333333333332 0.33203125 0.0 0.02578125
16 0.3055555555555556 0.3486328125 0.5625 0.073046875
16 0.3055555555555556 0.2908203125 0.5625 0.205078125
38 0.7690972222222222 0.2908203125 0.3645833333333333 0.205078125
16 0.5 0.2908203125 0.9513888888888888 0.205078125
43 0.2621527777777778 0.41328125 0.45069444444444445 0.02578125
1499 0.7378472222222222 0.4134765625 0.45069444444444445 0.023046875
16 0.5 0.41328125 0.9513888888888888 0.03984375
43 0.2621527777777778 0.453125 0.45069444444444445 0.02578125
43 0.7378472222222222 0.453125 0.45069444444444445 0.02578125
16 0.5 0.453125 0.9513888888888888 0.03984375
43 0.5 0.501953125 0.3055555555555556 0.04375
50 0.5 0.501953125 0.9513888888888888 0.0578125
41 0.5 0.326953125 0.9513888888888888 0.4078125
43 0.5 0.753125 0.9027777777777778 0.3625
890 0.0 0.109375 0.0 0.0
34 0.5 0.48359375 1.0 0.9015625
117 0.5 0.9001953125 1.0 0.068359375
71 0.03888888888888889 0.86328125 0.07777777777777778 0.04375
892 0.5 0.521875 0.19444444444444445 0.109375
16 0.0 0.06015625 0.0 0.0546875
16 0.0 0.16875 0.0 0.0546875
16 0.0 0.223046875 0.0 0.0546875
35 0.0 0.16953125 0.0 0.2734375
893 0.0 0.48359375 0.0 0.9015625
5 0.5 0.4671875 1.0 0.934375
