501 0.0 0.0328125 0.0 0.0
502 0.5 0.48359375 1.0 0.9015625
6 0.08541666666666667 0.9123046875 0.14583333333333334 0.030078125
222 0.9756944444444444 0.112109375 0.0 0.0
8 0.9756944444444444 0.51640625 0.0 0.80859375
223 0.07291666666666667 0.139453125 0.09722222222222222 0.0546875
503 0.934375 0.1298828125 0.11180555555555556 0.062890625
19 0.8784722222222222 0.0984375 0.0 0.0
504 0.934375 0.1982421875 0.11180555555555556 0.062890625
505 0.8395833333333333 0.9001953125 0.24305555555555555 0.068359375
506 0.5 0.934375 1.0 0.0
71 0.5 0.9234375 0.0 0.0
507 0.06076388888888889 0.06015625 0.12152777777777778 0.0546875
507 0.9503472222222222 0.0599609375 0.06041666666666667 0.033984375
508 0.5 0.065625 1.0 0.065625
6 0.5 0.065625 0.09722222222222222 0.065625
38 0.03229166666666667 0.934375 0.025694444444444443 0.0
38 0.9659722222222222 0.934375 0.04861111111111111 0.0
43 0.4934027777777778 0.934375 0.8770833333333333 0.0
1500 0.16180555555555556 0.304296875 0.0 0.0
43 0.5 0.38046875 0.5986111111111111 0.10859375
43 0.5 0.4734375 0.5986111111111111 0.05546875
4 0.5 0.512890625 0.5986111111111111 0.0015625
71 0.20069444444444445 0.535546875 0.0 0.0
43 0.5 0.58671875 0.5986111111111111 0.0296875
19 0.4996527777777778 0.5779296875 0.07291666666666667 0.041015625
19 0.5 0.62890625 0.5986111111111111 0.0109375
16 0.5 0.5958984375 0.5986111111111111 0.120703125
1501 0.5 0.4912109375 0.6805555555555556 0.376171875
8 0.0 0.0765625 0.0 0.0875
43 0.0 0.140625 0.0 0.040625
43 0.0 0.189453125 0.0 0.05703125
43 0.0 0.2572265625 0.0 0.080078125
4 0.0 0.296875 0.0 0.0015625
8 0.0 0.3365234375 0.0 0.080078125
43 0.0 0.4125 0.0 0.0734375
43 0.0 0.48515625 0.0 0.0734375
43 0.0 0.5578125 0.0 0.0734375
43 0.0 0.63046875 0.0 0.0734375
4 0.0 0.666796875 0.0 0.0015625
50 0.0 0.70859375 0.0 0.08203125
16 0.0 0.3912109375 0.0 0.716796875
509 0.0 0.48359375 0.0 0.9015625
4 0.5 0.9671875 1.0 0.065625
4 0.5 0.01640625 1.0 0.0328125
5 0.5 0.5 1.0 1.0
