890 0.0 0.0328125 0.0 0.0
890 0.15659722222222222 0.0599609375 0.12291666666666666 0.026171875
38 0.05625 0.06015625 0.07777777777777778 0.04375
45 1.0 0.07109375 0.0 0.0765625
891 0.5 0.07109375 1.0 0.0765625
890 0.0 0.109375 0.0 0.0
890 0.5 0.129296875 0.9611111111111111 0.03984375
890 0.27361111111111114 0.1703125 0.4597222222222222 0.04296875
890 0.7298611111111111 0.1703125 0.4527777777777778 0.04296875
16 0.5 0.1703125 0.9611111111111111 0.04296875
890 0.04375 0.191796875 0.0 0.0
890 0.06875 0.22109375 0.05 0.05859375
890 0.17743055555555556 0.2771484375 0.16458333333333333 0.026171875
16 0.15763888888888888 0.2462890625 0.22777777777777777 0.108984375
38 0.4 0.232421875 0.11666666666666667 0.065625
890 0.49930555555555556 0.2326171875 0.08194444444444444 0.051953125
38 0.5986111111111111 0.232421875 0.11666666666666667 0.065625
16 0.4996527777777778 0.2462890625 0.45625 0.108984375
890 0.7277777777777777 0.191796875 0.0 0.0
890 0.93125 0.22109375 0.05 0.05859375
890 0.9204861111111111 0.2755859375 0.07152777777777777 0.050390625
16 0.8420138888888888 0.2462890625 0.22847222222222222 0.108984375
16 0.5 0.2578125 0.9611111111111111 0.13203125
890 0.04375 0.3123046875 0.0 0.023046875
890 0.5 0.3525390625 0.9611111111111111 0.002734375
16 0.5 0.2513671875 0.9611111111111111 0.205078125
890 0.27708333333333335 0.375 0.4666666666666667 0.04296875
890 0.7333333333333333 0.375 0.44583333333333336 0.04296875
890 0.059375 0.42578125 0.03125 0.05859375
890 0.13472222222222222 0.4802734375 0.18194444444444444 0.050390625
16 0.15763888888888888 0.4509765625 0.22777777777777777 0.108984375
38 0.4 0.437109375 0.11666666666666667 0.065625
890 0.49930555555555556 0.4373046875 0.08194444444444444 0.051953125
38 0.5986111111111111 0.437109375 0.11666666666666667 0.065625
16 0.4996527777777778 0.4509765625 0.45625 0.108984375
890 0.7277777777777777 0.396484375 0.0 0.0
890 0.9305555555555556 0.42578125 0.05138888888888889 0.05859375
890 0.9204861111111111 0.4802734375 0.07152777777777777 0.050390625
16 0.8420138888888888 0.4509765625 0.22847222222222222 0.108984375
16 0.5 0.4625 0.9611111111111111 0.13203125
890 0.04375 0.5169921875 0.0 0.023046875
890 0.5 0.5572265625 0.9611111111111111 0.002734375
16 0.5 0.4560546875 0.9611111111111111 0.205078125
890 0.2586805555555556 0.5796875 0.42986111111111114 0.04296875
890 0.7149305555555555 0.5796875 0.4826388888888889 0.04296875
890 0.04375 0.601171875 0.0 0.0
890 0.06875 0.63046875 0.05 0.05859375
890 0.1284722222222222 0.6849609375 0.16944444444444445 0.050390625
16 0.15763888888888888 0.6556640625 0.22777777777777777 0.108984375
38 0.4 0.641796875 0.11666666666666667 0.065625
890 0.49930555555555556 0.6419921875 0.08194444444444444 0.051953125
38 0.5986111111111111 0.641796875 0.11666666666666667 0.065625
16 0.4996527777777778 0.6556640625 0.45625 0.108984375
890 0.7277777777777777 0.601171875 0.0 0.0
890 0.9305555555555556 0.63046875 0.05138888888888889 0.05859375
890 0.9204861111111111 0.6849609375 0.07152777777777777 0.050390625
16 0.8420138888888888 0.6556640625 0.22847222222222222 0.108984375
16 0.5 0.6671875 0.9611111111111111 0.13203125
890 0.04375 0.7216796875 0.0 0.023046875
890 0.5 0.7619140625 0.9611111111111111 0.002734375
16 0.5 0.6607421875 0.9611111111111111 0.205078125
890 0.2708333333333333 0.784375 0.45416666666666666 0.04296875
890 0.7270833333333333 0.784375 0.4583333333333333 0.04296875
890 0.059375 0.83515625 0.03125 0.05859375
890 0.12569444444444444 0.8896484375 0.1638888888888889 0.050390625
16 0.15763888888888888 0.8603515625 0.22777777777777777 0.108984375
38 0.4 0.846484375 0.11666666666666667 0.065625
890 0.49930555555555556 0.8466796875 0.08194444444444444 0.051953125
38 0.5986111111111111 0.846484375 0.11666666666666667 0.065625
16 0.4996527777777778 0.8603515625 0.45625 0.108984375
890 0.7277777777777777 0.805859375 0.0 0.0
890 0.9315972222222222 0.83515625 0.049305555555555554 0.05859375
890 0.9204861111111111 0.8896484375 0.07152777777777777 0.050390625
16 0.8420138888888888 0.8603515625 0.22847222222222222 0.108984375
16 0.5 0.8701171875 0.9611111111111111 0.128515625
890 0.04375 0.924609375 0.0 0.01953125
890 0.5 0.9498046875 0.9611111111111111 0.030859375
16 0.5 0.8486328125 0.9611111111111111 0.171484375
8 0.5 0.521875 1.0 0.825
117 0.5 0.9001953125 1.0 0.068359375
71 0.03888888888888889 0.86328125 0.07777777777777778 0.04375
892 0.5 0.521875 0.19444444444444445 0.109375
5 0.5 0.4671875 1.0 0.934375
16 0.3159722222222222 0.06015625 0.6319444444444444 0.0546875
38 0.05625 0.114453125 0.07777777777777778 0.04375
890 0.18472222222222223 0.1142578125 0.17916666666666667 0.026171875
16 0.3159722222222222 0.114453125 0.6319444444444444 0.0546875
38 0.05625 0.16875 0.07777777777777778 0.04375
890 0.1517361111111111 0.1685546875 0.11319444444444444 0.026171875
16 0.3159722222222222 0.16875 0.6319444444444444 0.0546875
890 0.19756944444444444 0.2228515625 0.2048611111111111 0.026171875
16 0.3159722222222222 0.223046875 0.6319444444444444 0.0546875
38 0.05625 0.27734375 0.07777777777777778 0.04375
16 0.3159722222222222 0.27734375 0.6319444444444444 0.0546875
35 0.3159722222222222 0.16953125 0.6319444444444444 0.2734375
893 0.3159722222222222 0.48359375 0.6319444444444444 0.9015625
