0 0.0 0.0 0.0 0.0
112 0.5 0.9001953125 0.7777777777777778 0.068359375
6 0.5 0.0998046875 1.0 0.144921875
4 0.5 0.200390625 1.0 0.0015625
114 0.5 0.250390625 1.0 0.0984375
114 0.5 0.3330078125 1.0 0.063671875
114 0.5 0.3966796875 1.0 0.060546875
114 0.5 0.4587890625 1.0 0.060546875
114 0.5 0.5208984375 1.0 0.060546875
4 0.5 0.551953125 1.0 0.0015625
16 0.5 0.376171875 1.0 0.353125
52 0.16666666666666666 0.7419921875 0.3333333333333333 0.064453125
52 0.5 0.7419921875 0.3333333333333333 0.064453125
52 0.8333333333333334 0.7419921875 0.3333333333333333 0.064453125
16 0.5 0.7419921875 1.0 0.064453125
52 0.16666666666666666 0.8201171875 0.3333333333333333 0.064453125
52 0.5 0.8201171875 0.3333333333333333 0.064453125
52 0.8333333333333334 0.8201171875 0.3333333333333333 0.064453125
16 0.5 0.8201171875 1.0 0.064453125
16 0.5 0.787890625 1.0 0.15625
5 0.5 0.4671875 1.0 0.934375
