0 0.0 0.0 0.0 0.0
6 0.5 0.23515625 0.2916666666666667 0.1640625
50 0.5 0.23515625 1.0 0.1640625
50 1.0 0.48359375 0.0 0.9015625
7 0.5024305555555556 0.362890625 0.9173611111111111 0.04765625
7 0.5 0.4224609375 0.9222222222222223 0.051953125
88 0.5 0.48359375 1.0 0.9015625
50 0.0 0.48359375 0.0 0.9015625
7 0.4996527777777778 0.5216796875 0.4409722222222222 0.058984375
50 0.4701388888888889 0.8953125 0.0125 0.00703125
50 0.5597222222222222 0.8953125 0.0125 0.00703125
50 0.5895833333333333 0.8953125 0.0125 0.00703125
16 0.5 0.8953125 0.19166666666666668 0.00703125
4 0.5 0.9671875 1.0 0.065625
4 0.5 0.01640625 1.0 0.0328125
5 0.5 0.5 1.0 1.0
