1502 0.0 0.0984375 0.0 0.0
6 0.08298611111111111 0.145703125 0.12152777777777778 0.07578125
16 0.5694444444444444 0.1455078125 0.8513888888888889 0.033203125
7 0.14375 0.12890625 0.0 0.0
8 0.5 0.1494140625 1.0 0.101953125
6 0.08298611111111111 0.256640625 0.12152777777777778 0.07578125
16 0.5694444444444444 0.2564453125 0.8513888888888889 0.058984375
8 0.5 0.256640625 1.0 0.109375
6 0.08298611111111111 0.367578125 0.12152777777777778 0.07578125
16 0.5694444444444444 0.3673828125 0.8513888888888889 0.058984375
8 0.5 0.367578125 1.0 0.109375
6 0.08298611111111111 0.478515625 0.12152777777777778 0.07578125
16 0.5694444444444444 0.4783203125 0.8513888888888889 0.058984375
8 0.5 0.478515625 1.0 0.109375
6 0.08298611111111111 0.589453125 0.12152777777777778 0.07578125
16 0.5694444444444444 0.5892578125 0.8513888888888889 0.058984375
8 0.5 0.589453125 1.0 0.109375
6 0.08298611111111111 0.700390625 0.12152777777777778 0.07578125
16 0.5694444444444444 0.7001953125 0.8513888888888889 0.058984375
8 0.5 0.700390625 1.0 0.109375
6 0.08298611111111111 0.811328125 0.12152777777777778 0.07578125
16 0.5694444444444444 0.8111328125 0.8513888888888889 0.033203125
7 0.14375 0.79453125 0.0 0.0
8 0.5 0.811328125 1.0 0.109375
8 0.5 0.4822265625 1.0 0.767578125
117 0.5 0.9001953125 1.0 0.068359375
57 0.0 0.0328125 0.0 0.0
54 0.06875 0.065625 0.09722222222222222 0.065625
16 0.4048611111111111 0.0654296875 0.575 0.033203125
7 0.11736111111111111 0.048828125 0.0 0.0
16 0.35625 0.065625 0.6722222222222223 0.065625
1375 0.7958333333333333 0.065625 0.1361111111111111 0.065625
50 0.7277777777777777 0.0328125 0.0 0.0
91 0.9319444444444445 0.065625 0.1361111111111111 0.065625
56 0.5 0.065625 1.0 0.065625
56 0.0 0.0 0.0 0.0
53 0.5 0.4671875 1.0 0.934375
