17 0.0 0.0 0.0 0.0
7 0.2517361111111111 0.0708984375 0.15347222222222223 0.036328125
52 0.06805555555555555 0.07109375 0.1361111111111111 0.0765625
322 0.7861111111111111 0.03828125 0.0 0.0
38 0.8444444444444444 0.07109375 0.11666666666666667 0.065625
173 0.9513888888888888 0.07109375 0.09722222222222222 0.065625
80 0.5 0.07109375 1.0 0.0765625
38 0.25243055555555555 0.195703125 0.4895833333333333 0.1640625
38 0.746875 0.195703125 0.4895833333333333 0.1640625
38 0.25243055555555555 0.3625 0.4895833333333333 0.1640625
38 0.746875 0.3625 0.4895833333333333 0.1640625
38 0.25243055555555555 0.529296875 0.4895833333333333 0.1640625
38 0.746875 0.529296875 0.4895833333333333 0.1640625
38 0.25243055555555555 0.69609375 0.4895833333333333 0.1640625
38 0.746875 0.69609375 0.4895833333333333 0.1640625
38 0.25243055555555555 0.85546875 0.4895833333333333 0.14921875
38 0.746875 0.85546875 0.4895833333333333 0.14921875
8 0.5 0.521875 1.0 0.825
112 0.5 0.9001953125 0.7777777777777778 0.068359375
1503 0.5 0.4671875 1.0 0.934375
38 0.0 0.123046875 0.0 0.24609375
16 0.0 0.196875 0.0 0.0765625
4 0.0 0.246875 0.0 0.0015625
8 0.0 0.29140625 0.0 0.065625
8 0.0 0.35703125 0.0 0.065625
8 0.0 0.42265625 0.0 0.065625
8 0.0 0.48828125 0.0 0.065625
8 0.0 0.55390625 0.0 0.065625
8 0.0 0.61953125 0.0 0.065625
8 0.0 0.68515625 0.0 0.065625
8 0.0 0.7400390625 0.0 0.044140625
10 0.0 0.3810546875 0.0 0.762109375
8 0.0 0.7908203125 0.0 0.057421875
8 0.0 0.8482421875 0.0 0.057421875
8 0.0 0.9056640625 0.0 0.057421875
16 0.0 0.8482421875 0.0 0.172265625
8 0.0 0.4671875 0.0 0.934375
4 0.5 0.9671875 1.0 0.065625
5 0.5 0.5 1.0 1.0
