17 0.0 0.0328125 0.0 0.0
38 0.3784722222222222 0.0328125 0.0 0.0
43 0.5 0.07109375 0.24305555555555555 0.0765625
44 0.06805555555555555 0.07109375 0.1361111111111111 0.0765625
45 1.0 0.07109375 0.0 0.0765625
118 0.5 0.07109375 1.0 0.0765625
7 0.07291666666666667 0.1501953125 0.04861111111111111 0.027734375
7 0.5243055555555556 0.1501953125 0.8055555555555556 0.033203125
7 0.9513888888888888 0.1501953125 0.04861111111111111 0.027734375
16 0.5 0.1505859375 1.0 0.082421875
4 0.5 0.1916015625 1.0 0.000390625
7 0.07291666666666667 0.2326171875 0.04861111111111111 0.027734375
7 0.5243055555555556 0.2326171875 0.8055555555555556 0.033203125
7 0.9513888888888888 0.2326171875 0.04861111111111111 0.027734375
16 0.5 0.2330078125 1.0 0.082421875
4 0.5 0.2740234375 1.0 0.000390625
7 0.07291666666666667 0.3150390625 0.04861111111111111 0.027734375
7 0.5243055555555556 0.3150390625 0.8055555555555556 0.033203125
7 0.9513888888888888 0.3150390625 0.04861111111111111 0.027734375
16 0.5 0.3154296875 1.0 0.082421875
4 0.5 0.3564453125 1.0 0.000390625
7 0.07291666666666667 0.3974609375 0.04861111111111111 0.027734375
7 0.5243055555555556 0.3974609375 0.8055555555555556 0.033203125
7 0.9513888888888888 0.3974609375 0.04861111111111111 0.027734375
16 0.5 0.3978515625 1.0 0.082421875
4 0.5 0.4388671875 1.0 0.000390625
7 0.07291666666666667 0.4798828125 0.04861111111111111 0.027734375
7 0.5243055555555556 0.4798828125 0.8055555555555556 0.033203125
7 0.9513888888888888 0.4798828125 0.04861111111111111 0.027734375
16 0.5 0.4802734375 1.0 0.082421875
4 0.5 0.5212890625 1.0 0.000390625
7 0.07291666666666667 0.5623046875 0.04861111111111111 0.027734375
7 0.5243055555555556 0.5623046875 0.8055555555555556 0.033203125
7 0.9513888888888888 0.5623046875 0.04861111111111111 0.027734375
16 0.5 0.5626953125 1.0 0.082421875
4 0.5 0.6037109375 1.0 0.000390625
7 0.07291666666666667 0.6447265625 0.04861111111111111 0.027734375
7 0.5243055555555556 0.6447265625 0.8055555555555556 0.033203125
7 0.9513888888888888 0.6447265625 0.04861111111111111 0.027734375
16 0.5 0.6451171875 1.0 0.082421875
4 0.5 0.6861328125 1.0 0.000390625
7 0.07291666666666667 0.7271484375 0.04861111111111111 0.027734375
7 0.5243055555555556 0.7271484375 0.8055555555555556 0.033203125
7 0.9513888888888888 0.7271484375 0.04861111111111111 0.027734375
16 0.5 0.7275390625 1.0 0.082421875
4 0.5 0.7685546875 1.0 0.000390625
7 0.07291666666666667 0.8095703125 0.04861111111111111 0.027734375
7 0.5243055555555556 0.8095703125 0.8055555555555556 0.033203125
7 0.9513888888888888 0.8095703125 0.04861111111111111 0.027734375
16 0.5 0.8099609375 1.0 0.082421875
4 0.5 0.8509765625 1.0 0.000390625
34 0.5 0.48359375 1.0 0.9015625
5 0.5 0.5 1.0 1.0
4 0.5 0.9671875 1.0 0.065625
4 0.5 0.01640625 1.0 0.0328125
