17 0.0 0.0328125 0.0 0.0
7 0.23576388888888888 0.0708984375 0.1798611111111111 0.036328125
52 0.06805555555555555 0.07109375 0.1361111111111111 0.0765625
45 1.0 0.07109375 0.0 0.0765625
80 0.5 0.07109375 1.0 0.0765625
451 0.0 0.109375 0.0 0.0
43 0.10486111111111111 0.14609375 0.13194444444444445 0.0296875
43 0.07708333333333334 0.173828125 0.0763888888888889 0.02578125
8 0.5 0.158984375 0.9222222222222223 0.09921875
451 0.0 0.21015625 0.0 0.0
43 0.15694444444444444 0.246875 0.2361111111111111 0.0296875
43 0.058333333333333334 0.274609375 0.03888888888888889 0.02578125
8 0.5 0.259765625 0.9222222222222223 0.09921875
34 0.5 0.48359375 1.0 0.9015625
5 0.5 0.5 1.0 1.0
4 0.5 0.9671875 1.0 0.065625
4 0.5 0.01640625 1.0 0.0328125
