0 0.0 0.0 0.0 0.0
112 0.3888888888888889 0.0669921875 0.7777777777777778 0.068359375
6 0.1 0.13359375 0.08611111111111111 0.0484375
8 0.10347222222222222 0.144921875 0.20694444444444443 0.0875
6 0.29965277777777777 0.13359375 0.11319444444444444 0.0484375
8 0.3 0.144921875 0.21388888888888888 0.0875
6 0.4996527777777778 0.1322265625 0.08125 0.045703125
7 0.5 0.16875 0.10555555555555556 0.02578125
8 0.5 0.144921875 0.21388888888888888 0.0875
6 0.7 0.13125 0.10555555555555556 0.04375
7 0.6996527777777778 0.16875 0.11458333333333333 0.02578125
8 0.7 0.144921875 0.21388888888888888 0.0875
6 0.8996527777777777 0.13359375 0.11319444444444444 0.0484375
8 0.8965277777777778 0.144921875 0.20694444444444443 0.0875
107 0.5 0.144921875 1.0 0.0875
16 0.0 0.188671875 0.0 0.0
16 0.5 0.2248046875 1.0 0.072265625
224 0.059027777777777776 0.2392578125 0.11805555555555555 0.022265625
8 0.5 0.241015625 1.0 0.02578125
7 0.5 0.289453125 0.9847222222222223 0.05703125
16 0.0 0.2609375 0.0 0.0
16 0.5 0.294921875 1.0 0.06796875
7 0.5 0.503515625 0.9847222222222223 0.23515625
8 0.5 0.660546875 1.0 0.05703125
114 0.37256944444444445 0.660546875 0.20902777777777778 0.05703125
114 0.6121527777777778 0.660546875 0.23958333333333334 0.05703125
4 0.5 0.70546875 0.9847222222222223 0.0109375
16 0.5 0.519921875 1.0 0.38203125
7 0.5 0.739453125 0.9847222222222223 0.05703125
16 0.5 0.82265625 1.0 0.2234375
5 0.5 0.5615234375 1.0 0.745703125
16 0.5 0.48359375 1.0 0.9015625
5 0.5 0.4671875 1.0 0.934375
