17 0.0 0.0 0.0 0.0
44 0.06805555555555555 0.07109375 0.1361111111111111 0.0765625
45 1.0 0.07109375 0.0 0.0765625
43 0.3451388888888889 0.0708984375 0.3402777777777778 0.036328125
118 0.5 0.07109375 1.0 0.0765625
43 0.5 0.9013671875 0.9222222222222223 0.022265625
44 0.5 0.813671875 0.9222222222222223 0.065625
43 0.44131944444444443 0.14765625 0.40625 0.02578125
38 0.7027777777777777 0.153125 0.11666666666666667 0.065625
16 0.5 0.14765625 1.0 0.0765625
43 0.5 0.231640625 0.9222222222222223 0.02578125
38 0.2375 0.31796875 0.058333333333333334 0.0328125
16 0.27152777777777776 0.31796875 0.45416666666666666 0.09765625
4 0.5 0.31796875 0.002777777777777778 0.04921875
38 0.6944444444444444 0.31796875 0.058333333333333334 0.0328125
16 0.7284722222222222 0.31796875 0.45416666666666666 0.09765625
16 0.5 0.318359375 0.9222222222222223 0.10390625
43 0.5 0.416015625 0.9222222222222223 0.02578125
71 0.5 0.48359375 0.9222222222222223 0.065625
16 0.5 0.312890625 1.0 0.40703125
146 0.5 0.4451171875 1.0 0.671484375
8 0.5 0.521875 1.0 0.825
1238 0.5 0.89609375 1.0 0.0765625
38 0.16666666666666666 0.88515625 0.058333333333333334 0.0328125
43 0.16666666666666666 0.9134765625 0.275 0.022265625
50 0.16666666666666666 0.89609375 0.3333333333333333 0.0765625
38 0.5 0.88515625 0.058333333333333334 0.0328125
43 0.5 0.9134765625 0.275 0.022265625
50 0.5 0.89609375 0.3333333333333333 0.0765625
38 0.8333333333333334 0.882421875 0.058333333333333334 0.0328125
43 0.8333333333333334 0.91171875 0.275 0.02578125
50 0.8333333333333334 0.89609375 0.3333333333333333 0.0765625
38 0.10694444444444444 0.041796875 0.058333333333333334 0.01796875
43 0.47638888888888886 0.0400390625 0.525 0.014453125
8 0.3888888888888889 0.05 0.7777777777777778 0.034375
38 0.10694444444444444 0.1 0.058333333333333334 0.0328125
43 0.47638888888888886 0.1 0.525 0.02578125
8 0.3888888888888889 0.1 0.7777777777777778 0.065625
43 0.09722222222222222 0.1671875 0.1361111111111111 0.065625
16 0.3888888888888889 0.16640625 0.7777777777777778 0.0671875
38 0.06805555555555555 0.2328125 0.058333333333333334 0.0328125
43 0.45694444444444443 0.2328125 0.5638888888888889 0.02578125
8 0.3888888888888889 0.2328125 0.7777777777777778 0.065625
38 0.06805555555555555 0.2984375 0.058333333333333334 0.0328125
43 0.45694444444444443 0.2984375 0.5638888888888889 0.02578125
8 0.3888888888888889 0.2984375 0.7777777777777778 0.065625
38 0.06805555555555555 0.3640625 0.058333333333333334 0.0328125
43 0.45694444444444443 0.3640625 0.5638888888888889 0.02578125
8 0.3888888888888889 0.3640625 0.7777777777777778 0.065625
38 0.06805555555555555 0.4296875 0.058333333333333334 0.0328125
43 0.45694444444444443 0.4296875 0.5638888888888889 0.02578125
8 0.3888888888888889 0.4296875 0.7777777777777778 0.065625
38 0.06805555555555555 0.4953125 0.058333333333333334 0.0328125
43 0.45694444444444443 0.4953125 0.5638888888888889 0.02578125
8 0.3888888888888889 0.4953125 0.7777777777777778 0.065625
43 0.08020833333333334 0.5625 0.10208333333333333 0.065625
16 0.3888888888888889 0.56171875 0.7777777777777778 0.0671875
38 0.06805555555555555 0.628125 0.058333333333333334 0.0328125
38 0.7291666666666666 0.628125 0.019444444444444445 0.0109375
43 0.3888888888888889 0.628125 0.42777777777777776 0.02578125
8 0.3888888888888889 0.628125 0.7777777777777778 0.065625
38 0.06805555555555555 0.69375 0.058333333333333334 0.0328125
43 0.45694444444444443 0.69375 0.5638888888888889 0.02578125
8 0.3888888888888889 0.69375 0.7777777777777778 0.065625
38 0.06805555555555555 0.759375 0.058333333333333334 0.0328125
38 0.7291666666666666 0.759375 0.019444444444444445 0.0109375
43 0.3888888888888889 0.759375 0.42777777777777776 0.02578125
8 0.3888888888888889 0.759375 0.7777777777777778 0.065625
38 0.06805555555555555 0.825 0.058333333333333334 0.0328125
43 0.45694444444444443 0.825 0.5638888888888889 0.02578125
8 0.3888888888888889 0.825 0.7777777777777778 0.065625
38 0.06805555555555555 0.890625 0.058333333333333334 0.0328125
43 0.45694444444444443 0.890625 0.5638888888888889 0.02578125
8 0.3888888888888889 0.890625 0.7777777777777778 0.065625
106 0.3888888888888889 0.48359375 0.7777777777777778 0.9015625
5 0.5 0.5 1.0 1.0
4 0.5 0.9671875 1.0 0.065625
