1504 0.0 0.0328125 0.0 0.0
1505 0.5 0.065625 0.2916666666666667 0.06015625
1506 0.058333333333333334 0.065625 0.11666666666666667 0.065625
1506 0.17569444444444443 0.065625 0.11666666666666667 0.065625
1505 0.8815972222222223 0.0654296875 0.07291666666666667 0.041015625
1507 0.9527777777777777 0.065625 0.06944444444444445 0.0296875
1508 0.5 0.065625 1.0 0.065625
1509 0.5 0.111328125 0.09722222222222222 0.02578125
1507 0.9104166666666667 0.1111328125 0.1638888888888889 0.022265625
1508 0.5 0.111328125 1.0 0.02578125
1200 0.5 0.9001953125 0.7777777777777778 0.068359375
7 0.0 0.866015625 0.0 0.0
1510 0.5 0.9001953125 1.0 0.068359375
19 0.5 0.479296875 0.18472222222222223 0.10390625
7 0.5 0.546875 0.1527777777777778 0.03125
1511 0.5 0.4951171875 1.0 0.741796875
1511 0.5 0.282421875 1.0 0.31640625
6 0.0 0.12421875 0.0 0.0
19 0.5 0.282421875 0.18472222222222223 0.10390625
1512 0.5 0.6533203125 1.0 0.425390625
1505 0.9416666666666667 0.4802734375 0.11666666666666667 0.079296875
1505 0.8833333333333333 0.440625 0.0 0.0
1511 0.0 0.4951171875 0.0 0.741796875
1513 0.0 0.4611328125 0.0 0.041015625
1511 0.0 0.282421875 0.0 0.31640625
19 0.20381944444444444 0.282421875 0.4076388888888889 0.10390625
1512 0.0 0.673828125 0.0 0.384375
1505 0.0 0.5212890625 0.0 0.079296875
1511 1.0 0.4951171875 0.0 0.741796875
1513 1.0 0.4611328125 0.0 0.041015625
1511 1.0 0.282421875 0.0 0.31640625
6 1.0 0.12421875 0.0 0.0
6 0.5 0.12421875 1.0 0.0
19 0.7961805555555556 0.282421875 0.4076388888888889 0.10390625
1512 1.0 0.673828125 0.0 0.384375
1508 0.5 0.48359375 1.0 0.9015625
4 0.5 0.9671875 1.0 0.065625
4 0.5 0.01640625 1.0 0.0328125
5 0.5 0.5 1.0 1.0
