8 0.0 0.1515625 0.0 0.0
7 0.5003472222222223 0.125 0.18125 0.02578125
7 0.9347222222222222 0.125 0.13055555555555556 0.02578125
532 0.5 0.125 1.0 0.053125
1514 0.5 0.51640625 1.0 0.8359375
7 0.5 0.2091796875 1.0 0.060546875
7 0.5 0.5869140625 1.0 0.694921875
1515 1.0 0.1515625 0.0 0.0
8 1.0 0.54296875 0.0 0.7828125
7 1.0 0.2091796875 0.0 0.060546875
7 1.0 0.5869140625 0.0 0.694921875
1515 0.0 0.934375 0.0 0.0
8 0.5 0.934375 1.0 0.0
54 0.044097222222222225 0.065625 0.08819444444444445 0.065625
16 0.19583333333333333 0.0654296875 0.2152777777777778 0.033203125
7 0.08819444444444445 0.048828125 0.0 0.0
16 0.1517361111111111 0.065625 0.3034722222222222 0.065625
55 1.0 0.065625 0.0 0.065625
56 0.5 0.065625 1.0 0.065625
57 0.0 0.0328125 0.0 0.0
53 0.5 0.4671875 1.0 0.934375
