8 0.125 0.891015625 0.25 0.08671875
6 0.375 0.891015625 0.25 0.08671875
8 0.125 0.0 0.25 0.0
6 0.625 0.891015625 0.25 0.08671875
206 0.5 0.51640625 1.0 0.8359375
8 0.875 0.891015625 0.25 0.08671875
16 0.5 0.891015625 1.0 0.08671875
206 0.0 0.0984375 0.0 0.0
206 0.5 0.473046875 1.0 0.74921875
19 0.5 0.378515625 0.12083333333333333 0.06796875
57 0.0 0.0328125 0.0 0.0
54 0.06875 0.065625 0.09722222222222222 0.065625
16 0.20833333333333334 0.0654296875 0.18194444444444444 0.033203125
7 0.11736111111111111 0.048828125 0.0 0.0
16 0.1597222222222222 0.065625 0.2791666666666667 0.065625
55 1.0 0.065625 0.0 0.065625
56 0.5 0.065625 1.0 0.065625
56 0.0 0.0 0.0 0.0
53 0.5 0.4671875 1.0 0.934375
