17 0.0 0.0328125 0.0 0.0
38 0.49027777777777776 0.07109375 0.2916666666666667 0.065625
52 0.06805555555555555 0.07109375 0.1361111111111111 0.0765625
173 0.9513888888888888 0.07109375 0.09722222222222222 0.065625
80 0.5 0.07109375 1.0 0.0765625
1516 0.0 0.109375 0.0 0.0
106 1.0 0.4876953125 0.0 0.756640625
192 1.0 0.109375 0.0 0.0
50 1.0 0.267578125 0.0 0.31640625
1517 0.5 0.267578125 1.0 0.31640625
19 0.5 0.267578125 0.11666666666666667 0.065625
1518 0.4996527777777778 0.441796875 0.12291666666666666 0.03203125
192 0.1451388888888889 0.50703125 0.19305555555555556 0.0328125
192 0.5 0.5830078125 0.9027777777777778 0.119140625
192 0.5 0.69921875 0.9027777777777778 0.03203125
192 0.5 0.7435546875 0.9027777777777778 0.056640625
16 0.5 0.61484375 0.9027777777777778 0.3140625
12 0.5 0.8189453125 0.9027777777777778 0.094140625
106 0.5 0.4876953125 1.0 0.756640625
44 0.0 0.30546875 0.0 0.0
44 0.3267361111111111 0.346484375 0.17291666666666666 0.07109375
44 0.4996527777777778 0.346484375 0.17291666666666666 0.07109375
44 0.6725694444444444 0.346484375 0.17291666666666666 0.07109375
16 0.5 0.365625 1.0 0.1203125
43 0.009722222222222222 0.39765625 0.019444444444444445 0.03125
654 0.5 0.40390625 0.9611111111111111 0.04375
43 0.9902777777777778 0.39765625 0.019444444444444445 0.03125
44 0.9364583333333333 0.3412109375 0.12152777777777778 0.068359375
44 0.06215277777777778 0.3458984375 0.08541666666666667 0.048046875
195 0.5 0.9001953125 0.7777777777777778 0.068359375
196 0.5 0.9001953125 1.0 0.068359375
34 0.5 0.48359375 1.0 0.9015625
4 0.5 0.9671875 1.0 0.065625
4 0.5 0.01640625 1.0 0.0328125
5 0.5 0.5 1.0 1.0
