17 0.0 0.0 0.0 0.0
43 0.5 0.2759765625 1.0 0.073828125
38 0.24965277777777778 0.3908203125 0.1701388888888889 0.095703125
43 0.24965277777777778 0.4765625 0.13125 0.04296875
16 0.25 0.4123046875 0.5 0.171484375
38 0.7496527777777777 0.3908203125 0.1701388888888889 0.095703125
43 0.7496527777777777 0.4765625 0.15208333333333332 0.04296875
16 0.75 0.4123046875 0.5 0.171484375
16 0.5 0.4123046875 1.0 0.171484375
654 0.5 0.5376953125 0.9416666666666667 0.024609375
43 0.5 0.6033203125 1.0 0.073828125
16 0.5 0.4396484375 1.0 0.401171875
8 0.5 0.9001953125 1.0 0.068359375
38 0.08993055555555556 0.8154296875 0.14097222222222222 0.079296875
38 0.9100694444444445 0.8154296875 0.14097222222222222 0.079296875
5 0.5 0.5 1.0 1.0
38 1.0 0.08203125 0.0 0.1640625
16 1.0 0.2806640625 0.0 0.066015625
16 1.0 0.3462890625 0.0 0.066015625
16 1.0 0.390625 0.0 0.0234375
16 1.0 0.46796875 0.0 0.0
16 1.0 0.53359375 0.0 0.0
16 1.0 0.59921875 0.0 0.0
16 1.0 0.6322265625 0.0 0.066015625
10 1.0 0.585546875 0.0 0.69765625
1214 1.0 0.0 0.0 0.0
16 1.0 0.4671875 0.0 0.934375
4 0.5 0.9671875 1.0 0.065625
4 0.5 0.0 1.0 0.0
