0 0.0 0.0 0.0 0.0
5 0.5 0.4671875 1.0 0.934375
7 0.25625 0.0251953125 0.4875 0.036328125
7 0.74375 0.0251953125 0.4875 0.036328125
16 0.5 0.0251953125 0.975 0.036328125
6 0.16666666666666666 0.1470703125 0.3333333333333333 0.207421875
6 0.5 0.1470703125 0.3333333333333333 0.207421875
6 0.8333333333333334 0.1470703125 0.3333333333333333 0.207421875
16 0.5 0.1470703125 1.0 0.207421875
6 0.16666666666666666 0.3544921875 0.3333333333333333 0.207421875
6 0.5 0.3544921875 0.3333333333333333 0.207421875
6 0.8333333333333334 0.3544921875 0.3333333333333333 0.207421875
16 0.5 0.3544921875 1.0 0.207421875
6 0.16666666666666666 0.5619140625 0.3333333333333333 0.207421875
6 0.5 0.5619140625 0.3333333333333333 0.207421875
6 0.8333333333333334 0.5619140625 0.3333333333333333 0.207421875
16 0.5 0.5619140625 1.0 0.207421875
6 0.16666666666666666 0.7693359375 0.3333333333333333 0.207421875
6 0.5 0.7693359375 0.3333333333333333 0.207421875
6 0.8333333333333334 0.7693359375 0.3333333333333333 0.207421875
16 0.5 0.7693359375 1.0 0.207421875
112 0.5 0.8974609375 1.0 0.068359375
