36 0.0 0.0328125 0.0 0.0
43 0.0 0.109375 0.0 0.0
46 0.5 0.07109375 1.0 0.0765625
43 0.5 0.1923828125 1.0 0.087890625
4 0.5 0.2376953125 1.0 0.002734375
42 0.5 0.48359375 1.0 0.9015625
8 0.0 0.1642578125 0.0 0.109765625
8 0.0 0.26015625 0.0 0.08203125
8 0.0 0.34375 0.0 0.08203125
8 0.0 0.42734375 0.0 0.08203125
8 0.0 0.5109375 0.0 0.08203125
10 0.0 0.5357421875 0.0 0.633203125
4 0.0 0.8537109375 0.0 0.002734375
8 0.0 0.893359375 0.0 0.08203125
16 0.0 0.521875 0.0 0.825
7 0.24131944444444445 0.07109375 0.1909722222222222 0.0390625
52 0.06805555555555555 0.07109375 0.1361111111111111 0.0765625
5 0.5 0.5 1.0 1.0
4 0.5 0.9671875 1.0 0.065625
4 0.5 0.01640625 1.0 0.0328125
