8 0.0 0.0328125 0.0 0.0
1519 0.49930555555555556 0.483203125 0.9986111111111111 0.90078125
1520 0.05763888888888889 0.0669921875 0.11527777777777778 0.068359375
1521 0.4996527777777778 0.0669921875 0.5381944444444444 0.068359375
1520 0.76875 0.0328125 0.0 0.0
1520 0.9423611111111111 0.0669921875 0.11527777777777778 0.068359375
16 0.5 0.0669921875 1.0 0.068359375
4 0.02361111111111111 0.17890625 0.04722222222222222 0.06171875
1521 0.07430555555555556 0.18671875 0.04861111111111111 0.02734375
1522 0.5479166666666667 0.17890625 0.9041666666666667 0.06171875
1522 0.5493055555555556 0.23046875 0.9013888888888889 0.02578125
16 0.5 0.210546875 1.0 0.109375
4 0.02361111111111111 0.28828125 0.04722222222222222 0.06171875
1521 0.07430555555555556 0.29609375 0.04861111111111111 0.02734375
1522 0.5479166666666667 0.28828125 0.9041666666666667 0.06171875
1522 0.5493055555555556 0.33984375 0.9013888888888889 0.02578125
16 0.5 0.2884765625 1.0 0.124609375
4 0.02361111111111111 0.39765625 0.04722222222222222 0.06171875
1521 0.07430555555555556 0.40546875 0.04861111111111111 0.02734375
1522 0.5479166666666667 0.39765625 0.9041666666666667 0.06171875
1522 0.5493055555555556 0.44921875 0.9013888888888889 0.02578125
16 0.5 0.4134765625 1.0 0.124609375
4 0.02361111111111111 0.50703125 0.04722222222222222 0.06171875
1521 0.07430555555555556 0.51484375 0.04861111111111111 0.02734375
1522 0.5479166666666667 0.50703125 0.9041666666666667 0.06171875
1522 0.5493055555555556 0.55859375 0.9013888888888889 0.02578125
16 0.5 0.5384765625 1.0 0.124609375
16 0.5 0.374609375 1.0 0.4375
1523 0.5 0.48359375 1.0 0.76484375
1523 0.0 0.101171875 0.0 0.0
1524 0.5340277777777778 0.8681640625 0.625 0.004296875
1525 0.0 0.8701171875 0.0 0.008203125
1526 0.49930555555555556 0.8994140625 0.9986111111111111 0.068359375
4 0.02361111111111111 0.61640625 0.04722222222222222 0.06171875
1522 0.5479166666666667 0.61640625 0.9041666666666667 0.06171875
50 0.5 0.61640625 1.0 0.109375
4 0.02361111111111111 0.72578125 0.04722222222222222 0.06171875
1522 0.5479166666666667 0.72578125 0.9041666666666667 0.06171875
1527 0.5 0.7634765625 1.0 0.068359375
4 0.02361111111111111 0.83515625 0.04722222222222222 0.06171875
1522 0.5479166666666667 0.83515625 0.9041666666666667 0.06171875
1525 0.11076388888888888 0.1634765625 0.16319444444444445 0.091796875
1528 0.37083333333333335 0.133203125 0.2986111111111111 0.02578125
1521 0.565625 0.1279296875 0.027083333333333334 0.015234375
1522 0.22152777777777777 0.1203125 0.0 0.0
1524 0.5340277777777778 0.1634765625 0.625 0.086328125
1522 0.5340277777777778 0.1763671875 0.625 0.060546875
1521 0.9232638888888889 0.1634765625 0.15347222222222223 0.091796875
16 0.5 0.1634765625 1.0 0.124609375
1525 0.11076388888888888 0.2884765625 0.16319444444444445 0.091796875
1528 0.3840277777777778 0.258203125 0.325 0.02578125
1522 0.5489583333333333 0.258203125 0.004861111111111111 0.02578125
1521 0.22152777777777777 0.2453125 0.0 0.0
1524 0.5340277777777778 0.2884765625 0.625 0.086328125
1522 0.5340277777777778 0.3013671875 0.625 0.060546875
1521 0.9232638888888889 0.2884765625 0.15347222222222223 0.091796875
1525 0.11076388888888888 0.4134765625 0.16319444444444445 0.091796875
1522 0.353125 0.383203125 0.004861111111111111 0.02578125
1521 0.22152777777777777 0.3703125 0.0 0.0
1524 0.5340277777777778 0.4134765625 0.625 0.086328125
1522 0.5340277777777778 0.4263671875 0.625 0.060546875
1521 0.9232638888888889 0.4134765625 0.15347222222222223 0.091796875
1525 0.11076388888888888 0.5384765625 0.16319444444444445 0.091796875
1528 0.3527777777777778 0.508203125 0.2625 0.02578125
1522 0.4864583333333333 0.508203125 0.004861111111111111 0.02578125
1521 0.22152777777777777 0.4953125 0.0 0.0
1524 0.5340277777777778 0.5384765625 0.625 0.086328125
1522 0.5340277777777778 0.5513671875 0.625 0.060546875
1521 0.9232638888888889 0.5384765625 0.15347222222222223 0.091796875
1525 0.11076388888888888 0.6634765625 0.16319444444444445 0.091796875
1528 0.3923611111111111 0.633203125 0.3416666666666667 0.02578125
1522 0.565625 0.633203125 0.004861111111111111 0.02578125
1521 0.22152777777777777 0.6203125 0.0 0.0
1524 0.5340277777777778 0.6634765625 0.625 0.086328125
1522 0.5340277777777778 0.6763671875 0.625 0.060546875
1521 0.9232638888888889 0.6634765625 0.15347222222222223 0.091796875
16 0.5 0.6634765625 1.0 0.124609375
1525 0.11076388888888888 0.7884765625 0.16319444444444445 0.091796875
1522 0.3 0.76875 0.2 0.08203125
1522 0.40034722222222224 0.758203125 0.004861111111111111 0.02578125
1521 0.22152777777777777 0.7453125 0.0 0.0
1524 0.5340277777777778 0.7884765625 0.625 0.086328125
1522 0.5340277777777778 0.8013671875 0.625 0.060546875
1521 0.9232638888888889 0.7884765625 0.15347222222222223 0.091796875
1529 0.5 0.76875 1.0 0.08203125
1525 0.11076388888888888 0.866796875 0.16319444444444445 0.0015625
1528 0.35208333333333336 0.8681640625 0.2611111111111111 0.004296875
1521 0.47256944444444443 0.8904296875 0.027083333333333334 0.015234375
1521 0.22152777777777777 0.8681640625 0.0 0.004296875
1521 0.9232638888888889 0.866796875 0.15347222222222223 0.0015625
1530 0.5 0.517578125 0.11666666666666667 0.065625
1521 0.05625 0.89921875 0.03888888888888889 0.021875
1528 0.2590277777777778 0.8994140625 0.33611111111111114 0.033203125
1521 0.44548611111111114 0.8904296875 0.027083333333333334 0.015234375
1531 0.5104166666666666 0.8994140625 0.8388888888888889 0.033203125
1520 0.9579861111111111 0.8994140625 0.05625 0.031640625
1532 0.49930555555555556 0.9505859375 0.9986111111111111 0.033984375
1532 0.0 0.9505859375 0.0 0.033984375
1522 0.1 0.965234375 0.0 0.06328125
1522 0.32013888888888886 0.965234375 0.44027777777777777 0.06328125
1521 0.5538194444444444 0.965234375 0.027083333333333334 0.06328125
16 0.525 0.965234375 0.85 0.06328125
1520 0.8951388888888889 0.965234375 0.10972222222222222 0.06328125
1532 0.9993055555555556 0.9505859375 0.001388888888888889 0.033984375
1522 0.4996527777777778 0.6904296875 0.36180555555555555 0.036328125
1521 0.31875 0.672265625 0.0 0.0
16 0.5 0.8037109375 1.0 0.261328125
1521 0.5 0.67421875 0.0 0.0
1522 0.5 0.7150390625 0.225 0.022265625
16 0.5 0.7001953125 0.9319444444444445 0.051953125
1522 0.5 0.76875 0.2 0.08203125
1522 0.7 0.76875 0.2 0.08203125
4 0.10069444444444445 0.76875 0.001388888888888889 0.08203125
1521 0.0 0.8720703125 0.0 0.091796875
1525 0.11076388888888888 0.8720703125 0.16319444444444445 0.091796875
1521 0.23125 0.82890625 0.0 0.0
1524 0.5340277777777778 0.8720703125 0.625 0.086328125
1522 0.5340277777777778 0.8849609375 0.625 0.060546875
1521 0.9232638888888889 0.8720703125 0.15347222222222223 0.091796875
1533 0.5 0.8720703125 1.0 0.124609375
16 1.0 0.8720703125 0.0 0.124609375
4 0.5 0.01640625 1.0 0.0328125
5 0.5 0.5 1.0 1.0
