17 0.0 0.0 0.0 0.0
44 0.06840277777777778 0.07109375 0.13680555555555557 0.0765625
45 1.0 0.07109375 0.0 0.0765625
43 0.23854166666666668 0.0708984375 0.12708333333333333 0.036328125
80 0.5 0.07109375 1.0 0.0765625
1534 0.0 0.109375 0.0 0.0
43 0.11979166666666667 0.1421875 0.18125 0.02578125
38 0.23958333333333334 0.109375 0.0 0.0
43 0.36944444444444446 0.1421875 0.2013888888888889 0.02578125
38 0.49930555555555556 0.109375 0.0 0.0
43 0.615625 0.1421875 0.17430555555555555 0.02578125
38 0.7319444444444444 0.109375 0.0 0.0
43 0.8600694444444444 0.1421875 0.19791666666666666 0.02578125
1156 0.5 0.1421875 1.0 0.065625
1535 0.5 0.175 0.09722222222222222 0.0
38 0.13125 0.2609375 0.18472222222222223 0.10390625
1536 0.19930555555555557 0.294921875 0.07777777777777778 0.04375
4 0.13159722222222223 0.1919921875 0.004861111111111111 0.033984375
4 0.13159722222222223 0.3642578125 0.004861111111111111 0.033984375
43 0.5013888888888889 0.2466796875 0.4875 0.031640625
38 0.25763888888888886 0.230859375 0.0 0.0
38 0.35520833333333335 0.2763671875 0.027083333333333334 0.019140625
16 0.5850694444444444 0.2609375 0.6548611111111111 0.06015625
44 0.9465277777777777 0.23125 0.06805555555555555 0.04375
16 0.5 0.2611328125 1.0 0.172265625
38 0.13125 0.433203125 0.18472222222222223 0.10390625
1536 0.19930555555555557 0.4671875 0.07777777777777778 0.04375
4 0.13159722222222223 0.5365234375 0.004861111111111111 0.033984375
43 0.5850694444444444 0.419140625 0.6548611111111111 0.059375
38 0.25763888888888886 0.389453125 0.0 0.0
38 0.35520833333333335 0.4626953125 0.027083333333333334 0.019140625
16 0.5850694444444444 0.464453125 0.6548611111111111 0.02578125
44 0.9465277777777777 0.403515625 0.06805555555555555 0.04375
16 0.5 0.4333984375 1.0 0.172265625
38 0.13125 0.60546875 0.18472222222222223 0.10390625
1536 0.19930555555555557 0.639453125 0.07777777777777778 0.04375
4 0.13159722222222223 0.7087890625 0.004861111111111111 0.033984375
43 0.5420138888888889 0.5912109375 0.56875 0.031640625
38 0.25763888888888886 0.575390625 0.0 0.0
38 0.35520833333333335 0.6208984375 0.027083333333333334 0.019140625
16 0.5850694444444444 0.62265625 0.6548611111111111 0.02578125
44 0.9465277777777777 0.57578125 0.06805555555555555 0.04375
16 0.5 0.6056640625 1.0 0.172265625
38 0.13125 0.777734375 0.18472222222222223 0.10390625
1536 0.19930555555555557 0.81171875 0.07777777777777778 0.04375
4 0.13159722222222223 0.8810546875 0.004861111111111111 0.033984375
43 0.5850694444444444 0.763671875 0.6548611111111111 0.059375
38 0.25763888888888886 0.733984375 0.0 0.0
38 0.35520833333333335 0.8072265625 0.027083333333333334 0.019140625
16 0.5850694444444444 0.808984375 0.6548611111111111 0.02578125
44 0.9465277777777777 0.748046875 0.06805555555555555 0.04375
16 0.5 0.7779296875 1.0 0.172265625
38 0.13125 0.9162109375 0.18472222222222223 0.036328125
1536 0.19930555555555557 0.9482421875 0.07777777777777778 0.027734375
43 0.5135416666666667 0.9271484375 0.5118055555555555 0.014453125
38 0.25763888888888886 0.919921875 0.0 0.0
38 0.35520833333333335 0.9451171875 0.027083333333333334 0.021484375
16 0.5850694444444444 0.9271484375 0.6548611111111111 0.014453125
44 0.9465277777777777 0.91640625 0.06805555555555555 0.0359375
16 0.5 0.89921875 1.0 0.0703125
1537 0.5 0.5546875 1.0 0.759375
139 0.5 0.4671875 1.0 0.934375
38 0.0 0.1158203125 0.0 0.231640625
82 0.0 0.275390625 0.0 0.065625
82 0.0 0.341015625 0.0 0.065625
82 0.0 0.406640625 0.0 0.065625
82 0.0 0.472265625 0.0 0.065625
82 0.0 0.537890625 0.0 0.065625
82 0.0 0.603515625 0.0 0.065625
82 0.0 0.669140625 0.0 0.065625
82 0.0 0.734765625 0.0 0.065625
82 0.0 0.800390625 0.0 0.065625
82 0.0 0.866015625 0.0 0.065625
266 0.0 0.4671875 0.0 0.934375
4 0.5 0.9671875 1.0 0.065625
5 0.5 0.5 1.0 1.0
