38 0.0 0.0328125 0.0 0.0
1538 0.0 0.10390625 0.0 0.0
1538 0.13854166666666667 0.1666015625 0.2673611111111111 0.025390625
1539 0.1388888888888889 0.212109375 0.044444444444444446 0.06015625
16 0.2881944444444444 0.198046875 0.5763888888888888 0.08828125
1538 0.4996527777777778 0.1666015625 0.18958333333333333 0.025390625
1539 0.5 0.212109375 0.22916666666666666 0.06015625
1538 0.5 0.219140625 1.0 0.0765625
1538 0.8607638888888889 0.1666015625 0.22152777777777777 0.025390625
1539 0.8607638888888889 0.212109375 0.11041666666666666 0.06015625
16 0.7118055555555556 0.198046875 0.5763888888888888 0.08828125
4 0.001388888888888889 0.274609375 0.002777777777777778 0.05
1538 0.5 0.3826171875 0.22361111111111112 0.027734375
1538 0.5 0.454296875 0.08194444444444444 0.115625
1538 0.5 0.528125 0.16944444444444445 0.02421875
1538 0.4996527777777778 0.565234375 0.23541666666666666 0.02421875
1540 0.5 0.4453125 0.5347222222222222 0.2828125
1538 0.4996527777777778 0.4501953125 0.16319444444444445 0.037890625
8 0.5 0.4431640625 0.7069444444444445 0.287109375
38 0.02013888888888889 0.4431640625 0.04027777777777778 0.278515625
38 0.9795138888888889 0.4431640625 0.04097222222222222 0.278515625
1541 0.5 0.4431640625 1.0 0.287109375
4 0.001388888888888889 0.61171875 0.002777777777777778 0.05
1538 0.5 0.6517578125 0.26805555555555555 0.029296875
1538 0.4996527777777778 0.70078125 0.06597222222222222 0.0546875
1538 0.5 0.7146484375 0.6708333333333333 0.041796875
38 0.3177083333333333 0.68828125 0.30625 0.0015625
38 0.6822916666666666 0.68828125 0.30625 0.0015625
8 0.5 0.669921875 1.0 0.196875
38 0.9319444444444445 0.615234375 0.11666666666666667 0.065625
16 0.5 0.7095703125 1.0 0.117578125
1538 0.4996527777777778 0.748046875 0.16180555555555556 0.02578125
4 0.001388888888888889 0.780859375 0.002777777777777778 0.025
16 0.5 0.4486328125 1.0 0.689453125
1538 0.7180555555555556 0.0546875 0.03888888888888889 0.021875
38 0.9486111111111111 0.068359375 0.0875 0.04921875
1538 0.14618055555555556 0.068359375 0.2923611111111111 0.07109375
38 0.20972222222222223 0.0681640625 0.022222222222222223 0.005859375
1538 0.5 0.1421875 1.0 0.0765625
4 1.0 0.10390625 0.0 0.0
1542 0.5 0.091015625 1.0 0.11640625
1543 0.5 0.2576171875 1.0 0.307421875
38 0.07152777777777777 0.1421875 0.059722222222222225 0.03359375
4 0.5 0.1806640625 1.0 0.000390625
38 0.07152777777777777 0.219140625 0.059722222222222225 0.03359375
1538 0.5 0.29609375 1.0 0.0765625
38 0.07152777777777777 0.29609375 0.059722222222222225 0.03359375
38 0.07222222222222222 0.37265625 0.06111111111111111 0.034375
1538 0.5 0.37265625 1.0 0.0765625
38 0.5 0.4189453125 1.0 0.016015625
1544 0.8288194444444444 0.0677734375 0.10347222222222222 0.058203125
34 0.5 0.48359375 1.0 0.9015625
16 0.5 0.829296875 1.0 0.07109375
38 0.4996527777777778 0.8283203125 0.08125 0.045703125
38 0.09965277777777778 0.8220703125 0.08125 0.045703125
1538 0.09965277777777778 0.8501953125 0.034027777777777775 0.018359375
16 0.1 0.83203125 0.2 0.065625
1538 0.3 0.8501953125 0.075 0.018359375
16 0.3 0.83203125 0.2 0.065625
1538 0.4 0.79921875 0.0 0.0
1538 0.7 0.8501953125 0.06111111111111111 0.018359375
16 0.7 0.83203125 0.2 0.065625
1538 0.8993055555555556 0.8501953125 0.08055555555555556 0.018359375
16 0.8996527777777777 0.83203125 0.19930555555555557 0.065625
1545 0.5 0.8572265625 1.0 0.154296875
117 0.5 0.9001953125 1.0 0.068359375
38 0.9621527777777777 0.8990234375 0.07569444444444444 0.042578125
4 0.5 0.9671875 1.0 0.065625
4 0.5 0.01640625 1.0 0.0328125
5 0.5 0.5 1.0 1.0
