0 0.0 0.0 0.0 0.0
6 0.125 0.0609375 0.06111111111111111 0.034375
7 0.125 0.0900390625 0.09722222222222222 0.018359375
16 0.125 0.0755859375 0.25 0.085546875
6 0.375 0.0609375 0.06111111111111111 0.034375
7 0.375 0.0900390625 0.10694444444444444 0.018359375
16 0.375 0.0755859375 0.25 0.085546875
6 0.625 0.0609375 0.06111111111111111 0.034375
16 0.625 0.0755859375 0.25 0.085546875
6 0.875 0.0609375 0.06111111111111111 0.034375
16 0.875 0.0755859375 0.25 0.085546875
1546 0.5 0.0755859375 1.0 0.085546875
50 0.0 0.141796875 0.0 0.0359375
1547 0.0 0.5470703125 0.0 0.774609375
4 0.5 0.124609375 1.0 0.0015625
6 0.05347222222222222 0.163671875 0.10694444444444444 0.0328125
1548 0.5534722222222223 0.1634765625 0.8930555555555556 0.028515625
16 0.5 0.163671875 1.0 0.0765625
6 0.05347222222222222 0.241796875 0.10694444444444444 0.0328125
1548 0.5534722222222223 0.2416015625 0.8930555555555556 0.028515625
16 0.5 0.241796875 1.0 0.0765625
6 0.05347222222222222 0.319921875 0.10694444444444444 0.0328125
1548 0.5534722222222223 0.3197265625 0.8930555555555556 0.028515625
16 0.5 0.319921875 1.0 0.0765625
6 0.05347222222222222 0.398046875 0.10694444444444444 0.0328125
1548 0.5534722222222223 0.3978515625 0.8930555555555556 0.028515625
16 0.5 0.398046875 1.0 0.0765625
6 0.05347222222222222 0.476171875 0.10694444444444444 0.0328125
1548 0.5534722222222223 0.4759765625 0.8930555555555556 0.028515625
16 0.5 0.476171875 1.0 0.0765625
6 0.05347222222222222 0.554296875 0.10694444444444444 0.0328125
1548 0.5534722222222223 0.5541015625 0.8930555555555556 0.028515625
16 0.5 0.554296875 1.0 0.0765625
6 0.05347222222222222 0.632421875 0.10694444444444444 0.0328125
1548 0.5534722222222223 0.6322265625 0.8930555555555556 0.028515625
16 0.5 0.632421875 1.0 0.0765625
6 0.05347222222222222 0.710546875 0.10694444444444444 0.0328125
1548 0.5534722222222223 0.7103515625 0.8930555555555556 0.028515625
16 0.5 0.710546875 1.0 0.0765625
10 0.5 0.437109375 1.0 0.6234375
88 0.5 0.5263671875 1.0 0.816015625
4 1.0 0.124609375 0.0 0.0015625
16 1.0 0.163671875 0.0 0.0765625
16 1.0 0.241796875 0.0 0.0765625
16 1.0 0.319921875 0.0 0.0765625
16 1.0 0.3966796875 0.0 0.073828125
16 1.0 0.4734375 0.0 0.0765625
16 1.0 0.5515625 0.0 0.0765625
10 1.0 0.3576171875 0.0 0.464453125
16 1.0 0.5263671875 0.0 0.816015625
5 0.5 0.4671875 1.0 0.934375
