17 0.0 0.0 0.0 0.0
7 0.31631944444444443 0.0708984375 0.2826388888888889 0.036328125
22 0.9416666666666667 0.07109375 0.11666666666666667 0.065625
1549 0.08819444444444445 0.076953125 0.09722222222222222 0.0546875
1550 0.5 0.0794921875 1.0 0.093359375
10 0.5 0.109765625 0.9597222222222223 0.0
43 0.5190972222222222 0.076953125 0.7354166666666667 0.0546875
38 0.02013888888888889 0.049609375 0.0 0.0
38 0.08819444444444445 0.076953125 0.058333333333333334 0.0328125
1551 0.5 0.530078125 0.11666666666666667 0.065625
38 0.5 0.154296875 1.0 0.05625
38 0.5 0.3533203125 1.0 0.341796875
43 0.5 0.4955078125 1.0 0.057421875
38 0.5 0.6951171875 1.0 0.341796875
43 0.5 0.8373046875 1.0 0.057421875
1552 0.5 0.49609375 1.0 0.73984375
1289 0.8861111111111111 0.8017578125 0.17916666666666667 0.101171875
7 0.6340277777777777 0.786328125 0.2861111111111111 0.03671875
1290 0.7329861111111111 0.6900390625 0.48541666666666666 0.324609375
117 0.5 0.9001953125 1.0 0.068359375
1503 0.5 0.4671875 1.0 0.934375
38 0.0 0.123046875 0.0 0.24609375
16 0.0 0.196875 0.0 0.0765625
4 0.0 0.246875 0.0 0.0015625
8 0.0 0.29140625 0.0 0.065625
8 0.0 0.35703125 0.0 0.065625
8 0.0 0.42265625 0.0 0.065625
8 0.0 0.48828125 0.0 0.065625
8 0.0 0.55390625 0.0 0.065625
8 0.0 0.61953125 0.0 0.065625
8 0.0 0.68515625 0.0 0.065625
8 0.0 0.75078125 0.0 0.065625
8 0.0 0.81640625 0.0 0.065625
8 0.0 0.88203125 0.0 0.065625
8 0.0 0.924609375 0.0 0.01953125
8 0.0 0.4671875 0.0 0.934375
4 0.5 0.9671875 1.0 0.065625
5 0.5 0.5 1.0 1.0
