17 0.0 0.0328125 0.0 0.0
38 0.5 0.372265625 0.12638888888888888 0.08203125
1553 0.5 0.4572265625 0.49583333333333335 0.033203125
1553 0.5 0.5013671875 0.49166666666666664 0.027734375
1554 0.3368055555555556 0.59609375 0.3013888888888889 0.065625
1554 0.6631944444444444 0.59609375 0.3013888888888889 0.065625
16 0.5 0.59609375 0.9513888888888888 0.0796875
34 0.5 0.48359375 1.0 0.9015625
1553 0.5 0.894921875 0.11944444444444445 0.02421875
4 0.5 0.9671875 1.0 0.065625
4 0.5 0.01640625 1.0 0.0328125
5 0.5 0.5 1.0 1.0
