61 0.0 0.0328125 0.0 0.0
43 0.5 0.13515625 0.9513888888888888 0.02421875
43 0.5 0.203125 0.9222222222222223 0.0296875
8 0.5 0.203125 1.0 0.084375
43 0.5 0.2890625 0.9222222222222223 0.0296875
8 0.5 0.2890625 1.0 0.084375
43 0.5 0.375 0.9222222222222223 0.0296875
8 0.5 0.375 1.0 0.084375
43 0.5 0.4609375 0.9222222222222223 0.0296875
8 0.5 0.4609375 1.0 0.084375
43 0.5 0.546875 0.9222222222222223 0.0296875
8 0.5 0.546875 1.0 0.084375
43 0.5 0.6328125 0.9222222222222223 0.0296875
8 0.5 0.6328125 1.0 0.084375
43 0.5 0.71875 0.9222222222222223 0.0296875
8 0.5 0.71875 1.0 0.084375
43 0.5 0.8046875 0.9222222222222223 0.0296875
8 0.5 0.8046875 1.0 0.084375
43 0.5 0.8708984375 0.9222222222222223 0.009765625
16 0.5 0.4876953125 1.0 0.756640625
112 0.5 0.9001953125 1.0 0.068359375
77 0.5 0.48359375 1.0 0.9015625
7 0.3545138888888889 0.0708984375 0.4173611111111111 0.036328125
52 0.06805555555555555 0.07109375 0.1361111111111111 0.0765625
45 1.0 0.07109375 0.0 0.0765625
74 0.5 0.07109375 1.0 0.0765625
5 0.5 0.5 1.0 1.0
4 0.5 0.9671875 1.0 0.065625
4 0.5 0.01640625 1.0 0.0328125
