0 0.0 0.0 0.0 0.0
6 0.2642361111111111 0.313671875 0.20902777777777778 0.13671875
7 0.6361111111111111 0.313671875 0.42777777777777776 0.13671875
16 0.5 0.313671875 0.7 0.13671875
114 0.4996527777777778 0.4333984375 0.3840277777777778 0.048046875
7 0.5 0.5724609375 0.43194444444444446 0.022265625
145 0.5 0.615234375 0.3388888888888889 0.04375
16 0.5 0.4412109375 1.0 0.391796875
8 0.5 0.4671875 1.0 0.934375
6 0.4996527777777778 0.89609375 0.6951388888888889 0.02734375
4 0.5 0.9671875 1.0 0.065625
5 0.5 0.5 1.0 1.0
