17 0.0 0.0328125 0.0 0.0
792 1.0 0.1830078125 0.0 0.300390625
43 1.0 0.4455078125 0.0 0.075390625
8 1.0 0.4833984375 0.0 0.300390625
264 1.0 0.783984375 0.0 0.30078125
16 1.0 0.48359375 0.0 0.9015625
38 0.4996527777777778 0.201171875 0.22569444444444445 0.065625
792 0.5 0.201171875 0.9027777777777778 0.28203125
4 0.5 0.483203125 0.0 0.0
43 0.5 0.4630859375 0.6513888888888889 0.040234375
43 0.4996527777777778 0.509765625 0.6229166666666667 0.02578125
8 0.5 0.4833984375 0.9027777777777778 0.282421875
71 0.4996527777777778 0.657421875 0.6770833333333334 0.065625
792 0.5 0.6951171875 0.9027777777777778 0.141015625
1556 0.5 0.48359375 1.0 0.9015625
4 0.5 0.9671875 1.0 0.065625
4 0.5 0.01640625 1.0 0.0328125
5 0.5 0.5 1.0 1.0
