114 0.0 0.0328125 0.0 0.0
52 0.05173611111111111 0.065625 0.10347222222222222 0.065625
7 0.18333333333333332 0.065625 0.1597222222222222 0.0296875
52 0.9194444444444444 0.065625 0.12638888888888888 0.065625
8 0.5 0.065625 1.0 0.065625
7 0.1111111111111111 0.1375 0.17083333333333334 0.02578125
7 0.5552083333333333 0.1375 0.7173611111111111 0.02578125
6 0.9440972222222223 0.1373046875 0.035416666666666666 0.019921875
1557 0.5 0.1380859375 1.0 0.079296875
7 0.10347222222222222 0.216796875 0.15555555555555556 0.02578125
7 0.5475694444444444 0.216796875 0.7326388888888888 0.02578125
6 0.9440972222222223 0.2166015625 0.035416666666666666 0.019921875
1557 0.5 0.2173828125 1.0 0.079296875
7 0.13090277777777778 0.29609375 0.21041666666666667 0.02578125
7 0.575 0.29609375 0.6777777777777778 0.02578125
6 0.9440972222222223 0.2958984375 0.035416666666666666 0.019921875
1557 0.5 0.29609375 0.9486111111111111 0.0546875
6 0.5 0.3314453125 0.6208333333333333 0.001953125
7 0.12048611111111111 0.366796875 0.18958333333333333 0.02578125
7 0.5645833333333333 0.366796875 0.6986111111111111 0.02578125
6 0.9440972222222223 0.3666015625 0.035416666666666666 0.019921875
1557 0.5 0.366796875 0.9486111111111111 0.0546875
1557 0.0 0.25703125 0.0 0.0
16 0.5 0.33203125 1.0 0.15
7 0.12256944444444444 0.457421875 0.19375 0.02578125
7 0.5666666666666667 0.457421875 0.6944444444444444 0.02578125
341 0.46979166666666666 0.4703125 0.8881944444444444 0.103125
342 0.025694444444444443 0.41875 0.0 0.0
7 0.12256944444444444 0.508984375 0.19375 0.02578125
7 0.5666666666666667 0.508984375 0.6944444444444444 0.02578125
342 0.46979166666666666 0.508984375 0.8881944444444444 0.02578125
6 0.9440972222222223 0.4701171875 0.035416666666666666 0.019921875
16 0.5 0.4708984375 1.0 0.127734375
7 0.10381944444444445 0.573828125 0.15625 0.02578125
7 0.5479166666666667 0.573828125 0.7319444444444444 0.02578125
6 0.9440972222222223 0.5736328125 0.035416666666666666 0.019921875
1557 0.5 0.5744140625 1.0 0.079296875
7 0.07118055555555555 0.653125 0.09097222222222222 0.02578125
7 0.5152777777777777 0.653125 0.7972222222222223 0.02578125
6 0.9440972222222223 0.6529296875 0.035416666666666666 0.019921875
1557 0.5 0.6537109375 1.0 0.079296875
1558 0.5 0.7734375 0.24305555555555555 0.13671875
114 0.26284722222222223 0.851171875 0.46458333333333335 0.01328125
114 0.7371527777777778 0.851171875 0.46458333333333335 0.01328125
16 0.5 0.8888671875 0.9486111111111111 0.062109375
1559 0.5 0.7755859375 1.0 0.164453125
7 0.09479166666666666 0.89609375 0.13819444444444445 0.0765625
7 0.5388888888888889 0.89609375 0.75 0.0765625
6 0.9440972222222223 0.8974609375 0.035416666666666666 0.079296875
1557 0.5 0.8830078125 1.0 0.050390625
1557 0.5 0.928515625 0.9486111111111111 0.14140625
1560 0.0 0.0984375 0.0 0.0
16 0.5 0.478125 1.0 0.759375
114 0.5 0.89609375 0.9513888888888888 0.065625
5 0.5 0.4671875 1.0 0.934375
