19 0.5 0.161328125 0.18472222222222223 0.12578125
16 0.5 0.1369140625 1.0 0.076953125
7 0.9319444444444445 0.1390625 0.09722222222222222 0.03671875
16 0.5 0.2146484375 1.0 0.076953125
7 0.9319444444444445 0.216796875 0.09722222222222222 0.03671875
16 0.5 0.2923828125 1.0 0.076953125
7 0.9416666666666667 0.29453125 0.07777777777777778 0.03671875
16 0.5 0.3701171875 1.0 0.076953125
7 0.9319444444444445 0.372265625 0.09722222222222222 0.03671875
16 0.5 0.4478515625 1.0 0.076953125
7 0.9319444444444445 0.45 0.09722222222222222 0.03671875
16 0.5 0.5255859375 1.0 0.076953125
7 0.9319444444444445 0.527734375 0.09722222222222222 0.03671875
16 0.5 0.6033203125 1.0 0.076953125
7 0.9319444444444445 0.60546875 0.09722222222222222 0.03671875
16 0.5 0.6810546875 1.0 0.076953125
7 0.9416666666666667 0.683203125 0.07777777777777778 0.03671875
16 0.5 0.7587890625 1.0 0.076953125
7 0.9416666666666667 0.7609375 0.07777777777777778 0.03671875
16 0.5 0.8365234375 1.0 0.076953125
7 0.9319444444444445 0.838671875 0.09722222222222222 0.03671875
16 0.5 0.905078125 1.0 0.05859375
7 0.9319444444444445 0.9162109375 0.09722222222222222 0.036328125
1562 0.5 0.51640625 1.0 0.8359375
7 0.0 0.1369140625 0.0 0.076953125
7 0.0 0.2154296875 0.0 0.076953125
7 0.0 0.2939453125 0.0 0.076953125
7 0.0 0.3724609375 0.0 0.076953125
7 0.0 0.4509765625 0.0 0.076953125
7 0.0 0.5294921875 0.0 0.076953125
7 0.0 0.6080078125 0.0 0.076953125
7 0.0 0.6865234375 0.0 0.076953125
7 0.0 0.7650390625 0.0 0.076953125
6 0.0 0.8697265625 0.0 0.129296875
10 0.0 0.51640625 0.0 0.8359375
6 0.06875 0.065625 0.07777777777777778 0.04375
54 0.058680555555555555 0.065625 0.11736111111111111 0.065625
16 0.19166666666666668 0.0654296875 0.1486111111111111 0.033203125
7 0.11736111111111111 0.048828125 0.0 0.0
16 0.1329861111111111 0.065625 0.2659722222222222 0.065625
143 0.7958333333333333 0.065625 0.1361111111111111 0.065625
143 0.9319444444444445 0.065625 0.1361111111111111 0.065625
56 0.5 0.065625 1.0 0.065625
57 0.0 0.0328125 0.0 0.0
53 0.5 0.4671875 1.0 0.934375
