17 0.0 0.0 0.0 0.0
19 0.5 0.4671875 0.11666666666666667 0.065625
38 0.17881944444444445 0.2228515625 0.24097222222222223 0.205078125
43 0.6017361111111111 0.1494140625 0.5270833333333333 0.036328125
43 0.47118055555555555 0.1787109375 0.2659722222222222 0.022265625
71 0.0 0.336328125 0.0 0.0
71 0.26944444444444443 0.380078125 0.46111111111111114 0.0875
71 0.7305555555555555 0.380078125 0.46111111111111114 0.0875
16 0.5 0.380078125 1.0 0.0875
4 0.5 0.424609375 0.9222222222222223 0.0015625
43 0.5 0.5294921875 0.8833333333333333 0.164453125
4 0.5 0.634375 0.9222222222222223 0.0015625
43 0.3034722222222222 0.6994140625 0.07916666666666666 0.022265625
43 0.40694444444444444 0.6794921875 0.12777777777777777 0.022265625
43 0.5586805555555555 0.6994140625 0.059027777777777776 0.022265625
43 0.6722222222222223 0.6794921875 0.12777777777777777 0.022265625
43 0.225 0.63515625 0.0 0.0
8 0.5 0.6837890625 0.55 0.097265625
4 0.5 0.733203125 0.9222222222222223 0.0015625
43 0.11180555555555556 0.76875 0.10694444444444444 0.02578125
43 0.1642361111111111 0.8 0.21180555555555555 0.02578125
43 0.09305555555555556 0.84765625 0.06944444444444445 0.02578125
38 0.0875 0.904296875 0.09722222222222222 0.0546875
43 0.3128472222222222 0.89140625 0.27569444444444446 0.0296875
43 0.22569444444444445 0.919140625 0.10138888888888889 0.02578125
8 0.5 0.9384765625 1.0 0.008203125
38 0.0875 0.9439453125 0.09722222222222222 0.019140625
43 0.28229166666666666 0.94375 0.21458333333333332 0.01875
43 0.21770833333333334 0.95859375 0.08541666666666667 0.0484375
8 0.5 0.521875 1.0 0.825
5 0.5 0.5 1.0 1.0
44 0.06805555555555555 0.07109375 0.1361111111111111 0.0765625
22 0.7083333333333334 0.07109375 0.11666666666666667 0.065625
22 0.825 0.07109375 0.11666666666666667 0.065625
22 0.9416666666666667 0.07109375 0.11666666666666667 0.065625
45 0.825 0.07109375 0.35 0.0765625
80 0.5 0.07109375 1.0 0.0765625
8 0.0 0.0984375 0.0 0.196875
82 0.0 0.240625 0.0 0.065625
82 0.0 0.30625 0.0 0.065625
82 0.0 0.371875 0.0 0.065625
82 0.0 0.4375 0.0 0.065625
50 0.0 0.48203125 0.0 0.0234375
82 0.0 0.5265625 0.0 0.065625
82 0.0 0.5921875 0.0 0.065625
82 0.0 0.6578125 0.0 0.065625
113 0.0 0.4671875 0.0 0.934375
4 0.5 0.9671875 1.0 0.065625
