17 0.0 0.0 0.0 0.0
43 0.21354166666666666 0.0818359375 0.34930555555555554 0.036328125
22 0.6986111111111111 0.08203125 0.1361111111111111 0.065625
22 0.8347222222222223 0.08203125 0.1361111111111111 0.065625
173 0.9513888888888888 0.08203125 0.09722222222222222 0.065625
45 0.8152777777777778 0.08203125 0.36944444444444446 0.0765625
118 0.5 0.1095703125 1.0 0.153515625
7 0.11736111111111111 0.1533203125 0.23472222222222222 0.066015625
1563 0.5 0.1533203125 1.0 0.066015625
38 0.0 0.186328125 0.0 0.0
19 0.5 0.5984375 0.24305555555555555 0.13671875
106 0.5 0.5931640625 1.0 0.682421875
71 0.5 0.219140625 1.0 0.065625
43 0.390625 0.2984375 0.7326388888888888 0.065625
71 0.8663194444444444 0.2984375 0.21875 0.065625
8 0.5 0.2984375 1.0 0.065625
43 0.05763888888888889 0.3681640625 0.0763888888888889 0.049609375
717 0.1701388888888889 0.41875 0.19444444444444445 0.109375
43 0.1701388888888889 0.5130859375 0.3013888888888889 0.079296875
41 0.1701388888888889 0.448046875 0.31527777777777777 0.21953125
43 0.39791666666666664 0.3681640625 0.0763888888888889 0.049609375
717 0.5104166666666666 0.41875 0.19444444444444445 0.109375
43 0.5104166666666666 0.5009765625 0.3013888888888889 0.055078125
41 0.5104166666666666 0.4359375 0.31527777777777777 0.1953125
43 0.7381944444444445 0.3681640625 0.0763888888888889 0.049609375
717 0.8506944444444444 0.41875 0.19444444444444445 0.109375
43 0.85 0.5130859375 0.3 0.079296875
41 0.8465277777777778 0.448046875 0.30694444444444446 0.21953125
106 0.5 0.44453125 1.0 0.2265625
16 0.5 0.41171875 1.0 0.31953125
43 0.390625 0.61796875 0.7326388888888888 0.065625
71 0.8663194444444444 0.61796875 0.21875 0.065625
8 0.5 0.61796875 1.0 0.065625
43 0.03888888888888889 0.6876953125 0.03888888888888889 0.049609375
717 0.1701388888888889 0.73828125 0.19444444444444445 0.109375
43 0.1701388888888889 0.8205078125 0.3013888888888889 0.055078125
41 0.1701388888888889 0.75546875 0.31527777777777777 0.1953125
43 0.37916666666666665 0.6876953125 0.03888888888888889 0.049609375
717 0.5104166666666666 0.73828125 0.19444444444444445 0.109375
43 0.5104166666666666 0.8205078125 0.3013888888888889 0.055078125
41 0.5104166666666666 0.75546875 0.31527777777777777 0.1953125
43 0.7194444444444444 0.6876953125 0.03888888888888889 0.049609375
717 0.8506944444444444 0.73828125 0.19444444444444445 0.109375
43 0.85 0.8326171875 0.3 0.079296875
41 0.8465277777777778 0.767578125 0.30694444444444446 0.21953125
106 0.5 0.7640625 1.0 0.2265625
16 0.5 0.73125 1.0 0.31953125
43 0.390625 0.91953125 0.7326388888888888 0.0296875
71 0.8663194444444444 0.91953125 0.21875 0.0296875
106 0.5 0.95234375 1.0 0.0359375
43 0.03888888888888889 0.9583984375 0.03888888888888889 0.048046875
41 0.1701388888888889 0.955859375 0.31527777777777777 0.04296875
43 0.37916666666666665 0.9583984375 0.03888888888888889 0.048046875
41 0.5104166666666666 0.955859375 0.31527777777777777 0.04296875
43 0.7194444444444444 0.9583984375 0.03888888888888889 0.048046875
41 0.8465277777777778 0.955859375 0.30694444444444446 0.04296875
16 0.4395833333333333 0.49453125 0.8791666666666667 0.8796875
32 0.8930555555555556 0.87421875 0.1361111111111111 0.0765625
117 0.5 0.9001953125 0.7777777777777778 0.068359375
5 0.5 0.5 1.0 1.0
4 0.5 0.9671875 1.0 0.065625
4 0.5 0.01640625 1.0 0.0328125
