17 0.0 0.0328125 0.0 0.0
7 0.32083333333333336 0.0708984375 0.2916666666666667 0.036328125
52 0.06805555555555555 0.07109375 0.1361111111111111 0.0765625
173 0.9513888888888888 0.07109375 0.09722222222222222 0.065625
80 0.5 0.07109375 1.0 0.0765625
8 0.5 0.3359375 1.0 0.453125
6 0.08541666666666667 0.5404296875 0.14583333333333334 0.030078125
8 0.0 0.109375 0.0 0.0
1313 0.07291666666666667 0.150390625 0.09722222222222222 0.0546875
43 0.5 0.1494140625 0.9222222222222223 0.080078125
6 0.8930555555555556 0.49140625 0.058333333333333334 0.0328125
1564 0.8930555555555556 0.49140625 0.1361111111111111 0.0765625
4 0.5 0.56328125 1.0 0.0015625
106 0.5 0.7150390625 1.0 0.301953125
112 0.5 0.9001953125 1.0 0.068359375
1565 0.5 0.521875 1.0 0.825
43 0.0 0.332421875 0.0 0.04921875
43 0.0 0.392578125 0.0 0.04921875
43 0.0 0.452734375 0.0 0.04921875
43 0.0 0.512890625 0.0 0.04921875
43 0.0 0.573046875 0.0 0.04921875
43 0.0 0.633203125 0.0 0.04921875
43 0.0 0.693359375 0.0 0.04921875
43 0.0 0.753515625 0.0 0.04921875
106 0.0 0.618359375 0.0 0.63203125
16 0.0 0.521875 0.0 0.825
5 0.5 0.5 1.0 1.0
4 0.5 0.9671875 1.0 0.065625
4 0.5 0.01640625 1.0 0.0328125
