120 0.0 0.0328125 0.0 0.0
1567 0.0 0.1740234375 0.0 0.187890625
1568 0.001388888888888889 0.351171875 0.002777777777777778 0.16640625
1568 0.001388888888888889 0.517578125 0.002777777777777778 0.16640625
1568 0.001388888888888889 0.6841796875 0.002777777777777778 0.166796875
1568 0.001388888888888889 0.816796875 0.002777777777777778 0.0984375
1569 0.0 0.5669921875 0.0 0.598046875
1568 0.16805555555555557 0.351171875 0.33611111111111114 0.16640625
1568 0.3347222222222222 0.351171875 0.6694444444444444 0.16640625
1568 0.16805555555555557 0.517578125 0.33611111111111114 0.16640625
1568 0.3347222222222222 0.517578125 0.6694444444444444 0.16640625
1568 0.16805555555555557 0.6841796875 0.33611111111111114 0.166796875
1568 0.3347222222222222 0.6841796875 0.6694444444444444 0.166796875
1568 0.16805555555555557 0.816796875 0.33611111111111114 0.0984375
1568 0.3347222222222222 0.816796875 0.6694444444444444 0.0984375
1570 0.0 0.4494140625 0.0 0.833203125
1571 0.16666666666666666 0.241015625 0.3333333333333333 0.15
1571 0.5 0.241015625 0.3333333333333333 0.15
1571 0.8333333333333334 0.241015625 0.3333333333333333 0.15
16 0.5 0.2412109375 1.0 0.416796875
1571 0.5 0.4580078125 0.3888888888888889 0.016796875
50 0.5 0.6578125 1.0 0.41640625
446 0.5 0.48359375 1.0 0.9015625
1567 0.06319444444444444 0.9001953125 0.12638888888888888 0.068359375
1572 0.8871527777777778 0.9001953125 0.08958333333333333 0.068359375
722 0.5 0.9001953125 0.0 0.068359375
1572 0.5 0.92109375 1.0 0.11015625
1572 0.5 0.1421875 1.0 0.065625
1572 0.5 0.209375 1.0 0.065625
722 0.2545138888888889 0.29296875 0.43125 0.065625
4 0.5 0.3265625 1.0 0.0015625
414 0.023958333333333335 0.33828125 0.04791666666666667 0.0
1573 0.14270833333333333 0.4330078125 0.18958333333333333 0.189453125
414 0.26145833333333335 0.33828125 0.04791666666666667 0.0
1573 0.3802083333333333 0.4330078125 0.18958333333333333 0.189453125
414 0.49930555555555556 0.33828125 0.04861111111111111 0.0
1573 0.6184027777777777 0.4330078125 0.18958333333333333 0.189453125
414 0.7375 0.33828125 0.04861111111111111 0.0
1573 0.8565972222222222 0.4330078125 0.18958333333333333 0.189453125
414 0.9756944444444444 0.33828125 0.04861111111111111 0.0
16 0.5 0.4330078125 1.0 0.189453125
4 0.5 0.539453125 1.0 0.0015625
722 0.21354166666666666 0.583984375 0.34930555555555554 0.065625
1572 0.5 0.651171875 1.0 0.065625
4 0.5194444444444445 0.684765625 0.9611111111111111 0.0015625
1572 0.0 0.109375 0.0 0.0
1572 0.5 0.718359375 1.0 0.065625
722 0.13819444444444445 0.796484375 0.1986111111111111 0.065625
16 0.5 0.8484375 1.0 0.03515625
722 0.4326388888888889 0.8484375 0.8652777777777778 0.03515625
209 0.9229166666666667 0.856640625 0.11527777777777778 0.01875
722 0.13923611111111112 0.8875 0.20069444444444445 0.04296875
416 0.5003472222222223 0.0708984375 0.1798611111111111 0.036328125
45 1.0 0.07109375 0.0 0.0765625
52 0.06805555555555555 0.0703125 0.1361111111111111 0.075
80 0.5 0.0703125 1.0 0.075
416 0.5 0.0701171875 0.0 0.036328125
687 0.5 0.9001953125 0.7777777777777778 0.068359375
646 0.5 0.9001953125 1.0 0.068359375
5 0.5 0.5 1.0 1.0
4 0.5 0.9671875 1.0 0.065625
4 0.5 0.01640625 1.0 0.0328125
