36 0.0 0.0328125 0.0 0.0
264 0.5680555555555555 0.3546875 0.6805555555555556 0.3828125
1574 0.48993055555555554 0.364453125 0.4423611111111111 0.0546875
1574 0.48993055555555554 0.405859375 0.4423611111111111 0.0546875
8 0.48993055555555554 0.3853515625 0.4423611111111111 0.244921875
16 0.5 0.3650390625 1.0 0.469921875
8 0.5 0.637109375 1.0 0.07109375
38 0.08263888888888889 0.6369140625 0.0875 0.035546875
43 0.16527777777777777 0.61796875 0.0 0.0
43 0.8597222222222223 0.6369140625 0.20277777777777778 0.037890625
43 0.2590277777777778 0.6369140625 0.1875 0.037890625
8 0.5631944444444444 0.6369140625 0.7958333333333333 0.037890625
38 0.9611111111111111 0.637109375 0.0 0.0
4 0.5826388888888889 0.6734375 0.8347222222222223 0.0015625
1575 0.5 0.6734375 1.0 0.0015625
38 0.08263888888888889 0.7095703125 0.0875 0.035546875
43 0.16527777777777777 0.690625 0.0 0.0
38 0.9611111111111111 0.709765625 0.0 0.0
43 0.24965277777777778 0.7095703125 0.16875 0.037890625
8 0.5631944444444444 0.7095703125 0.7958333333333333 0.037890625
4 0.5826388888888889 0.74609375 0.8347222222222223 0.0015625
1575 0.5 0.74609375 1.0 0.0015625
38 0.08263888888888889 0.7822265625 0.0875 0.035546875
43 0.16527777777777777 0.76328125 0.0 0.0
43 0.8402777777777778 0.7822265625 0.24166666666666667 0.037890625
43 0.27326388888888886 0.7822265625 0.21597222222222223 0.037890625
8 0.5631944444444444 0.7822265625 0.7958333333333333 0.037890625
38 0.9611111111111111 0.782421875 0.0 0.0
38 0.5 0.855078125 1.0 0.00546875
16 0.5 0.726171875 1.0 0.25234375
42 0.5 0.48359375 1.0 0.9015625
1576 0.5 0.893359375 1.0 0.08203125
38 0.12777777777777777 0.8783203125 0.058333333333333334 0.041015625
43 0.128125 0.9166015625 0.1451388888888889 0.035546875
1577 0.128125 0.89609375 0.24791666666666667 0.0765625
38 0.37569444444444444 0.8796875 0.058333333333333334 0.04375
43 0.37569444444444444 0.91796875 0.08333333333333333 0.028125
1577 0.37604166666666666 0.89609375 0.24791666666666667 0.0765625
38 0.6236111111111111 0.8796875 0.058333333333333334 0.04375
43 0.6239583333333333 0.91796875 0.21180555555555555 0.028125
38 0.8715277777777778 0.8796875 0.058333333333333334 0.04375
43 0.8715277777777778 0.91796875 0.08055555555555556 0.028125
1577 0.871875 0.89609375 0.24791666666666667 0.0765625
43 0.13090277777777778 0.0708984375 0.1840277777777778 0.036328125
22 0.8444444444444444 0.07109375 0.11666666666666667 0.065625
568 0.9513888888888888 0.07109375 0.09722222222222222 0.065625
46 0.5 0.07109375 1.0 0.0765625
5 0.5 0.5 1.0 1.0
4 0.5 0.9671875 1.0 0.065625
4 0.5 0.01640625 1.0 0.0328125
