17 0.0 0.0328125 0.0 0.0
34 0.5 0.48359375 1.0 0.9015625
43 0.4996527777777778 0.458984375 0.11458333333333333 0.0296875
43 0.5 0.0931640625 1.0 0.033203125
43 0.5 0.146484375 0.14027777777777778 0.0296875
1578 0.2222222222222222 0.20078125 0.2152777777777778 0.04609375
38 0.29097222222222224 0.20078125 0.03888888888888889 0.021875
1578 0.515625 0.20078125 0.31319444444444444 0.04609375
38 0.6333333333333333 0.20078125 0.03888888888888889 0.021875
1578 0.7930555555555555 0.20078125 0.18333333333333332 0.04609375
38 0.8458333333333333 0.20078125 0.03888888888888889 0.021875
16 0.5145833333333333 0.20078125 0.9708333333333333 0.04609375
1578 0.203125 0.26328125 0.1951388888888889 0.04609375
38 0.26180555555555557 0.26328125 0.03888888888888889 0.021875
1578 0.46284722222222224 0.26328125 0.2659722222222222 0.04609375
38 0.5569444444444445 0.26328125 0.03888888888888889 0.021875
1578 0.7597222222222222 0.26328125 0.26944444444444443 0.04609375
38 0.8555555555555555 0.26328125 0.03888888888888889 0.021875
16 0.5145833333333333 0.26328125 0.9708333333333333 0.04609375
1578 0.234375 0.32578125 0.20347222222222222 0.04609375
38 0.2972222222222222 0.32578125 0.03888888888888889 0.021875
1578 0.4826388888888889 0.32578125 0.23472222222222222 0.04609375
38 0.5611111111111111 0.32578125 0.03888888888888889 0.021875
1578 0.7479166666666667 0.32578125 0.2375 0.04609375
38 0.8277777777777777 0.32578125 0.03888888888888889 0.021875
16 0.5145833333333333 0.32578125 0.9708333333333333 0.04609375
1578 0.34791666666666665 0.38828125 0.275 0.04609375
38 0.4465277777777778 0.38828125 0.03888888888888889 0.021875
1578 0.6520833333333333 0.38828125 0.275 0.04609375
38 0.7506944444444444 0.38828125 0.03888888888888889 0.021875
16 0.5145833333333333 0.38828125 0.9708333333333333 0.04609375
1579 0.5145833333333333 0.302734375 0.9708333333333333 0.25
1578 0.16006944444444443 0.51328125 0.2048611111111111 0.04609375
38 0.22361111111111112 0.51328125 0.03888888888888889 0.021875
1578 0.3888888888888889 0.51328125 0.19444444444444445 0.04609375
38 0.44722222222222224 0.51328125 0.03888888888888889 0.021875
1578 0.6083333333333333 0.51328125 0.18611111111111112 0.04609375
38 0.6625 0.51328125 0.03888888888888889 0.021875
1578 0.8364583333333333 0.51328125 0.21180555555555555 0.04609375
38 0.9034722222222222 0.51328125 0.03888888888888889 0.021875
16 0.5145833333333333 0.51328125 0.9708333333333333 0.04609375
1578 0.20868055555555556 0.57578125 0.2659722222222222 0.04609375
38 0.30277777777777776 0.57578125 0.03888888888888889 0.021875
1578 0.478125 0.57578125 0.21458333333333332 0.04609375
38 0.5465277777777777 0.57578125 0.03888888888888889 0.021875
1578 0.7690972222222222 0.57578125 0.3090277777777778 0.04609375
38 0.8847222222222222 0.57578125 0.03888888888888889 0.021875
16 0.5145833333333333 0.57578125 0.9708333333333333 0.04609375
1578 0.22118055555555555 0.63828125 0.23541666666666666 0.04609375
38 0.3 0.63828125 0.03888888888888889 0.021875
1578 0.4552083333333333 0.63828125 0.17430555555555555 0.04609375
38 0.5034722222222222 0.63828125 0.03888888888888889 0.021875
1578 0.7340277777777777 0.63828125 0.325 0.04609375
38 0.8576388888888888 0.63828125 0.03888888888888889 0.021875
16 0.5145833333333333 0.63828125 0.9708333333333333 0.04609375
1578 0.28229166666666666 0.70078125 0.37569444444444444 0.04609375
38 0.43125 0.70078125 0.03888888888888889 0.021875
1578 0.5854166666666667 0.70078125 0.17222222222222222 0.04609375
38 0.6326388888888889 0.70078125 0.03888888888888889 0.021875
1578 0.803125 0.70078125 0.2048611111111111 0.04609375
38 0.8666666666666667 0.70078125 0.03888888888888889 0.021875
16 0.5145833333333333 0.70078125 0.9708333333333333 0.04609375
1578 0.2670138888888889 0.76328125 0.33958333333333335 0.04609375
38 0.39791666666666664 0.76328125 0.03888888888888889 0.021875
1578 0.5621527777777777 0.76328125 0.19236111111111112 0.04609375
38 0.6194444444444445 0.76328125 0.03888888888888889 0.021875
1578 0.7951388888888888 0.76328125 0.2152777777777778 0.04609375
38 0.8638888888888889 0.76328125 0.03888888888888889 0.021875
16 0.5145833333333333 0.76328125 0.9708333333333333 0.04609375
1579 0.5145833333333333 0.646484375 0.9708333333333333 0.3125
16 0.5 0.4177734375 1.0 0.769921875
4 0.5 0.844140625 1.0 0.01640625
1580 0.5 0.893359375 1.0 0.08203125
4 0.5 0.9671875 1.0 0.065625
4 0.5 0.01640625 1.0 0.0328125
5 0.5 0.5 1.0 1.0
