11 0.5 0.48359375 1.0 0.9015625
8 0.965625 0.0669921875 0.06875 0.068359375
1581 1.0 0.130078125 0.0 0.0546875
1581 1.0 0.186328125 0.0 0.0546875
1581 1.0 0.242578125 0.0 0.0546875
1581 1.0 0.298828125 0.0 0.0546875
1581 1.0 0.79453125 0.0 0.0546875
1581 1.0 0.85078125 0.0 0.0546875
1581 1.0 0.90703125 0.0 0.0546875
8 1.0 0.48359375 0.0 0.9015625
78 0.0 0.0328125 0.0 0.0
1582 0.0 0.478125 0.0 0.0
1583 0.5 0.70625 1.0 0.45625
7 0.33368055555555554 0.5763671875 0.6673611111111111 0.029296875
50 0.7454861111111111 0.559375 0.15625 0.0546875
7 0.7618055555555555 0.5755859375 0.09861111111111111 0.022265625
7 0.8996527777777777 0.559375 0.15208333333333332 0.0546875
1584 0.8215277777777777 0.559375 0.30833333333333335 0.0546875
6 0.0 0.525 0.0 0.0
1585 0.5 0.5640625 1.0 0.078125
7 0.33368055555555554 0.6544921875 0.6673611111111111 0.029296875
50 0.7454861111111111 0.6375 0.15625 0.0546875
7 0.7618055555555555 0.6537109375 0.09861111111111111 0.022265625
7 0.8996527777777777 0.6375 0.15208333333333332 0.0546875
1584 0.8215277777777777 0.6375 0.30833333333333335 0.0546875
6 0.0 0.603125 0.0 0.0
1585 0.5 0.6421875 1.0 0.078125
7 0.33368055555555554 0.7326171875 0.6673611111111111 0.029296875
50 0.7454861111111111 0.715625 0.15625 0.0546875
7 0.7618055555555555 0.7318359375 0.09861111111111111 0.022265625
7 0.8996527777777777 0.715625 0.15208333333333332 0.0546875
1584 0.8215277777777777 0.715625 0.30833333333333335 0.0546875
6 0.0 0.68125 0.0 0.0
1585 0.5 0.7203125 1.0 0.078125
7 0.33368055555555554 0.8107421875 0.6673611111111111 0.029296875
50 0.7454861111111111 0.79375 0.15625 0.0546875
7 0.7618055555555555 0.8099609375 0.09861111111111111 0.022265625
7 0.8996527777777777 0.79375 0.15208333333333332 0.0546875
1584 0.8215277777777777 0.79375 0.30833333333333335 0.0546875
6 0.0 0.759375 0.0 0.0
1585 0.5 0.7984375 1.0 0.078125
7 0.33368055555555554 0.86875 0.6673611111111111 0.0625
7 0.33368055555555554 0.9146484375 0.6673611111111111 0.029296875
50 0.7454861111111111 0.871875 0.15625 0.0546875
7 0.7618055555555555 0.8880859375 0.09861111111111111 0.022265625
7 0.8996527777777777 0.871875 0.15208333333333332 0.0546875
1584 0.8215277777777777 0.871875 0.30833333333333335 0.0546875
6 0.0 0.8375 0.0 0.0
1585 0.5 0.8833984375 1.0 0.091796875
1585 0.5 0.9318359375 1.0 0.005078125
6 0.0 0.929296875 0.0 0.0
8 0.5 0.4962890625 1.0 0.036328125
7 0.5 0.4962890625 0.49583333333333335 0.022265625
114 0.25 0.554296875 0.5 0.065625
114 0.75 0.554296875 0.5 0.065625
18 0.5 0.25546875 1.0 0.4453125
8 0.5 0.2552734375 1.0 0.066015625
8 0.5 0.25546875 0.0 0.0
8 0.5 0.3732421875 1.0 0.041796875
6 0.06076388888888889 0.3732421875 0.07291666666666667 0.041015625
6 0.1625 0.373046875 0.03194444444444444 0.01796875
6 0.2361111111111111 0.373046875 0.03194444444444444 0.01796875
6 0.27291666666666664 0.373046875 0.03194444444444444 0.01796875
1586 0.20173611111111112 0.373046875 0.1840277777777778 0.01796875
7 0.3875 0.3732421875 0.13194444444444445 0.027734375
4 0.4673611111111111 0.3732421875 0.002777777777777778 0.027734375
7 0.7184027777777777 0.3732421875 0.4895833333333333 0.041796875
7 0.16666666666666666 0.4419921875 0.3333333333333333 0.068359375
7 0.5 0.4419921875 0.3333333333333333 0.068359375
7 0.8333333333333334 0.4419921875 0.3333333333333333 0.068359375
7 0.0 0.4078125 0.0 0.0
8 0.5 0.44296875 1.0 0.0703125
1587 0.5 0.0669921875 1.0 0.068359375
8 0.040625 0.0669921875 0.08125 0.068359375
16 0.5 0.0669921875 0.6583333333333333 0.062890625
7 0.93125 0.0328125 0.0 0.0
6 0.965625 0.0669921875 0.04375 0.026171875
