120 0.0 0.0328125 0.0 0.0
471 0.24444444444444444 0.328515625 0.058333333333333334 0.0328125
429 0.5 0.388671875 0.19444444444444445 0.109375
424 0.4996527777777778 0.4888671875 0.24791666666666667 0.036328125
424 0.5 0.5427734375 0.49166666666666664 0.038671875
16 0.5 0.448046875 0.49166666666666664 0.228125
422 0.5 0.448046875 0.6472222222222223 0.315625
472 0.5 0.64140625 0.6472222222222223 0.07109375
474 0.1763888888888889 0.290234375 0.0 0.0
473 0.5 0.48359375 0.6805555555555556 0.41328125
179 0.5 0.48359375 1.0 0.9015625
4 0.5 0.9671875 1.0 0.065625
5 0.5 0.5 1.0 1.0
