1588 0.0 0.0328125 0.0 0.0
43 0.28368055555555555 0.07109375 0.21736111111111112 0.0421875
44 0.06805555555555555 0.07109375 0.1361111111111111 0.0765625
45 1.0 0.07109375 0.0 0.0765625
1589 0.5 0.07109375 1.0 0.0765625
6 0.23333333333333334 0.866015625 0.4666666666666667 0.13671875
7 0.7333333333333333 0.8275390625 0.5083333333333333 0.045703125
6 0.4791666666666667 0.850390625 0.0 0.0
8 0.7333333333333333 0.9119140625 0.5083333333333333 0.030859375
7 0.6690972222222222 0.9119140625 0.3798611111111111 0.030859375
7 0.9232638888888889 0.9119140625 0.1284722222222222 0.030859375
16 0.7333333333333333 0.866015625 0.5333333333333333 0.13671875
1590 0.5 0.866015625 1.0 0.13671875
1591 0.9815972222222222 0.8080078125 0.03680555555555556 0.020703125
38 0.0 0.075 0.0 0.06875
1592 0.4878472222222222 0.3494140625 0.9756944444444444 0.480078125
19 0.4875 0.1515625 0.11666666666666667 0.084375
1593 0.4878472222222222 0.68671875 0.9756944444444444 0.19453125
106 0.5 0.453515625 1.0 0.68828125
139 0.5 0.48359375 1.0 0.9015625
5 0.5 0.5 1.0 1.0
4 0.5 0.9671875 1.0 0.065625
4 0.5 0.01640625 1.0 0.0328125
