43 0.0 0.0328125 0.0 0.0
38 0.06805555555555555 0.07109375 0.1361111111111111 0.0765625
38 0.2947916666666667 0.07109375 0.31180555555555556 0.0765625
4 0.45208333333333334 0.07109375 0.002777777777777778 0.0765625
38 0.5913194444444444 0.0708984375 0.0006944444444444445 0.000390625
43 0.6552083333333333 0.0708984375 0.10208333333333333 0.044140625
16 0.6486111111111111 0.07109375 0.3902777777777778 0.0765625
38 0.9215277777777777 0.07109375 0.15555555555555556 0.0765625
16 0.5 0.07109375 1.0 0.0765625
1594 0.4996527777777778 0.3388671875 0.08541666666666667 0.048046875
38 0.5 0.3388671875 1.0 0.458984375
43 0.5 0.6123046875 0.9263888888888889 0.060546875
38 0.0 0.109375 0.0 0.0
88 0.5 0.3828125 1.0 0.546875
38 1.0 0.3388671875 0.0 0.458984375
43 1.0 0.109375 0.0 0.0
16 1.0 0.3828125 0.0 0.546875
1595 0.5 0.6689453125 1.0 0.025390625
195 0.0 0.708984375 0.0 0.0
1594 0.4996527777777778 0.8455078125 0.08541666666666667 0.048046875
38 0.5 0.8216796875 1.0 0.225390625
43 0.5 0.965234375 0.9263888888888889 0.06171875
34 0.5 0.48359375 1.0 0.9015625
194 0.5 0.109375 0.09722222222222222 0.0
195 0.5 0.8931640625 0.7777777777777778 0.068359375
5 0.5 0.5 1.0 1.0
4 0.5 0.9671875 1.0 0.065625
4 0.5 0.01640625 1.0 0.0328125
