484 0.0 0.0328125 0.0 0.0
52 0.06076388888888889 0.0669921875 0.12152777777777778 0.068359375
7 0.4822916666666667 0.066796875 0.2465277777777778 0.0421875
6 0.6295138888888889 0.0669921875 0.022916666666666665 0.007421875
16 0.5 0.0669921875 0.7569444444444444 0.068359375
52 0.9392361111111112 0.0669921875 0.12152777777777778 0.068359375
16 0.5 0.0669921875 1.0 0.068359375
1596 0.02673611111111111 0.11640625 0.04375 0.0
8 0.5 0.14609375 1.0 0.06796875
1597 0.5104166666666666 0.14609375 0.9305555555555556 0.06796875
1597 0.5104166666666666 0.2248046875 0.9305555555555556 0.089453125
1596 0.022569444444444444 0.184375 0.04375 0.0
8 0.0625 0.15390625 0.125 0.08359375
1598 0.5 0.1880859375 1.0 0.173828125
1596 0.022569444444444444 0.278125 0.04375 0.0
1597 0.5104166666666666 0.2861328125 0.9305555555555556 0.032421875
16 0.057291666666666664 0.308203125 0.024305555555555556 0.0
1596 0.022569444444444444 0.31640625 0.04375 0.0
1597 0.5104166666666666 0.3380859375 0.9305555555555556 0.059765625
1596 0.022569444444444444 0.38203125 0.04375 0.0
1597 0.5104166666666666 0.4171875 0.9305555555555556 0.08671875
16 0.057291666666666664 0.373828125 0.024305555555555556 0.0
1596 0.022569444444444444 0.474609375 0.04375 0.0
1597 0.5104166666666666 0.509765625 0.9305555555555556 0.08671875
16 0.057291666666666664 0.46640625 0.024305555555555556 0.0
1596 0.022569444444444444 0.5671875 0.04375 0.0
1597 0.5104166666666666 0.6158203125 0.9305555555555556 0.113671875
16 0.057291666666666664 0.558984375 0.024305555555555556 0.0
1596 0.022569444444444444 0.68671875 0.04375 0.0
1597 0.5104166666666666 0.7083984375 0.9305555555555556 0.059765625
16 0.057291666666666664 0.678515625 0.024305555555555556 0.0
1596 0.022569444444444444 0.75234375 0.04375 0.0
1597 0.5104166666666666 0.7875 0.9305555555555556 0.08671875
16 0.057291666666666664 0.744140625 0.024305555555555556 0.0
1596 0.022569444444444444 0.844921875 0.04375 0.0
1597 0.5104166666666666 0.880078125 0.9305555555555556 0.08671875
16 0.057291666666666664 0.83671875 0.024305555555555556 0.0
1596 0.022569444444444444 0.9359375 0.04375 0.003125
1597 0.5104166666666666 0.9318359375 0.9305555555555556 0.005078125
455 0.5 0.48359375 1.0 0.9015625
1597 1.0 0.112109375 0.0 0.0
8 1.0 0.2248046875 0.0 0.089453125
8 1.0 0.15390625 0.0 0.08359375
1598 1.0 0.1880859375 0.0 0.173828125
114 1.0 0.269921875 0.0 0.0
8 1.0 0.31875 0.0 0.09765625
114 1.0 0.3625 0.0 0.0
8 1.0 0.411328125 0.0 0.09765625
114 1.0 0.455078125 0.0 0.0
8 1.0 0.5173828125 0.0 0.124609375
8 1.0 0.6099609375 0.0 0.070703125
114 1.0 0.640234375 0.0 0.0
8 1.0 0.6890625 0.0 0.09765625
8 1.0 0.7681640625 0.0 0.070703125
114 1.0 0.7984375 0.0 0.0
8 1.0 0.8607421875 0.0 0.124609375
8 1.0 0.926171875 0.0 0.01640625
50 1.0 0.5177734375 0.0 0.833203125
6 0.5 0.369140625 0.1111111111111111 0.1046875
7 0.5 0.48359375 0.3375 0.05859375
7 0.4996527777777778 0.556640625 0.5854166666666667 0.04375
7 0.5 0.6525390625 0.9222222222222223 0.082421875
8 0.0 0.1607421875 0.0 0.255859375
16 0.0 0.3228515625 0.0 0.068359375
4 0.0 0.429296875 0.0 0.0015625
4 0.0 0.6390625 0.0 0.0015625
16 0.0 0.48359375 0.0 0.9015625
5 0.5 0.5 1.0 1.0
4 0.5 0.9671875 1.0 0.065625
4 0.5 0.01640625 1.0 0.0328125
