8 0.12777777777777777 0.1703125 0.25 0.140625
19 0.002777777777777778 0.1 0.0 0.0
8 0.3784722222222222 0.1703125 0.25 0.140625
19 0.2534722222222222 0.1 0.0 0.0
8 0.6291666666666667 0.1703125 0.25 0.140625
19 0.5041666666666667 0.1 0.0 0.0
8 0.8760416666666667 0.1703125 0.2423611111111111 0.140625
19 0.7548611111111111 0.1 0.0 0.0
8 0.12777777777777777 0.31640625 0.25 0.140625
19 0.002777777777777778 0.24609375 0.0 0.0
8 0.3784722222222222 0.31640625 0.25 0.140625
19 0.2534722222222222 0.24609375 0.0 0.0
8 0.6291666666666667 0.31640625 0.25 0.140625
19 0.5041666666666667 0.24609375 0.0 0.0
8 0.8760416666666667 0.31640625 0.2423611111111111 0.140625
19 0.7548611111111111 0.24609375 0.0 0.0
8 0.12777777777777777 0.4625 0.25 0.140625
19 0.002777777777777778 0.3921875 0.0 0.0
8 0.3784722222222222 0.4625 0.25 0.140625
19 0.2534722222222222 0.3921875 0.0 0.0
8 0.6291666666666667 0.4625 0.25 0.140625
19 0.5041666666666667 0.3921875 0.0 0.0
8 0.8760416666666667 0.4625 0.2423611111111111 0.140625
19 0.7548611111111111 0.3921875 0.0 0.0
8 0.12777777777777777 0.60859375 0.25 0.140625
19 0.002777777777777778 0.53828125 0.0 0.0
8 0.3784722222222222 0.60859375 0.25 0.140625
19 0.2534722222222222 0.53828125 0.0 0.0
8 0.6291666666666667 0.60859375 0.25 0.140625
19 0.5041666666666667 0.53828125 0.0 0.0
8 0.8760416666666667 0.60859375 0.2423611111111111 0.140625
19 0.7548611111111111 0.53828125 0.0 0.0
8 0.12777777777777777 0.7546875 0.25 0.140625
19 0.002777777777777778 0.684375 0.0 0.0
8 0.3784722222222222 0.7546875 0.25 0.140625
19 0.2534722222222222 0.684375 0.0 0.0
8 0.6291666666666667 0.7546875 0.25 0.140625
19 0.5041666666666667 0.684375 0.0 0.0
8 0.8760416666666667 0.7546875 0.2423611111111111 0.140625
19 0.7548611111111111 0.684375 0.0 0.0
8 0.12777777777777777 0.8474609375 0.25 0.033984375
19 0.002777777777777778 0.83046875 0.0 0.0
8 0.3784722222222222 0.8474609375 0.25 0.033984375
19 0.2534722222222222 0.83046875 0.0 0.0
8 0.6291666666666667 0.8474609375 0.25 0.033984375
19 0.5041666666666667 0.83046875 0.0 0.0
8 0.8760416666666667 0.8474609375 0.2423611111111111 0.033984375
19 0.7548611111111111 0.83046875 0.0 0.0
8 0.5 0.51640625 1.0 0.8359375
117 0.5 0.9001953125 1.0 0.068359375
6 0.9399305555555556 0.1322265625 0.07152777777777777 0.040234375
6 0.06875 0.065625 0.07777777777777778 0.04375
54 0.058680555555555555 0.065625 0.11736111111111111 0.065625
16 0.3076388888888889 0.0654296875 0.38055555555555554 0.033203125
7 0.11736111111111111 0.048828125 0.0 0.0
16 0.24895833333333334 0.065625 0.4979166666666667 0.065625
55 1.0 0.065625 0.0 0.065625
56 0.5 0.065625 1.0 0.065625
57 0.0 0.0328125 0.0 0.0
53 0.5 0.4671875 1.0 0.934375
