38 0.0 0.034375 0.0 0.06875
43 0.44756944444444446 0.0708984375 0.5451388888888888 0.036328125
22 0.9416666666666667 0.07109375 0.11666666666666667 0.065625
44 0.06805555555555555 0.07109375 0.1361111111111111 0.0765625
1550 0.5 0.07109375 1.0 0.0765625
10 0.5 0.1095703125 0.9597222222222223 0.000390625
43 0.5190972222222222 0.076953125 0.7354166666666667 0.0546875
38 0.02013888888888889 0.049609375 0.0 0.0
38 0.08819444444444445 0.076953125 0.058333333333333334 0.0328125
1551 0.5 0.521875 0.11666666666666667 0.065625
1599 0.5 0.287109375 1.0 0.35546875
43 0.5 0.3962890625 1.0 0.027734375
1599 1.0 0.287109375 0.0 0.35546875
43 1.0 0.3962890625 0.0 0.027734375
4 0.48125 0.444140625 0.0125 0.00703125
4 0.55625 0.444140625 0.0125 0.00703125
1051 0.5 0.4443359375 1.0 0.041015625
71 0.25729166666666664 0.50859375 0.4756944444444444 0.065625
71 0.7427083333333333 0.50859375 0.4756944444444444 0.065625
16 0.5 0.5240234375 1.0 0.036328125
71 0.25729166666666664 0.5796875 0.4756944444444444 0.065625
71 0.7427083333333333 0.5796875 0.4756944444444444 0.065625
43 0.5 0.5513671875 0.9513888888888888 0.018359375
38 0.0 0.109375 0.0 0.0
1600 0.5 0.36640625 1.0 0.5140625
38 0.5 0.7447265625 1.0 0.242578125
43 0.5 0.8869140625 1.0 0.041796875
1601 0.5 0.521875 1.0 0.825
1289 0.8861111111111111 0.8017578125 0.17916666666666667 0.101171875
7 0.6340277777777777 0.786328125 0.2861111111111111 0.03671875
1290 0.7329861111111111 0.6900390625 0.48541666666666666 0.324609375
117 0.5 0.9001953125 1.0 0.068359375
43 0.375 0.5240234375 0.7013888888888888 0.036328125
43 0.875 0.52734375 0.25 0.02578125
38 0.10972222222222222 0.59921875 0.17083333333333334 0.04921875
43 0.10972222222222222 0.6490234375 0.17083333333333334 0.016796875
38 0.30486111111111114 0.59921875 0.17083333333333334 0.04921875
43 0.30486111111111114 0.6490234375 0.17083333333333334 0.016796875
38 0.5 0.59921875 0.17083333333333334 0.04921875
43 0.5 0.6396484375 0.17083333333333334 0.031640625
38 0.6951388888888889 0.59921875 0.17083333333333334 0.04921875
43 0.6951388888888889 0.6396484375 0.17083333333333334 0.031640625
71 0.8902777777777777 0.607421875 0.17083333333333334 0.065625
43 0.375 0.713671875 0.75 0.07109375
43 0.875 0.713671875 0.25 0.07109375
16 0.5 0.713671875 1.0 0.07109375
38 0.08159722222222222 0.790234375 0.16319444444444445 0.02734375
43 0.5694444444444444 0.7904296875 0.8125 0.027734375
8 0.4878472222222222 0.7904296875 0.9756944444444444 0.055078125
38 0.08159722222222222 0.844921875 0.16319444444444445 0.02734375
43 0.5694444444444444 0.8451171875 0.8125 0.027734375
8 0.4878472222222222 0.8451171875 0.9756944444444444 0.055078125
38 0.08159722222222222 0.9375 0.16319444444444445 0.00625
43 0.5694444444444444 0.9375 0.8125 0.00625
38 0.08159722222222222 0.96484375 0.16319444444444445 0.0609375
43 0.5694444444444444 0.96484375 0.8125 0.0609375
8 0.4878472222222222 0.9580078125 0.9756944444444444 0.047265625
16 0.5 0.841796875 1.0 0.18515625
43 0.0 0.4921875 0.0 0.0
41 0.5 0.71328125 1.0 0.4421875
38 0.9208333333333333 0.53671875 0.15833333333333333 0.0890625
1503 0.5 0.4671875 1.0 0.934375
16 0.0 0.040625 0.0 0.08125
8 0.0 0.1796875 0.0 0.065625
8 0.0 0.2453125 0.0 0.065625
8 0.0 0.3109375 0.0 0.065625
8 0.0 0.3765625 0.0 0.065625
8 0.0 0.4421875 0.0 0.065625
8 0.0 0.5734375 0.0 0.065625
8 0.0 0.6390625 0.0 0.065625
8 0.0 0.7046875 0.0 0.065625
8 0.0 0.7703125 0.0 0.065625
8 0.0 0.8359375 0.0 0.065625
8 0.0 0.9015625 0.0 0.065625
8 0.0 0.4671875 0.0 0.934375
4 0.5 0.9671875 1.0 0.065625
5 0.5 0.5 1.0 1.0
