36 0.0 0.0328125 0.0 0.0
43 0.0 0.109375 0.0 0.0
46 0.5 0.07109375 1.0 0.0765625
43 0.5 0.1923828125 1.0 0.087890625
4 0.5 0.2376953125 1.0 0.002734375
42 0.5 0.48359375 1.0 0.9015625
38 0.290625 0.1642578125 0.12152777777777778 0.068359375
43 0.4375 0.1642578125 0.12361111111111112 0.033203125
8 0.3645833333333333 0.1642578125 0.7291666666666666 0.109765625
6 0.06319444444444444 0.26015625 0.07777777777777778 0.04375
1602 0.18159722222222222 0.2599609375 0.11041666666666666 0.033203125
7 0.0 0.219140625 0.0 0.0
8 0.3645833333333333 0.26015625 0.7291666666666666 0.08203125
6 0.06319444444444444 0.34375 0.07777777777777778 0.04375
1602 0.20798611111111112 0.3435546875 0.16319444444444445 0.033203125
7 0.0 0.302734375 0.0 0.0
8 0.3645833333333333 0.34375 0.7291666666666666 0.08203125
6 0.06319444444444444 0.42734375 0.07777777777777778 0.04375
1602 0.22395833333333334 0.4271484375 0.1951388888888889 0.033203125
7 0.0 0.386328125 0.0 0.0
8 0.3645833333333333 0.42734375 0.7291666666666666 0.08203125
6 0.06319444444444444 0.5109375 0.07777777777777778 0.04375
1602 0.17673611111111112 0.5107421875 0.10069444444444445 0.033203125
7 0.0 0.469921875 0.0 0.0
8 0.3645833333333333 0.5109375 0.7291666666666666 0.08203125
10 0.3645833333333333 0.5357421875 0.7291666666666666 0.633203125
4 0.3645833333333333 0.8537109375 0.7291666666666666 0.002734375
38 0.06319444444444444 0.893359375 0.07777777777777778 0.04375
1602 0.20555555555555555 0.8931640625 0.15833333333333333 0.033203125
8 0.3645833333333333 0.893359375 0.7291666666666666 0.08203125
16 0.3645833333333333 0.521875 0.7291666666666666 0.825
7 0.24131944444444445 0.07109375 0.1909722222222222 0.0390625
52 0.06805555555555555 0.07109375 0.1361111111111111 0.0765625
5 0.5 0.5 1.0 1.0
4 0.5 0.9671875 1.0 0.065625
4 0.5 0.01640625 1.0 0.0328125
