1603 0.0 0.0328125 0.0 0.0
1604 0.5 0.109375 1.0 0.153125
16 0.5 0.736328125 1.0 0.39609375
50 0.5 0.3265625 1.0 0.434375
52 0.06805555555555555 0.07109375 0.11666666666666667 0.065625
52 0.12638888888888888 0.04375 0.0 0.0
6 0.175 0.07109375 0.0875 0.04921875
6 0.2722222222222222 0.07109375 0.0875 0.04921875
6 0.36944444444444446 0.07109375 0.0875 0.04921875
6 0.4666666666666667 0.07109375 0.0875 0.04921875
6 0.5638888888888889 0.07109375 0.0875 0.04921875
6 0.6611111111111111 0.07109375 0.0875 0.04921875
6 0.7583333333333333 0.07109375 0.0875 0.04921875
6 0.8555555555555555 0.07109375 0.0875 0.04921875
6 0.9496527777777778 0.07109375 0.08125 0.04921875
213 0.5583333333333333 0.07109375 0.8638888888888889 0.0546875
6 0.058333333333333334 0.14765625 0.0875 0.04921875
6 0.15555555555555556 0.14765625 0.0875 0.04921875
6 0.25277777777777777 0.14765625 0.0875 0.04921875
6 0.35 0.14765625 0.0875 0.04921875
6 0.44722222222222224 0.14765625 0.0875 0.04921875
6 0.5444444444444444 0.14765625 0.0875 0.04921875
6 0.6416666666666667 0.14765625 0.0875 0.04921875
1605 0.35 0.14765625 0.6805555555555556 0.0546875
80 0.5 0.14765625 1.0 0.0765625
4 0.5 0.188671875 1.0 0.00546875
50 0.9319444444444445 0.89609375 0.1361111111111111 0.0765625
1606 0.5 0.5765625 1.0 0.065625
1607 0.058333333333333334 0.5765625 0.11666666666666667 0.065625
1608 0.5583333333333333 0.553515625 0.8444444444444444 0.00859375
50 0.0 0.54375 0.0 0.0
1608 0.11666666666666667 0.56328125 0.0 0.0
1609 0.5 0.697265625 1.0 0.30703125
50 0.9319444444444445 0.58203125 0.1361111111111111 0.0765625
50 0.5 0.8515625 1.0 0.0015625
1610 0.0 0.85234375 0.0 0.0
52 0.06805555555555555 0.893359375 0.11666666666666667 0.065625
52 0.12638888888888888 0.85234375 0.0 0.0
1611 0.5631944444444444 0.893359375 0.8347222222222223 0.03359375
1612 0.5 0.893359375 1.0 0.08203125
7 0.459375 0.8029296875 0.2798611111111111 0.048046875
50 0.6006944444444444 0.803125 0.002777777777777778 0.065625
1613 0.4996527777777778 0.803125 0.59375 0.0875
455 0.5 0.48359375 1.0 0.9015625
717 1.0 0.0328125 0.0 0.0
1614 1.0 0.13671875 0.0 0.2078125
16 1.0 0.283984375 0.0 0.065625
16 1.0 0.34921875 0.0 0.065625
16 1.0 0.414453125 0.0 0.065625
16 1.0 0.4796875 0.0 0.065625
16 1.0 0.544921875 0.0 0.065625
16 1.0 0.61015625 0.0 0.065625
1615 1.0 0.48359375 0.0 0.9015625
4 0.5 0.9671875 1.0 0.065625
4 0.5 0.01640625 1.0 0.0328125
5 0.5 0.5 1.0 1.0
