48 0.044444444444444446 0.082421875 0.0 0.0
16 0.5 0.1384765625 0.8722222222222222 0.090234375
7 0.5 0.2181640625 0.8722222222222222 0.069140625
7 0.5 0.2880859375 0.8722222222222222 0.069140625
7 0.5 0.3580078125 0.8722222222222222 0.069140625
7 0.5 0.4279296875 0.8722222222222222 0.069140625
7 0.5 0.4978515625 0.8722222222222222 0.069140625
7 0.5 0.5677734375 0.8722222222222222 0.069140625
7 0.5 0.6376953125 0.8722222222222222 0.069140625
7 0.5 0.6884765625 0.8722222222222222 0.030859375
10 0.5 0.44375 0.8722222222222222 0.5203125
59 0.06388888888888888 0.18359375 0.0 0.0
7 0.4996527777777778 0.737890625 0.12708333333333333 0.0359375
8 0.5 0.7380859375 0.8722222222222222 0.068359375
117 0.06388888888888888 0.772265625 0.0 0.0
484 0.5 0.8064453125 0.8722222222222222 0.068359375
16 0.5 0.512109375 0.8722222222222222 0.65703125
5 0.5 0.4669921875 0.95 0.769140625
