17 0.0 0.0 0.0 0.0
22 0.9416666666666667 0.0328125 0.11666666666666667 0.065625
21 0.06805555555555555 0.0328125 0.1361111111111111 0.065625
80 0.5 0.0328125 1.0 0.065625
1616 0.25972222222222224 0.188671875 0.44166666666666665 0.24609375
38 0.4215277777777778 0.278515625 0.06944444444444445 0.0390625
21 0.03888888888888889 0.064453125 0.0 0.00234375
1616 0.7402777777777778 0.188671875 0.44166666666666665 0.24609375
38 0.9020833333333333 0.278515625 0.06944444444444445 0.0390625
21 0.5194444444444445 0.064453125 0.0 0.00234375
1616 0.25972222222222224 0.4578125 0.44166666666666665 0.2484375
38 0.4215277777777778 0.548828125 0.06944444444444445 0.0390625
21 0.03888888888888889 0.33359375 0.0 0.0
1616 0.7402777777777778 0.4578125 0.44166666666666665 0.2484375
38 0.9020833333333333 0.548828125 0.06944444444444445 0.0390625
21 0.5194444444444445 0.33359375 0.0 0.0
1616 0.25972222222222224 0.728125 0.44166666666666665 0.2484375
38 0.4215277777777778 0.819140625 0.06944444444444445 0.0390625
21 0.03888888888888889 0.60390625 0.0 0.0
1616 0.7402777777777778 0.728125 0.44166666666666665 0.2484375
38 0.9020833333333333 0.819140625 0.06944444444444445 0.0390625
21 0.5194444444444445 0.60390625 0.0 0.0
1616 0.25972222222222224 0.904296875 0.44166666666666665 0.06015625
21 0.03888888888888889 0.87421875 0.0 0.0
1616 0.7402777777777778 0.904296875 0.44166666666666665 0.06015625
21 0.5194444444444445 0.87421875 0.0 0.0
34 0.5 0.4671875 1.0 0.934375
4 0.5 0.9671875 1.0 0.065625
5 0.5 0.5 1.0 1.0
