1110 0.0 0.109375 0.0 0.0
6 0.0875 0.165625 0.09722222222222222 0.0546875
7 0.4152777777777778 0.180859375 0.48055555555555557 0.02578125
7 0.8180555555555555 0.180859375 0.2861111111111111 0.02578125
16 0.5680555555555555 0.180859375 0.7861111111111111 0.02578125
7 0.36666666666666664 0.180859375 0.38333333333333336 0.02578125
7 0.7694444444444445 0.180859375 0.38333333333333336 0.02578125
8 0.5 0.166015625 0.9222222222222223 0.09921875
16 0.5 0.258203125 0.9222222222222223 0.07109375
114 0.25243055555555555 0.2609375 0.4270833333333333 0.065625
4 0.4996527777777778 0.29375 0.06736111111111111 0.0
114 0.746875 0.2609375 0.4270833333333333 0.065625
16 0.5 0.2083984375 1.0 0.198046875
451 0.0 0.308984375 0.0 0.0
7 0.10520833333333333 0.345703125 0.1326388888888889 0.0296875
7 0.29375 0.3734375 0.5097222222222222 0.02578125
8 0.5 0.35859375 0.9222222222222223 0.09921875
451 0.0 0.409765625 0.0 0.0
7 0.13333333333333333 0.47421875 0.18888888888888888 0.02578125
8 0.5 0.459375 0.9222222222222223 0.09921875
451 0.0 0.510546875 0.0 0.0
7 0.146875 0.547265625 0.21597222222222223 0.0296875
7 0.21979166666666666 0.575 0.36180555555555555 0.02578125
8 0.5 0.56015625 0.9222222222222223 0.09921875
451 0.0 0.611328125 0.0 0.0
7 0.14930555555555555 0.648046875 0.22083333333333333 0.0296875
7 0.09513888888888888 0.67578125 0.1125 0.02578125
8 0.5 0.6609375 0.9222222222222223 0.09921875
451 0.0 0.712109375 0.0 0.0
7 0.17465277777777777 0.748828125 0.27152777777777776 0.0296875
7 0.15416666666666667 0.7765625 0.23055555555555557 0.02578125
8 0.5 0.76171875 0.9222222222222223 0.09921875
451 0.0 0.812890625 0.0 0.0
7 0.10034722222222223 0.849609375 0.12291666666666666 0.0296875
7 0.309375 0.87734375 0.5409722222222222 0.02578125
8 0.5 0.8625 0.9222222222222223 0.09921875
451 0.0 0.913671875 0.0 0.0
7 0.11041666666666666 0.9349609375 0.14305555555555555 0.001171875
7 0.3434027777777778 0.9498046875 0.6090277777777777 0.030859375
8 0.5 0.9240234375 0.9222222222222223 0.020703125
16 0.5 0.521875 1.0 0.825
7 0.12986111111111112 0.0708984375 0.18194444444444444 0.036328125
55 1.0 0.07109375 0.0 0.0765625
56 0.5 0.07109375 1.0 0.0765625
57 0.0 0.0328125 0.0 0.0
53 0.5 0.4671875 1.0 0.934375
4 0.5 0.9671875 1.0 0.065625
4 0.5 0.01640625 1.0 0.0328125
