17 0.0 0.0 0.0 0.0
44 0.07118055555555555 0.0328125 0.1423611111111111 0.065625
43 0.5 0.0326171875 0.7152777777777778 0.033203125
44 0.9288194444444444 0.0328125 0.1423611111111111 0.065625
16 0.5 0.0328125 1.0 0.065625
38 0.25590277777777776 0.0677734375 0.46319444444444446 0.004296875
38 0.7434027777777777 0.0677734375 0.46319444444444446 0.004296875
38 0.25590277777777776 0.2451171875 0.46319444444444446 0.260546875
38 0.4114583333333333 0.1576171875 0.15208333333333332 0.085546875
43 0.25590277777777776 0.244921875 0.46319444444444446 0.04375
43 0.25590277777777776 0.391796875 0.46319444444444446 0.0296875
38 0.7434027777777777 0.2451171875 0.46319444444444446 0.260546875
38 0.8989583333333333 0.1576171875 0.15208333333333332 0.085546875
43 0.7434027777777777 0.244921875 0.46319444444444446 0.04375
43 0.7434027777777777 0.391796875 0.46319444444444446 0.0296875
38 0.25590277777777776 0.5505859375 0.46319444444444446 0.260546875
38 0.4114583333333333 0.4630859375 0.15208333333333332 0.085546875
43 0.25590277777777776 0.550390625 0.46319444444444446 0.04375
43 0.25590277777777776 0.697265625 0.46319444444444446 0.0296875
38 0.7434027777777777 0.5505859375 0.46319444444444446 0.260546875
38 0.8989583333333333 0.4630859375 0.15208333333333332 0.085546875
43 0.7434027777777777 0.550390625 0.46319444444444446 0.04375
43 0.7434027777777777 0.697265625 0.46319444444444446 0.0296875
38 0.25590277777777776 0.8560546875 0.46319444444444446 0.260546875
38 0.4114583333333333 0.7685546875 0.15208333333333332 0.085546875
43 0.25590277777777776 0.855859375 0.46319444444444446 0.04375
43 0.25590277777777776 0.9939453125 0.46319444444444446 0.012109375
38 0.7434027777777777 0.8560546875 0.46319444444444446 0.260546875
38 0.8989583333333333 0.7685546875 0.15208333333333332 0.085546875
43 0.7434027777777777 0.855859375 0.46319444444444446 0.04375
43 0.7434027777777777 0.9939453125 0.46319444444444446 0.012109375
5 0.5 0.5 1.0 1.0
4 0.5 0.9671875 1.0 0.065625
