6 0.5 0.2591796875 0.7569444444444444 0.157421875
8 0.5 0.1921875 0.9513888888888888 0.29140625
177 0.5 0.36171875 0.7569444444444444 0.04765625
177 0.5 0.413671875 0.7569444444444444 0.04765625
114 0.5 0.4794921875 0.7569444444444444 0.056640625
114 0.2725694444444444 0.5453125 0.3020833333333333 0.053125
114 0.5 0.7462890625 0.7569444444444444 0.056640625
8 0.5 0.7462890625 0.9513888888888888 0.348828125
16 0.5 0.629296875 0.9513888888888888 0.5828125
57 0.0 0.0328125 0.0 0.0
53 0.5 0.4671875 1.0 0.934375
16 0.5 0.934375 1.0 0.0
54 0.04826388888888889 0.0697265625 0.09652777777777778 0.073828125
6 0.04895833333333333 0.06953125 0.06180555555555556 0.02421875
16 0.1638888888888889 0.06953125 0.13472222222222222 0.02578125
7 0.09652777777777778 0.056640625 0.0 0.0
16 0.115625 0.0697265625 0.23125 0.073828125
55 1.0 0.0697265625 0.0 0.073828125
56 0.5 0.0697265625 1.0 0.073828125
