0 0.0 0.0 0.0 0.0
7 0.09236111111111112 0.07109375 0.15555555555555556 0.04375
7 0.4583333333333333 0.07109375 0.5472222222222223 0.04375
19 0.8048611111111111 0.07109375 0.14583333333333334 0.04375
1617 0.9315972222222222 0.07109375 0.1076388888888889 0.04375
16 0.5 0.07109375 0.9708333333333333 0.04375
7 0.071875 0.1021484375 0.11458333333333333 0.018359375
7 0.18020833333333333 0.1021484375 0.07291666666666667 0.018359375
7 0.2722222222222222 0.1021484375 0.08194444444444444 0.018359375
7 0.37569444444444444 0.1021484375 0.0763888888888889 0.018359375
7 0.5125 0.1021484375 0.02638888888888889 0.018359375
7 0.6131944444444445 0.1021484375 0.12638888888888888 0.018359375
7 0.7104166666666667 0.1021484375 0.06805555555555555 0.018359375
16 0.39166666666666666 0.1021484375 0.7541666666666667 0.018359375
7 0.5 0.1333984375 0.9708333333333333 0.027734375
16 0.5 0.0982421875 1.0 0.114453125
16 0.5 0.245703125 1.0 0.1640625
205 0.190625 0.3578125 0.15763888888888888 0.04375
205 0.37430555555555556 0.3578125 0.20972222222222223 0.04375
205 0.5645833333333333 0.3578125 0.17083333333333334 0.04375
205 0.7614583333333333 0.3578125 0.22291666666666668 0.04375
273 0.49270833333333336 0.3578125 0.95625 0.04375
7 0.10625 0.4044921875 0.18333333333333332 0.033203125
51 0.5277777777777778 0.409765625 0.6111111111111112 0.04375
7 0.9184027777777778 0.4044921875 0.10486111111111111 0.033203125
342 0.49270833333333336 0.409765625 0.95625 0.04375
7 0.10625 0.4619140625 0.18333333333333332 0.033203125
51 0.5277777777777778 0.4671875 0.6111111111111112 0.04375
7 0.9142361111111111 0.4619140625 0.11319444444444444 0.033203125
342 0.49270833333333336 0.4671875 0.95625 0.04375
7 0.10625 0.5193359375 0.18333333333333332 0.033203125
51 0.5277777777777778 0.524609375 0.6111111111111112 0.04375
7 0.9142361111111111 0.5193359375 0.11319444444444444 0.033203125
342 0.49270833333333336 0.524609375 0.95625 0.04375
7 0.10625 0.5767578125 0.18333333333333332 0.033203125
51 0.5277777777777778 0.58203125 0.6111111111111112 0.04375
7 0.9284722222222223 0.5767578125 0.08472222222222223 0.033203125
342 0.49270833333333336 0.58203125 0.95625 0.04375
342 0.014583333333333334 0.3359375 0.0 0.0
16 0.11840277777777777 0.639453125 0.2076388888888889 0.04375
52 0.14444444444444443 0.639453125 0.07777777777777778 0.04375
51 0.5277777777777778 0.639453125 0.6111111111111112 0.04375
7 0.9145833333333333 0.6341796875 0.1125 0.033203125
342 0.49270833333333336 0.639453125 0.95625 0.04375
16 0.11840277777777777 0.696875 0.2076388888888889 0.04375
52 0.16875 0.696875 0.07777777777777778 0.04375
51 0.5277777777777778 0.696875 0.6111111111111112 0.04375
7 0.9145833333333333 0.6916015625 0.1125 0.033203125
342 0.49270833333333336 0.696875 0.95625 0.04375
7 0.10625 0.7490234375 0.18333333333333332 0.033203125
51 0.5277777777777778 0.754296875 0.6111111111111112 0.04375
7 0.9159722222222222 0.7490234375 0.10972222222222222 0.033203125
342 0.49270833333333336 0.754296875 0.95625 0.04375
341 0.49270833333333336 0.562890625 0.95625 0.45390625
16 0.5 0.63515625 1.0 0.5984375
52 0.0 0.866015625 0.0 0.0
52 0.11145833333333334 0.9001953125 0.19375 0.051953125
52 0.35381944444444446 0.9001953125 0.29097222222222224 0.051953125
52 0.6451388888888889 0.9001953125 0.2916666666666667 0.051953125
52 0.8881944444444444 0.9001953125 0.19444444444444445 0.051953125
16 0.5 0.9001953125 1.0 0.068359375
5 0.5 0.4671875 1.0 0.934375
