0 0.0 0.0 0.0 0.0
7 0.05416666666666667 0.0236328125 0.08333333333333333 0.033203125
177 0.5 0.0671875 0.975 0.05390625
7 0.09826388888888889 0.1380859375 0.17152777777777778 0.033203125
7 0.15208333333333332 0.1748046875 0.2791666666666667 0.040234375
51 0.6395833333333333 0.1765625 0.6958333333333333 0.04375
16 0.5 0.1765625 0.975 0.04375
7 0.10868055555555556 0.2423828125 0.19236111111111112 0.033203125
6 0.11006944444444444 0.3138671875 0.1951388888888889 0.109765625
6 0.30520833333333336 0.3138671875 0.1951388888888889 0.109765625
6 0.5003472222222223 0.3138671875 0.1951388888888889 0.109765625
6 0.6954861111111111 0.3138671875 0.1951388888888889 0.109765625
6 0.8902777777777777 0.313671875 0.19444444444444445 0.109375
16 0.5 0.3138671875 0.975 0.109765625
6 0.11006944444444444 0.4236328125 0.1951388888888889 0.109765625
6 0.30520833333333336 0.4236328125 0.1951388888888889 0.109765625
6 0.5003472222222223 0.4236328125 0.1951388888888889 0.109765625
6 0.6954861111111111 0.4236328125 0.1951388888888889 0.109765625
6 0.8902777777777777 0.4234375 0.19444444444444445 0.109375
16 0.5 0.4236328125 0.975 0.109765625
6 0.11006944444444444 0.5333984375 0.1951388888888889 0.109765625
6 0.30520833333333336 0.5333984375 0.1951388888888889 0.109765625
6 0.5003472222222223 0.5333984375 0.1951388888888889 0.109765625
6 0.6954861111111111 0.5333984375 0.1951388888888889 0.109765625
6 0.8902777777777777 0.533203125 0.19444444444444445 0.109375
16 0.5 0.5333984375 0.975 0.109765625
16 0.5 0.4236328125 0.975 0.329296875
7 0.09756944444444444 0.6322265625 0.1701388888888889 0.033203125
205 0.5 0.670703125 0.975 0.04375
205 0.5 0.714453125 0.975 0.04375
205 0.5 0.758203125 0.975 0.04375
205 0.5 0.80703125 0.975 0.05390625
16 0.5 0.74140625 0.975 0.18515625
114 0.5 0.894140625 0.975 0.065625
5 0.5 0.4671875 1.0 0.934375
