890 0.0 0.0328125 0.0 0.0
44 0.06805555555555555 0.07109375 0.1361111111111111 0.0765625
6 0.49930555555555556 0.07109375 0.3888888888888889 0.06015625
6 0.9465277777777777 0.07109375 0.0 0.0
1364 0.9465277777777777 0.07109375 0.10694444444444444 0.06015625
38 0.7930555555555555 0.07109375 0.15555555555555556 0.04375
45 1.0 0.07109375 0.0 0.0765625
891 0.5 0.07109375 1.0 0.0765625
1365 0.5 0.2734375 1.0 0.328125
1366 0.5 0.4203125 0.025 0.00703125
890 0.0 0.109375 0.0 0.0
38 0.0 0.4375 0.0 0.0
43 0.16666666666666666 0.4701171875 0.08055555555555556 0.022265625
127 0.16666666666666666 0.4703125 0.3333333333333333 0.065625
38 0.3333333333333333 0.4375 0.0 0.0
43 0.5 0.4701171875 0.07916666666666666 0.022265625
127 0.5 0.4703125 0.3333333333333333 0.065625
38 0.6666666666666666 0.4375 0.0 0.0
43 0.8329861111111111 0.4701171875 0.14375 0.022265625
127 0.8333333333333334 0.4703125 0.3333333333333333 0.065625
128 0.5 0.4703125 1.0 0.065625
1618 0.019444444444444445 0.516796875 0.0 0.0
1619 0.5 0.6798828125 0.9611111111111111 0.326171875
16 0.5 0.84296875 0.9611111111111111 0.0
1618 0.019444444444444445 0.8671875 0.0 0.0
1619 0.5 0.90078125 0.9611111111111111 0.0671875
106 0.5 0.71953125 1.0 0.4296875
34 0.5 0.48359375 1.0 0.9015625
71 0.03888888888888889 0.86328125 0.07777777777777778 0.04375
16 0.0 0.06015625 0.0 0.0546875
16 0.0 0.16875 0.0 0.0546875
16 0.0 0.223046875 0.0 0.0546875
16 0.0 0.27734375 0.0 0.0546875
35 0.0 0.16953125 0.0 0.2734375
893 0.0 0.48359375 0.0 0.9015625
5 0.5 0.5 1.0 1.0
4 0.5 0.9671875 1.0 0.065625
4 0.5 0.01640625 1.0 0.0328125
