38 0.0 0.0328125 0.0 0.0
1620 0.26840277777777777 0.0767578125 0.22569444444444445 0.033203125
38 0.07777777777777778 0.094140625 0.15555555555555556 0.0875
22 0.8152777777777778 0.07109375 0.1361111111111111 0.065625
22 0.9416666666666667 0.07109375 0.11666666666666667 0.065625
80 0.5 0.07109375 1.0 0.0765625
1387 0.0 0.109375 0.0 0.0
194 0.5 0.109375 0.09722222222222222 0.0
1621 0.5 0.4828125 1.0 0.746875
1620 0.5 0.4826171875 1.0 0.041796875
19 0.5 0.4828125 0.11666666666666667 0.0
117 0.5 0.9001953125 0.7777777777777778 0.068359375
195 0.5 0.9001953125 1.0 0.068359375
43 0.5 0.7814453125 0.4 0.070703125
71 0.2704861111111111 0.871484375 0.4340277777777778 0.065625
71 0.7295138888888889 0.871484375 0.4340277777777778 0.065625
16 0.5 0.871484375 0.9222222222222223 0.08203125
16 0.5 0.8361328125 1.0 0.196484375
5 0.5 0.5 1.0 1.0
1620 0.31979166666666664 0.1044921875 0.3284722222222222 0.022265625
43 0.3875 0.07890625 0.0125 0.02578125
38 0.7263888888888889 0.0888671875 0.029166666666666667 0.030078125
8 0.3888888888888889 0.0943359375 0.7777777777777778 0.123046875
38 0.05 0.183984375 0.06111111111111111 0.034375
1620 0.18229166666666666 0.1837890625 0.09652777777777778 0.027734375
1620 0.0 0.155859375 0.0 0.0
8 0.3888888888888889 0.183984375 0.7777777777777778 0.05625
38 0.05 0.241796875 0.06111111111111111 0.034375
1620 0.19375 0.2416015625 0.11944444444444445 0.027734375
1620 0.0 0.213671875 0.0 0.0
8 0.3888888888888889 0.241796875 0.7777777777777778 0.05625
38 0.05 0.299609375 0.06111111111111111 0.034375
1620 0.23715277777777777 0.2994140625 0.20625 0.027734375
1620 0.0 0.271484375 0.0 0.0
8 0.3888888888888889 0.299609375 0.7777777777777778 0.05625
38 0.05 0.357421875 0.06111111111111111 0.034375
1620 0.21597222222222223 0.3572265625 0.1638888888888889 0.027734375
1620 0.0 0.329296875 0.0 0.0
8 0.3888888888888889 0.357421875 0.7777777777777778 0.05625
38 0.05 0.415234375 0.06111111111111111 0.034375
1620 0.20416666666666666 0.4150390625 0.14027777777777778 0.027734375
1620 0.0 0.387109375 0.0 0.0
8 0.3888888888888889 0.415234375 0.7777777777777778 0.05625
38 0.05 0.473046875 0.06111111111111111 0.034375
1620 0.25625 0.4728515625 0.24444444444444444 0.027734375
1620 0.0 0.444921875 0.0 0.0
8 0.3888888888888889 0.473046875 0.7777777777777778 0.05625
38 0.05 0.530859375 0.06111111111111111 0.034375
1620 0.1909722222222222 0.5306640625 0.11388888888888889 0.027734375
1620 0.0 0.502734375 0.0 0.0
8 0.3888888888888889 0.530859375 0.7777777777777778 0.05625
38 0.05 0.588671875 0.06111111111111111 0.034375
1620 0.17916666666666667 0.5884765625 0.09027777777777778 0.027734375
1620 0.0 0.560546875 0.0 0.0
8 0.3888888888888889 0.588671875 0.7777777777777778 0.05625
38 0.05 0.646484375 0.06111111111111111 0.034375
1620 0.27847222222222223 0.6462890625 0.28888888888888886 0.027734375
1620 0.0 0.618359375 0.0 0.0
8 0.3888888888888889 0.646484375 0.7777777777777778 0.05625
38 0.05 0.704296875 0.06111111111111111 0.034375
1620 0.21840277777777778 0.7041015625 0.16875 0.027734375
1620 0.0 0.676171875 0.0 0.0
8 0.3888888888888889 0.704296875 0.7777777777777778 0.05625
38 0.05 0.762109375 0.06111111111111111 0.034375
1620 0.20798611111111112 0.7619140625 0.14791666666666667 0.027734375
1620 0.0 0.733984375 0.0 0.0
8 0.3888888888888889 0.762109375 0.7777777777777778 0.05625
38 0.05 0.819921875 0.06111111111111111 0.034375
1620 0.21319444444444444 0.8197265625 0.15833333333333333 0.027734375
1620 0.0 0.791796875 0.0 0.0
8 0.3888888888888889 0.819921875 0.7777777777777778 0.05625
38 0.05 0.877734375 0.06111111111111111 0.034375
1620 0.23645833333333333 0.8775390625 0.2048611111111111 0.027734375
1620 0.0 0.849609375 0.0 0.0
8 0.3888888888888889 0.877734375 0.7777777777777778 0.05625
38 0.05486111111111111 0.927734375 0.06111111111111111 0.01328125
1620 0.23159722222222223 0.9298828125 0.18541666666666667 0.008984375
1620 0.0 0.907421875 0.0 0.0
8 0.3888888888888889 0.9208984375 0.7777777777777778 0.026953125
10 0.3888888888888889 0.5451171875 0.7777777777777778 0.778515625
16 0.3888888888888889 0.48359375 0.7777777777777778 0.9015625
4 0.5 0.9671875 1.0 0.065625
4 0.5 0.01640625 1.0 0.0328125
