38 0.0 0.0 0.0 0.0
1151 0.5 0.28125 1.0 0.5625
38 0.06805555555555555 0.068359375 0.09722222222222222 0.0546875
38 0.42430555555555555 0.515234375 0.05138888888888889 0.02890625
43 0.5253472222222222 0.515234375 0.15069444444444444 0.0671875
50 0.4996527777777778 0.515234375 0.29930555555555555 0.0671875
43 0.5 0.5890625 1.0 0.053125
43 0.5 0.6501953125 1.0 0.069140625
43 0.5277777777777778 0.67734375 0.03888888888888889 0.02578125
43 0.0 0.5791015625 0.0 0.073046875
43 0.5 0.768359375 1.0 0.1421875
43 0.5277777777777778 0.83203125 0.03888888888888889 0.02578125
43 0.0 0.697265625 0.0 0.0
43 0.5 0.8931640625 1.0 0.082421875
43 0.5277777777777778 0.9541015625 0.03888888888888889 0.039453125
43 0.0 0.851953125 0.0 0.0
106 0.5 0.775 1.0 0.31875
5 0.5 0.5 1.0 1.0
19 0.5 0.4671875 0.11666666666666667 0.065625
38 0.9076388888888889 0.882421875 0.1361111111111111 0.0765625
38 0.06805555555555555 0.89609375 0.0875 0.04921875
4 0.5 0.9671875 1.0 0.065625
