17 0.0 0.0328125 0.0 0.0
7 0.3125 0.0708984375 0.3333333333333333 0.036328125
52 0.06805555555555555 0.07109375 0.1361111111111111 0.0765625
22 0.8444444444444444 0.07109375 0.11666666666666667 0.065625
568 0.9513888888888888 0.07109375 0.09722222222222222 0.065625
80 0.5 0.07109375 1.0 0.0765625
1622 0.5 0.25 1.0 0.28125
25 0.5 0.23359375 0.0875 0.04921875
20 0.5 0.278125 0.175 0.02578125
20 0.5 0.4337890625 0.9361111111111111 0.050390625
25 0.07569444444444444 0.51015625 0.058333333333333334 0.0328125
20 0.19826388888888888 0.5103515625 0.10902777777777778 0.036328125
20 0.603125 0.51015625 0.7006944444444444 0.0296875
16 0.5 0.5103515625 0.9611111111111111 0.066796875
25 0.07569444444444444 0.587890625 0.058333333333333334 0.0328125
20 0.20104166666666667 0.5880859375 0.11458333333333333 0.036328125
20 0.6059027777777778 0.587890625 0.6951388888888889 0.0296875
16 0.5 0.5880859375 0.9611111111111111 0.066796875
16 0.019444444444444445 0.5546875 0.0 0.0
25 0.07569444444444444 0.665625 0.058333333333333334 0.0328125
20 0.1996527777777778 0.6658203125 0.11180555555555556 0.036328125
20 0.6045138888888889 0.665625 0.6979166666666666 0.0296875
16 0.5 0.6658203125 0.9611111111111111 0.066796875
16 0.019444444444444445 0.632421875 0.0 0.0
25 0.07569444444444444 0.743359375 0.058333333333333334 0.0328125
20 0.22395833333333334 0.7435546875 0.16041666666666668 0.036328125
20 0.6288194444444445 0.743359375 0.6493055555555556 0.0296875
16 0.5 0.7435546875 0.9458333333333333 0.058203125
25 0.11458333333333333 0.80546875 0.175 0.065625
20 0.48055555555555557 0.8052734375 0.5569444444444445 0.033203125
21 0.8125 0.80546875 0.10694444444444444 0.0328125
21 0.9194444444444444 0.80546875 0.10694444444444444 0.0328125
1623 0.5 0.80546875 0.9458333333333333 0.065625
25 0.11458333333333333 0.8849609375 0.175 0.037890625
20 0.48055555555555557 0.89296875 0.5569444444444445 0.05390625
21 0.8125 0.8931640625 0.10694444444444444 0.054296875
21 0.9194444444444444 0.8931640625 0.10694444444444444 0.054296875
1623 0.5 0.8849609375 0.9458333333333333 0.037890625
25 0.11458333333333333 0.9177734375 0.175 0.103515625
20 0.48055555555555557 0.92578125 0.5569444444444445 0.11953125
21 0.8125 0.9259765625 0.10694444444444444 0.119921875
21 0.9194444444444444 0.9259765625 0.10694444444444444 0.119921875
1623 0.5 0.9177734375 0.9458333333333333 0.103515625
16 0.5 0.7880859375 0.9611111111111111 0.155859375
16 0.5 0.6337890625 0.9611111111111111 0.464453125
8 0.5 0.521875 1.0 0.825
25 0.9465277777777777 0.134375 0.058333333333333334 0.0328125
20 0.45868055555555554 0.1345703125 0.86875 0.036328125
1624 0.5 0.1345703125 1.0 0.050390625
117 0.5 0.9001953125 1.0 0.068359375
34 0.5 0.48359375 1.0 0.9015625
8 0.0 0.11484375 0.0 0.1640625
82 0.0 0.240625 0.0 0.065625
82 0.0 0.30625 0.0 0.065625
50 0.0 0.35078125 0.0 0.0234375
82 0.0 0.3953125 0.0 0.065625
82 0.0 0.4609375 0.0 0.065625
50 0.0 0.50546875 0.0 0.0234375
82 0.0 0.55 0.0 0.065625
82 0.0 0.615625 0.0 0.065625
113 0.0 0.48359375 0.0 0.9015625
4 0.5 0.9671875 1.0 0.065625
4 0.5 0.01640625 1.0 0.0328125
5 0.5 0.5 1.0 1.0
