0 0.0 0.0 0.0 0.0
6 0.1 0.02734375 0.07777777777777778 0.04375
8 0.10347222222222222 0.04375 0.20694444444444443 0.0875
6 0.3 0.02734375 0.07777777777777778 0.04375
7 0.3 0.0609375 0.10833333333333334 0.02578125
8 0.3 0.04375 0.21388888888888888 0.0875
6 0.5 0.02734375 0.07777777777777778 0.04375
7 0.4996527777777778 0.0609375 0.1326388888888889 0.02578125
8 0.5 0.04375 0.21388888888888888 0.0875
6 0.7 0.02734375 0.07777777777777778 0.04375
8 0.7 0.04375 0.21388888888888888 0.0875
6 0.9 0.02734375 0.07777777777777778 0.04375
7 0.9 0.0609375 0.12361111111111112 0.02578125
8 0.8965277777777778 0.04375 0.20694444444444443 0.0875
89 0.5 0.0341796875 1.0 0.068359375
50 0.0 0.0875 0.0 0.0
10 0.5 0.0875 1.0 0.0
16 0.5 0.5109375 1.0 0.846875
5 0.5 0.4671875 1.0 0.934375
117 0.5 0.9001953125 1.0 0.068359375
