52 0.0 0.0328125 0.0 0.0
52 0.07083333333333333 0.07265625 0.14166666666666666 0.0796875
52 0.9291666666666667 0.07265625 0.14166666666666666 0.0796875
6 0.5 0.07265625 0.7166666666666667 0.05234375
206 0.5 0.07265625 1.0 0.0796875
52 0.0125 0.818359375 0.0 0.0
52 0.09618055555555556 0.8728515625 0.1423611111111111 0.080078125
1629 0.2635416666666667 0.8728515625 0.1423611111111111 0.080078125
6 0.3909722222222222 0.8369140625 0.05277777777777778 0.011328125
8 0.5923611111111111 0.8369140625 0.45555555555555555 0.022265625
7 0.5923611111111111 0.8591796875 0.45555555555555555 0.022265625
7 0.4013888888888889 0.9087890625 0.07361111111111111 0.022265625
7 0.7659722222222223 0.9087890625 0.07361111111111111 0.022265625
8 0.5836805555555555 0.9087890625 0.47291666666666665 0.022265625
52 0.9038194444444444 0.8728515625 0.1423611111111111 0.080078125
206 0.5 0.8728515625 0.975 0.108984375
1630 0.5 0.270703125 1.0 0.31640625
1629 0.0 0.1125 0.0 0.0
1631 0.07777777777777778 0.270703125 0.09722222222222222 0.0546875
1631 0.9253472222222222 0.2705078125 0.09097222222222222 0.045703125
19 0.4996527777777778 0.2705078125 0.07291666666666667 0.041015625
52 0.08819444444444445 0.161328125 0.07916666666666666 0.04453125
7 0.4996527777777778 0.2705078125 0.27708333333333335 0.048828125
7 0.04861111111111111 0.4470703125 0.09722222222222222 0.036328125
16 0.5 0.4470703125 1.0 0.036328125
1629 0.0 0.465234375 0.0 0.0
7 0.5159722222222223 0.7771484375 0.8708333333333333 0.048046875
52 0.2611111111111111 0.5521484375 0.43194444444444446 0.123046875
7 0.2611111111111111 0.6181640625 0.12083333333333333 0.049609375
52 0.2611111111111111 0.68046875 0.43194444444444446 0.1234375
16 0.2611111111111111 0.621875 0.43194444444444446 0.2625
52 0.7385416666666667 0.5521484375 0.4326388888888889 0.123046875
7 0.7381944444444445 0.6181640625 0.12083333333333333 0.049609375
52 0.7385416666666667 0.68046875 0.4326388888888889 0.1234375
16 0.7385416666666667 0.621875 0.4326388888888889 0.2625
8 0.5 0.63828125 1.0 0.34609375
206 0.5 0.4619140625 1.0 0.698828125
7 0.146875 0.06640625 0.21319444444444444 0.0921875
1632 0.8538194444444445 0.0736328125 0.21180555555555555 0.077734375
7 0.3940972222222222 0.0890625 0.7076388888888889 0.046875
8 0.5 0.0890625 1.0 0.046875
7 0.18888888888888888 0.1435546875 0.2902777777777778 0.027734375
1632 0.8565972222222222 0.1435546875 0.21180555555555555 0.042578125
7 0.3940972222222222 0.1724609375 0.7076388888888889 0.018359375
8 0.5 0.1435546875 1.0 0.062109375
16 0.5 0.2072265625 1.0 0.062109375
7 0.5 0.2740234375 1.0 0.068359375
7 0.4892361111111111 0.3669921875 0.8979166666666667 0.027734375
7 0.8336805555555555 0.365234375 0.08402777777777778 0.02421875
8 0.5 0.3669921875 1.0 0.068359375
7 0.5 0.4353515625 1.0 0.068359375
7 0.5 0.5037109375 1.0 0.068359375
7 0.5 0.5720703125 1.0 0.068359375
7 0.5 0.6404296875 1.0 0.068359375
7 0.5 0.7087890625 1.0 0.068359375
7 0.5 0.7771484375 1.0 0.068359375
7 0.40381944444444445 0.20703125 0.7201388888888889 0.03359375
16 0.0 0.176171875 0.0 0.0
1629 0.8875 0.20703125 0.15 0.04453125
4 0.5 0.2390625 1.0 0.0015625
50 0.5 0.4220703125 1.0 0.778515625
6 0.5 0.79765625 0.4861111111111111 0.2734375
5 0.5 0.4671875 1.0 0.934375
