8 0.5 0.48359375 1.0 0.9015625
1633 0.4996527777777778 0.3267578125 0.1701388888888889 0.095703125
1634 0.5 0.1720703125 0.3875 0.045703125
6 0.5 0.29609375 0.24305555555555555 0.13671875
1634 0.5 0.451171875 0.8680555555555556 0.0859375
16 0.5 0.3216796875 0.9263888888888889 0.344921875
1635 0.5 0.8203125 0.8541666666666666 0.065625
1634 0.4996527777777778 0.89609375 0.21597222222222223 0.0625
16 0.5 0.8609375 1.0 0.146875
1634 0.8871527777777778 0.0630859375 0.22569444444444445 0.060546875
1634 0.5 0.9041015625 0.3472222222222222 0.033203125
177 0.5 0.513671875 0.8541666666666666 0.05390625
16 0.5 0.41015625 1.0 0.2609375
50 0.5 0.41015625 1.0 0.7546875
0 0.0 0.0 0.0 0.0
4 0.5 0.9671875 1.0 0.065625
4 0.5 0.01640625 1.0 0.0328125
5 0.5 0.5 1.0 1.0
