1636 0.5 0.48359375 1.0 0.9015625
1637 0.5 0.0548828125 0.8694444444444445 0.044140625
1638 0.5 0.07109375 1.0 0.0765625
114 0.15034722222222222 0.380078125 0.22708333333333333 0.07578125
114 0.8378472222222222 0.380078125 0.25069444444444444 0.06875
8 0.5 0.380078125 1.0 0.109375
7 0.9100694444444445 0.1720703125 0.049305555555555554 0.027734375
7 0.4513888888888889 0.1748046875 0.7722222222222223 0.033203125
7 0.06527777777777778 0.158203125 0.0 0.0
4 0.06666666666666667 0.2119140625 0.002777777777777778 0.041015625
16 0.5 0.2119140625 0.8694444444444445 0.041015625
7 0.46111111111111114 0.2830078125 0.7916666666666666 0.068359375
7 0.16458333333333333 0.3392578125 0.1986111111111111 0.022265625
1637 0.5 0.4953125 0.8694444444444445 0.24609375
1639 0.06527777777777778 0.372265625 0.0 0.0
8 0.5 0.38828125 0.8694444444444445 0.46015625
1638 0.5 0.380078125 1.0 0.54140625
114 0.8378472222222222 0.716015625 0.25069444444444444 0.06875
1640 0.5 0.716015625 1.0 0.13046875
6 0.11979166666666667 0.716015625 0.18680555555555556 0.0546875
8 0.44583333333333336 0.7158203125 0.4652777777777778 0.060546875
7 0.9180555555555555 0.8439453125 0.03333333333333333 0.027734375
7 0.4513888888888889 0.8466796875 0.7722222222222223 0.033203125
7 0.06527777777777778 0.830078125 0.0 0.0
4 0.06666666666666667 0.8837890625 0.002777777777777778 0.041015625
16 0.5 0.8837890625 0.8694444444444445 0.041015625
7 0.46111111111111114 0.9275390625 0.7916666666666666 0.013671875
8 0.5 0.8822265625 0.8694444444444445 0.104296875
1638 0.5 0.8578125 1.0 0.153125
194 0.5 0.0328125 0.09722222222222222 0.0
8 0.5 0.0287109375 1.0 0.008203125
1633 0.06979166666666667 0.01875 0.06597222222222222 0.028125
1639 1.0 0.0328125 0.0 0.0
1639 0.846875 0.0224609375 0.10208333333333333 0.020703125
1639 0.7361111111111112 0.025 0.11944444444444445 0.015625
1639 0.0 0.066796875 0.0 0.06171875
19 0.5 0.48359375 0.11666666666666667 0.065625
1639 0.0 0.0328125 0.0 0.0
1639 0.057291666666666664 0.066796875 0.11458333333333333 0.06171875
1639 1.0 0.066796875 0.0 0.06171875
7 0.5 0.0669921875 0.7708333333333334 0.033203125
4 0.5 0.1052734375 1.0 0.008203125
8 0.5 0.934375 1.0 0.0
1639 0.0 0.934375 0.0 0.0
1639 0.9427083333333334 0.9359375 0.11458333333333333 0.003125
1639 0.828125 0.9359375 0.11458333333333333 0.003125
1639 0.7135416666666666 0.9359375 0.11458333333333333 0.003125
1637 0.0 0.19296875 0.0 0.3203125
16 0.0 0.36015625 0.0 0.6546875
1641 0.0 0.48359375 0.0 0.9015625
1639 0.0 0.9 0.0 0.06171875
1637 1.0 0.101171875 0.0 0.0
1641 1.0 0.48359375 0.0 0.9015625
1639 1.0 0.866015625 0.0 0.0
19 1.0 0.0396484375 0.0 0.013671875
5 0.5 0.5 1.0 1.0
