17 0.0 0.0 0.0 0.0
43 0.2743055555555556 0.0708984375 0.2763888888888889 0.033203125
52 0.06805555555555555 0.07109375 0.1361111111111111 0.0765625
22 0.9416666666666667 0.07109375 0.11666666666666667 0.065625
80 0.5 0.07109375 1.0 0.0765625
38 0.0 0.109375 0.0 0.0
43 0.12465277777777778 0.1421875 0.10486111111111111 0.02578125
127 0.125 0.1421875 0.25 0.065625
38 0.25 0.109375 0.0 0.0
43 0.375 0.1421875 0.14722222222222223 0.02578125
127 0.375 0.1421875 0.25 0.065625
38 0.5 0.109375 0.0 0.0
43 0.625 0.1421875 0.09027777777777778 0.02578125
127 0.625 0.1421875 0.25 0.065625
38 0.75 0.109375 0.0 0.0
43 0.875 0.1421875 0.09305555555555556 0.02578125
127 0.875 0.1421875 0.25 0.065625
128 0.5 0.1421875 1.0 0.065625
38 0.0 0.242578125 0.0 0.13515625
41 0.0 0.2994140625 0.0 0.248828125
38 0.0 0.6234375 0.0 0.371875
41 0.0 0.6802734375 0.0 0.485546875
103 0.0 0.5546875 0.0 0.759375
38 0.5 0.196875 1.0 0.04375
43 0.5 0.272265625 0.9611111111111111 0.02578125
43 0.14583333333333334 0.3044921875 0.25277777777777777 0.027734375
43 0.346875 0.3044921875 0.14930555555555555 0.027734375
16 0.40625 0.3044921875 0.7736111111111111 0.027734375
1642 0.8263888888888888 0.3017578125 0.06666666666666667 0.022265625
43 0.925 0.3087890625 0.1111111111111111 0.036328125
16 0.5 0.3087890625 0.9611111111111111 0.036328125
41 0.5 0.2537109375 1.0 0.157421875
38 0.5 0.53203125 1.0 0.371875
38 0.0 0.34609375 0.0 0.0
43 0.5 0.771484375 0.9611111111111111 0.02578125
43 0.1857638888888889 0.8037109375 0.3326388888888889 0.027734375
43 0.3170138888888889 0.8037109375 0.14930555555555555 0.027734375
16 0.40625 0.8037109375 0.7736111111111111 0.027734375
1642 0.8263888888888888 0.8009765625 0.06666666666666667 0.022265625
43 0.925 0.8080078125 0.1111111111111111 0.036328125
16 0.5 0.8080078125 0.9611111111111111 0.036328125
41 0.5 0.5888671875 1.0 0.485546875
38 0.5 0.88984375 1.0 0.0890625
38 0.0 0.8453125 0.0 0.0
103 0.5 0.5546875 1.0 0.759375
194 0.5 0.175 0.09722222222222222 0.0
43 0.34444444444444444 0.46953125 0.0 0.0
19 0.49930555555555556 0.521484375 0.18472222222222223 0.10390625
43 0.4996527777777778 0.6009765625 0.3104166666666667 0.033203125
16 0.4996527777777778 0.5544921875 0.3104166666666667 0.169921875
38 1.0 0.3609375 0.0 0.371875
38 1.0 0.175 0.0 0.0
41 1.0 0.4021484375 0.0 0.454296875
38 1.0 0.788671875 0.0 0.29140625
38 1.0 0.64296875 0.0 0.0
103 1.0 0.5546875 0.0 0.759375
38 0.0 0.175 0.0 0.0
34 0.5 0.4671875 1.0 0.934375
38 0.0 0.108203125 0.0 0.21640625
1643 0.0 0.1037109375 0.0 0.086328125
4 0.0 0.2169921875 0.0 0.001171875
16 0.0 0.392578125 0.0 0.065625
16 0.0 0.458203125 0.0 0.065625
8 0.0 0.502734375 0.0 0.0234375
16 0.0 0.547265625 0.0 0.065625
16 0.0 0.6087890625 0.0 0.057421875
4 0.0 0.661328125 0.0 0.0015625
43 0.0 0.696875 0.0 0.06953125
867 0.0 0.4671875 0.0 0.934375
4 0.5 0.9671875 1.0 0.065625
5 0.5 0.5 1.0 1.0
