17 0.0 0.0328125 0.0 0.0
38 0.06736111111111111 0.070703125 0.06111111111111111 0.034375
38 0.5 0.070703125 0.10972222222222222 0.06171875
8 0.5 0.0705078125 1.0 0.075390625
71 0.16666666666666666 0.127734375 0.3333333333333333 0.053125
71 0.5 0.128515625 0.3333333333333333 0.0546875
71 0.8333333333333334 0.128515625 0.3333333333333333 0.0546875
16 0.5 0.128515625 1.0 0.0546875
19 0.5 0.374609375 0.11666666666666667 0.065625
38 0.5 0.3501953125 0.9513888888888888 0.369140625
38 0.0 0.155859375 0.0 0.0
43 0.4996527777777778 0.5529296875 0.24791666666666667 0.033203125
71 0.5 0.6755859375 0.3888888888888889 0.068359375
71 0.1232638888888889 0.6763671875 0.12430555555555556 0.069921875
38 0.8635416666666667 0.6767578125 0.15069444444444444 0.084765625
8 0.5 0.6767578125 1.0 0.084765625
8 0.5 0.441015625 1.0 0.5703125
16 0.5 0.4798828125 1.0 0.757421875
8 0.5 0.8966796875 1.0 0.075390625
38 0.20347222222222222 0.888671875 0.09722222222222222 0.0546875
43 0.20347222222222222 0.9251953125 0.14166666666666666 0.018359375
38 0.4166666666666667 0.888671875 0.09722222222222222 0.0546875
43 0.4170138888888889 0.9251953125 0.11458333333333333 0.018359375
38 0.6222222222222222 0.888671875 0.09722222222222222 0.0546875
43 0.6222222222222222 0.9251953125 0.125 0.018359375
38 0.81875 0.888671875 0.09722222222222222 0.0546875
43 0.8184027777777778 0.9251953125 0.06736111111111111 0.018359375
38 0.959375 0.0677734375 0.05625 0.031640625
8 0.0 0.48359375 0.0 0.9015625
19 0.5 0.48359375 0.11666666666666667 0.065625
34 0.5 0.48359375 1.0 0.9015625
4 0.5 0.9671875 1.0 0.065625
4 0.5 0.01640625 1.0 0.0328125
5 0.5 0.5 1.0 1.0
