17 0.0 0.0 0.0 0.0
484 0.5 0.9001953125 1.0 0.068359375
7 0.34097222222222223 0.0708984375 0.33194444444444443 0.036328125
52 0.06805555555555555 0.07109375 0.1361111111111111 0.0765625
22 0.9319444444444445 0.07109375 0.1361111111111111 0.065625
80 0.5 0.07109375 1.0 0.0765625
38 0.5 0.232421875 1.0 0.24609375
43 0.5 0.2931640625 1.0 0.124609375
38 0.1451388888888889 0.4203125 0.2222222222222222 0.0703125
43 0.6111111111111112 0.4091796875 0.7097222222222223 0.066015625
43 0.6111111111111112 0.4533203125 0.7097222222222223 0.022265625
8 0.5 0.4203125 0.9708333333333333 0.11015625
5 0.5 0.5 1.0 1.0
38 0.1451388888888889 0.5359375 0.2222222222222222 0.0703125
43 0.6111111111111112 0.5248046875 0.7097222222222223 0.066015625
43 0.6111111111111112 0.5689453125 0.7097222222222223 0.022265625
8 0.5 0.5359375 0.9708333333333333 0.11015625
38 0.1451388888888889 0.6515625 0.2222222222222222 0.0703125
43 0.6111111111111112 0.6404296875 0.7097222222222223 0.066015625
43 0.6111111111111112 0.6845703125 0.7097222222222223 0.022265625
8 0.5 0.6515625 0.9708333333333333 0.11015625
38 0.1451388888888889 0.7671875 0.2222222222222222 0.0703125
43 0.6111111111111112 0.7560546875 0.7097222222222223 0.066015625
43 0.6111111111111112 0.8001953125 0.7097222222222223 0.022265625
8 0.5 0.7671875 0.9708333333333333 0.11015625
38 0.1451388888888889 0.8568359375 0.2222222222222222 0.018359375
43 0.6111111111111112 0.8853515625 0.7097222222222223 0.038671875
8 0.5 0.846875 0.9708333333333333 0.03828125
16 0.5 0.4876953125 1.0 0.756640625
43 0.5 0.866015625 0.16666666666666666 0.0
38 0.36944444444444446 0.1333984375 0.7388888888888889 0.266796875
43 0.36944444444444446 0.2169921875 0.7388888888888889 0.099609375
16 0.36944444444444446 0.29375 0.7388888888888889 0.05390625
43 0.36944444444444446 0.294140625 0.6611111111111111 0.02578125
43 0.36944444444444446 0.355078125 0.6611111111111111 0.04375
43 0.0 0.320703125 0.0 0.0
43 0.36944444444444446 0.423828125 0.6611111111111111 0.04375
43 0.0 0.389453125 0.0 0.0
1644 0.36944444444444446 0.4671875 0.7388888888888889 0.934375
4 0.5 0.9671875 1.0 0.065625
