43 0.0 0.0 0.0 0.0
16 0.5 0.182421875 0.03888888888888889 0.02578125
711 0.2673611111111111 0.1353515625 0.4861111111111111 0.041015625
709 0.0 0.101953125 0.0 0.0015625
710 0.22291666666666668 0.1951171875 0.3486111111111111 0.023828125
710 0.16875 0.219921875 0.24027777777777778 0.01875
710 0.11875 0.25390625 0.14027777777777778 0.01796875
710 0.39166666666666666 0.25390625 0.3861111111111111 0.01796875
709 0.5 0.2859375 1.0 0.02734375
710 0.08020833333333334 0.30859375 0.06319444444444444 0.01796875
710 0.30868055555555557 0.28125 0.38819444444444445 0.01796875
710 0.16875 0.30859375 0.09444444444444444 0.01796875
709 0.5 0.31328125 1.0 0.02734375
710 0.12534722222222222 0.342578125 0.15347222222222223 0.01796875
710 0.25625 0.36328125 0.4152777777777778 0.01796875
709 0.5 0.3890625 0.9027777777777778 0.0015625
710 0.2947916666666667 0.4138671875 0.49236111111111114 0.023828125
710 0.21631944444444445 0.43828125 0.33541666666666664 0.01796875
710 0.25555555555555554 0.458984375 0.41388888888888886 0.01796875
709 0.5 0.491796875 0.9027777777777778 0.0015625
710 0.12777777777777777 0.5166015625 0.15833333333333333 0.023828125
710 0.0763888888888889 0.53984375 0.05555555555555555 0.015625
710 0.38993055555555556 0.53984375 0.5618055555555556 0.01484375
709 0.5 0.545703125 1.0 0.02734375
709 0.5 0.566796875 0.9027777777777778 0.0015625
710 0.12638888888888888 0.5916015625 0.15555555555555556 0.023828125
710 0.2795138888888889 0.61484375 0.4618055555555556 0.01484375
710 0.5965277777777778 0.61484375 0.1625 0.015625
709 0.5 0.620703125 1.0 0.02734375
1645 0.5 0.8287109375 0.7083333333333334 0.041015625
710 0.121875 0.66796875 0.1951388888888889 0.02109375
709 0.5 0.66796875 1.0 0.034375
710 0.5194444444444445 0.7203125 0.9611111111111111 0.0296875
710 0.10902777777777778 0.761328125 0.14027777777777778 0.01484375
710 0.23541666666666666 0.761328125 0.10277777777777777 0.015625
710 0.49895833333333334 0.761328125 0.41458333333333336 0.01484375
709 0.5 0.761328125 0.9222222222222223 0.015625
710 0.3909722222222222 0.774609375 0.7041666666666667 0.01484375
709 0.5 0.7478515625 1.0 0.194140625
709 0.8503472222222223 0.8287109375 0.007638888888888889 0.041015625
710 0.26944444444444443 0.828515625 0.1986111111111111 0.01796875
709 0.5 0.792578125 1.0 0.28359375
1646 0.5 0.5177734375 1.0 0.833203125
16 0.325 0.866015625 0.03888888888888889 0.02578125
710 0.5 0.8658203125 0.12777777777777777 0.022265625
708 0.6746527777777778 0.8658203125 0.03958333333333333 0.020703125
1645 0.5 0.866015625 0.4861111111111111 0.0546875
1645 0.5 0.8658203125 0.8 0.055078125
1645 0.06076388888888889 0.0669921875 0.12152777777777778 0.068359375
709 0.0 0.171875 0.0 0.0015625
709 0.0 0.23515625 0.0 0.0015625
709 0.0 0.2984375 0.0 0.0015625
709 0.0 0.36171875 0.0 0.0015625
1645 0.0 0.393359375 0.0 0.06171875
709 0.0 0.48828125 0.0 0.0015625
709 0.0 0.5515625 0.0 0.0015625
709 0.0 0.61484375 0.0 0.0015625
709 0.0 0.678125 0.0 0.0015625
709 0.0 0.74140625 0.0 0.0015625
709 0.0 0.810546875 0.0 0.13671875
1646 0.0 0.48359375 0.0 0.9015625
711 0.4996527777777778 0.0662109375 0.3645833333333333 0.030859375
712 0.3173611111111111 0.05078125 0.0 0.0
710 0.20555555555555555 0.0669921875 0.16805555555555557 0.068359375
1645 0.9392361111111112 0.0669921875 0.12152777777777778 0.068359375
709 0.5 0.0669921875 1.0 0.068359375
5 0.5 0.5 1.0 1.0
4 0.5 0.9671875 1.0 0.065625
4 0.5 0.01640625 1.0 0.0328125
