36 0.0 0.0328125 0.0 0.0
42 0.5 0.48359375 1.0 0.9015625
43 0.275 0.0708984375 0.2 0.036328125
44 0.06805555555555555 0.07109375 0.1361111111111111 0.0765625
22 0.7277777777777777 0.07109375 0.11666666666666667 0.065625
22 0.8444444444444444 0.07109375 0.11666666666666667 0.065625
304 0.9513888888888888 0.07109375 0.09722222222222222 0.065625
45 0.8347222222222223 0.07109375 0.33055555555555555 0.0765625
46 0.5 0.07109375 1.0 0.0765625
5 0.5 0.5 1.0 1.0
4 0.5 0.9671875 1.0 0.065625
4 0.5 0.01640625 1.0 0.0328125
