1289 0.0 0.0328125 0.0 0.0
43 0.35347222222222224 0.0708984375 0.35694444444444445 0.036328125
44 0.06805555555555555 0.07109375 0.1361111111111111 0.0765625
45 1.0 0.07109375 0.0 0.0765625
80 0.5 0.07109375 1.0 0.0765625
1647 0.0 0.109375 0.0 0.0
38 0.16666666666666666 0.203125 0.3333333333333333 0.1875
43 0.06041666666666667 0.122265625 0.12083333333333333 0.02578125
43 0.05659722222222222 0.283984375 0.11319444444444444 0.02578125
38 0.5 0.203125 0.3333333333333333 0.1875
1647 0.3333333333333333 0.109375 0.0 0.0
43 0.3996527777777778 0.283984375 0.1326388888888889 0.02578125
38 0.8333333333333334 0.203125 0.3333333333333333 0.1875
43 0.7263888888888889 0.122265625 0.11944444444444445 0.02578125
43 0.7329861111111111 0.283984375 0.1326388888888889 0.02578125
1647 0.6913194444444445 0.1447265625 0.034027777777777775 0.019140625
1647 0.6666666666666666 0.109375 0.0 0.0
38 0.16666666666666666 0.390625 0.3333333333333333 0.1875
43 0.13506944444444444 0.309765625 0.2701388888888889 0.02578125
43 0.05 0.497265625 0.1 0.02578125
1647 0.024652777777777777 0.3322265625 0.034027777777777775 0.019140625
1647 0.0 0.296875 0.0 0.0
38 0.5 0.390625 0.3333333333333333 0.1875
43 0.5 0.309765625 0.3333333333333333 0.02578125
43 0.421875 0.497265625 0.17708333333333334 0.02578125
1647 0.3996527777777778 0.3322265625 0.034027777777777775 0.019140625
1647 0.3333333333333333 0.296875 0.0 0.0
38 0.8333333333333334 0.390625 0.3333333333333333 0.1875
43 0.7649305555555556 0.309765625 0.19652777777777777 0.02578125
43 0.7211805555555556 0.497265625 0.10902777777777778 0.02578125
1647 0.6913194444444445 0.3322265625 0.034027777777777775 0.019140625
1647 0.6666666666666666 0.296875 0.0 0.0
38 0.16666666666666666 0.578125 0.3333333333333333 0.1875
43 0.06180555555555556 0.684765625 0.12361111111111112 0.02578125
1647 0.024652777777777777 0.5197265625 0.034027777777777775 0.019140625
1647 0.0 0.484375 0.0 0.0
38 0.5 0.578125 0.3333333333333333 0.1875
43 0.38298611111111114 0.684765625 0.09930555555555555 0.02578125
1647 0.3579861111111111 0.5197265625 0.034027777777777775 0.019140625
1647 0.3333333333333333 0.484375 0.0 0.0
38 0.8333333333333334 0.578125 0.3333333333333333 0.1875
43 0.7329861111111111 0.658984375 0.1326388888888889 0.02578125
1647 0.6913194444444445 0.5197265625 0.034027777777777775 0.019140625
1647 0.6666666666666666 0.484375 0.0 0.0
38 0.16666666666666666 0.765625 0.3333333333333333 0.1875
43 0.06631944444444444 0.846484375 0.1326388888888889 0.02578125
1647 0.0 0.671875 0.0 0.0
38 0.5 0.765625 0.3333333333333333 0.1875
43 0.3854166666666667 0.846484375 0.10416666666666667 0.02578125
1647 0.3579861111111111 0.7072265625 0.034027777777777775 0.019140625
1647 0.3333333333333333 0.671875 0.0 0.0
38 0.8333333333333334 0.765625 0.3333333333333333 0.1875
1647 0.6666666666666666 0.671875 0.0 0.0
43 0.7329861111111111 0.846484375 0.1326388888888889 0.02578125
38 0.16666666666666666 0.8626953125 0.3333333333333333 0.006640625
1647 0.0 0.859375 0.0 0.0
38 0.5 0.8626953125 0.3333333333333333 0.006640625
1647 0.3333333333333333 0.859375 0.0 0.0
38 0.8333333333333334 0.8626953125 0.3333333333333333 0.006640625
1647 0.6666666666666666 0.859375 0.0 0.0
103 0.5 0.4876953125 1.0 0.756640625
194 0.5 0.095703125 0.0 0.02734375
6 0.31979166666666664 0.821875 0.07847222222222222 0.0421875
1648 0.4996527777777778 0.8224609375 0.43819444444444444 0.043359375
646 0.5 0.9001953125 1.0 0.068359375
687 0.5 0.9001953125 0.7777777777777778 0.068359375
34 0.5 0.48359375 1.0 0.9015625
4 0.5 0.9671875 1.0 0.065625
4 0.5 0.01640625 1.0 0.0328125
5 0.5 0.5 1.0 1.0
