1647 0.0 0.0328125 0.0 0.0
34 0.5 0.48359375 1.0 0.9015625
43 0.2048611111111111 0.71875 0.3125 0.0296875
43 0.09305555555555556 0.7484375 0.08888888888888889 0.0296875
16 0.5 0.714453125 1.0 0.09765625
43 0.209375 0.80546875 0.3215277777777778 0.0296875
43 0.12430555555555556 0.83515625 0.15138888888888888 0.0296875
16 0.5 0.806640625 1.0 0.08671875
43 0.0 0.85 0.0 0.0
16 0.5 0.878515625 1.0 0.05703125
43 0.1875 0.8921875 0.2777777777777778 0.0296875
43 0.0 0.90703125 0.0 0.0
1075 0.5 0.9337890625 1.0 0.001171875
646 0.0 0.665625 0.0 0.0
16 0.5 0.8 1.0 0.26875
1173 0.8614583333333333 0.6728515625 0.1798611111111111 0.101171875
43 0.5 0.5626953125 0.9027777777777778 0.062109375
43 0.5 0.6119140625 0.9027777777777778 0.036328125
1647 0.07326388888888889 0.6685546875 0.07291666666666667 0.041015625
1647 0.1829861111111111 0.6685546875 0.07291666666666667 0.041015625
1647 0.29270833333333335 0.6685546875 0.07291666666666667 0.041015625
44 0.06805555555555555 0.07109375 0.1361111111111111 0.0765625
173 0.9513888888888888 0.07109375 0.09722222222222222 0.065625
80 0.5 0.07109375 1.0 0.0765625
43 0.5 0.9337890625 0.9416666666666667 0.001171875
4 0.5 0.9671875 1.0 0.065625
4 0.5 0.01640625 1.0 0.0328125
5 0.5 0.5 1.0 1.0
