38 0.0 0.0 0.0 0.0
38 0.5 0.150390625 1.0 0.30078125
1654 0.5 0.373828125 0.8055555555555556 0.08046875
1654 0.5 0.4349609375 0.5652777777777778 0.019921875
16 0.4996527777777778 0.4658203125 0.17569444444444443 0.019921875
38 0.41180555555555554 0.455859375 0.0 0.0
38 0.03888888888888889 0.30078125 0.0 0.0
16 0.5 0.4046875 0.9222222222222223 0.2078125
38 0.3034722222222222 0.50859375 0.0 0.0
43 0.3909722222222222 0.546484375 0.09583333333333334 0.02578125
1655 0.3909722222222222 0.54140625 0.175 0.065625
38 0.47847222222222224 0.50859375 0.0 0.0
43 0.5871527777777777 0.546484375 0.15902777777777777 0.02578125
164 0.4996527777777778 0.54140625 0.3923611111111111 0.065625
38 0.34375 0.60703125 0.03888888888888889 0.021875
1654 0.5288194444444444 0.6068359375 0.2923611111111111 0.019921875
16 0.5 0.60703125 1.0 0.021875
18 0.5 0.319921875 1.0 0.63984375
4 0.5 0.04375 1.0 0.0875
1654 0.5 0.6859375 0.25277777777777777 0.0265625
1654 0.0 0.67265625 0.0 0.0
4 0.5 0.7220703125 0.07777777777777778 0.001953125
16 0.5 0.6978515625 1.0 0.050390625
1654 0.2125 0.7646484375 0.3472222222222222 0.023046875
1654 0.34444444444444444 0.817578125 0.6111111111111112 0.04453125
38 0.019444444444444445 0.753125 0.0 0.0
1654 0.08020833333333334 0.8662109375 0.08263888888888889 0.019921875
16 0.3541666666666667 0.8146484375 0.6694444444444444 0.123046875
38 0.8347222222222223 0.82578125 0.25277777777777777 0.1421875
1656 0.5 0.934375 1.0 0.0
1657 0.5 0.82578125 1.0 0.18359375
1654 0.28229166666666666 0.935546875 0.48680555555555555 0.00234375
16 0.3541666666666667 0.935546875 0.6694444444444444 0.00234375
38 0.019444444444444445 0.935546875 0.0 0.00234375
38 0.8347222222222223 0.936328125 0.25277777777777777 0.00390625
1658 0.5 0.787109375 1.0 0.29453125
16 1.0 0.6978515625 0.0 0.050390625
16 1.0 0.7919921875 0.0 0.050390625
38 1.0 0.828125 0.0 0.0
1657 1.0 0.8810546875 0.0 0.105859375
16 1.0 0.9505859375 0.0 0.032421875
1658 1.0 0.787109375 0.0 0.29453125
4 0.5 0.890625 1.0 0.0875
19 0.5 0.78125 0.11666666666666667 0.065625
38 0.8833333333333333 0.86875 0.03888888888888889 0.021875
1659 0.8833333333333333 0.86875 0.11666666666666667 0.065625
16 0.48993055555555554 0.8697265625 0.6326388888888889 0.041796875
38 0.7697916666666667 0.8697265625 0.07291666666666667 0.041015625
1660 0.5 0.4671875 1.0 0.934375
38 0.06805555555555555 0.07109375 0.1361111111111111 0.0765625
38 0.9319444444444445 0.07109375 0.1361111111111111 0.0765625
4 0.5 0.9671875 1.0 0.065625
