1661 0.0 0.0 0.0 0.0
1662 0.5 0.1640625 1.0 0.328125
80 0.5 0.0546875 1.0 0.109375
1663 0.16041666666666668 0.3818359375 0.2 0.033203125
1663 0.3736111111111111 0.412890625 0.6263888888888889 0.02890625
43 0.16458333333333333 0.4404296875 0.20833333333333334 0.026171875
43 0.12361111111111112 0.4927734375 0.12638888888888888 0.026171875
43 0.22881944444444444 0.5189453125 0.3368055555555556 0.026171875
43 0.3736111111111111 0.5740234375 0.6263888888888889 0.020703125
16 0.3736111111111111 0.4748046875 0.6263888888888889 0.219140625
43 0.8833333333333333 0.4013671875 0.1125 0.020703125
16 0.8326388888888889 0.442578125 0.21388888888888888 0.05078125
1662 0.5 0.4630859375 0.9555555555555556 0.183203125
1664 0.5 0.636328125 1.0 0.0578125
6 0.11180555555555556 0.6728515625 0.14583333333333334 0.030078125
8 0.02638888888888889 0.596484375 0.0 0.0
1313 0.09930555555555555 0.6375 0.09722222222222222 0.0546875
43 0.022222222222222223 0.34453125 0.0 0.0
16 0.5 0.5212890625 0.9555555555555556 0.353515625
1663 0.2482638888888889 0.7490234375 0.3951388888888889 0.033203125
43 0.35659722222222223 0.8048828125 0.6118055555555556 0.020703125
43 0.022222222222222223 0.730859375 0.0 0.0
145 0.9222222222222223 0.751953125 0.07777777777777778 0.04375
43 0.8069444444444445 0.732421875 0.0 0.0
16 0.8253472222222222 0.7890625 0.24791666666666667 0.05078125
8 0.5 0.7771484375 0.9472222222222222 0.089453125
43 0.022222222222222223 0.8578125 0.0 0.0
1663 0.11423611111111111 0.8759765625 0.12708333333333333 0.033203125
43 0.35659722222222223 0.9279296875 0.6118055555555556 0.012890625
43 0.050694444444444445 0.859375 0.0 0.0
145 0.9222222222222223 0.867578125 0.07777777777777778 0.04375
43 0.8069444444444445 0.859375 0.0 0.0
1663 0.828125 0.887890625 0.2659722222222222 0.04921875
1665 0.5 0.8947265625 1.0 0.079296875
1666 0.02638888888888889 0.9416015625 0.0 0.014453125
1667 0.5 0.4671875 1.0 0.934375
1662 0.5 0.2150390625 0.9555555555555556 0.183203125
4 0.022222222222222223 0.1234375 0.0 0.0
16 0.5 0.278515625 1.0 0.0578125
1663 0.27569444444444446 0.279296875 0.4486111111111111 0.0296875
1663 0.7243055555555555 0.279296875 0.4486111111111111 0.0296875
43 0.090625 0.33203125 0.07847222222222222 0.01796875
43 0.1795138888888889 0.33203125 0.0798611111111111 0.01796875
43 0.2708333333333333 0.3318359375 0.08333333333333333 0.016015625
43 0.6402777777777777 0.33203125 0.6166666666666667 0.01796875
16 0.5 0.336328125 1.0 0.0578125
1664 0.5 0.520703125 1.0 0.0578125
1663 0.27569444444444446 0.52734375 0.4486111111111111 0.0296875
1663 0.7243055555555555 0.52734375 0.4486111111111111 0.0296875
43 0.08020833333333334 0.580078125 0.05763888888888889 0.01796875
43 0.15868055555555555 0.580078125 0.0798611111111111 0.01796875
43 0.25 0.5798828125 0.08333333333333333 0.016015625
43 0.6298611111111111 0.580078125 0.6375 0.01796875
1664 0.5 0.578515625 1.0 0.0578125
1662 0.5 0.7111328125 0.9555555555555556 0.183203125
1663 0.27569444444444446 0.775390625 0.4486111111111111 0.0296875
1663 0.7243055555555555 0.775390625 0.4486111111111111 0.0296875
43 0.1482638888888889 0.828125 0.059027777777777776 0.01796875
43 0.22916666666666666 0.8279296875 0.08333333333333333 0.016015625
43 0.6194444444444445 0.828125 0.6583333333333333 0.01796875
1664 0.5 0.809765625 1.0 0.0578125
71 0.5 0.934375 1.0 0.0
38 0.13055555555555556 0.059765625 0.011111111111111112 0.0
1663 0.25833333333333336 0.0654296875 0.24444444444444444 0.022265625
1663 0.35347222222222224 0.0876953125 0.425 0.020703125
52 0.06805555555555555 0.07109375 0.1361111111111111 0.0765625
22 0.9416666666666667 0.07109375 0.11666666666666667 0.065625
1668 0.5 0.12109375 0.9555555555555556 0.009375
1664 0.5 0.867578125 1.0 0.0578125
38 0.4461805555555556 0.9001953125 0.06875 0.038671875
1663 0.54375 0.9 0.0875 0.0296875
106 0.5 0.0 1.0 0.0
80 0.5 0.07109375 1.0 0.0765625
43 0.09756944444444444 0.1494140625 0.1951388888888889 0.022265625
71 0.19236111111111112 0.2015625 0.30694444444444446 0.0546875
4 0.34618055555555555 0.2015625 0.0006944444444444445 0.0546875
71 0.5 0.2015625 0.30694444444444446 0.0546875
4 0.6538194444444444 0.2015625 0.0006944444444444445 0.0546875
71 0.8076388888888889 0.2015625 0.30694444444444446 0.0546875
41 0.5 0.2015625 0.9222222222222223 0.0546875
43 0.46111111111111114 0.278515625 0.8444444444444444 0.02578125
145 0.9222222222222223 0.278515625 0.07777777777777778 0.04375
43 0.46111111111111114 0.336328125 0.8444444444444444 0.02578125
145 0.9222222222222223 0.336328125 0.07777777777777778 0.04375
4 0.5 0.38671875 1.0 0.0015625
43 0.17673611111111112 0.42109375 0.35347222222222224 0.02578125
43 0.46111111111111114 0.462890625 0.8444444444444444 0.02578125
145 0.9222222222222223 0.462890625 0.07777777777777778 0.04375
1664 0.5 0.462890625 1.0 0.0578125
43 0.46111111111111114 0.520703125 0.8444444444444444 0.02578125
145 0.9222222222222223 0.520703125 0.07777777777777778 0.04375
43 0.46111111111111114 0.578515625 0.8444444444444444 0.02578125
145 0.9222222222222223 0.578515625 0.07777777777777778 0.04375
43 0.46111111111111114 0.636328125 0.8444444444444444 0.02578125
145 0.9222222222222223 0.636328125 0.07777777777777778 0.04375
43 0.46111111111111114 0.694140625 0.8444444444444444 0.02578125
145 0.9222222222222223 0.694140625 0.07777777777777778 0.04375
1664 0.5 0.694140625 1.0 0.0578125
43 0.46111111111111114 0.751953125 0.8444444444444444 0.02578125
1664 0.5 0.751953125 1.0 0.0578125
43 0.46111111111111114 0.809765625 0.8444444444444444 0.02578125
145 0.9222222222222223 0.809765625 0.07777777777777778 0.04375
43 0.46111111111111114 0.867578125 0.8444444444444444 0.02578125
16 0.5 0.665234375 1.0 0.4625
4 0.5 0.91796875 1.0 0.0015625
1669 0.5 0.525390625 1.0 0.81796875
4 0.6947916666666667 0.887890625 0.0006944444444444445 0.0328125
38 0.5 0.455078125 0.0 0.0
71 0.5 0.515234375 0.21388888888888888 0.065625
43 0.5 0.5765625 0.0 0.02421875
16 0.5 0.4671875 0.35 0.24296875
322 0.5583333333333333 0.0736328125 0.8444444444444444 0.027734375
1670 0.5 0.0787109375 0.9402777777777778 0.075390625
50 0.5 0.2498046875 0.9555555555555556 0.266796875
146 0.5 0.4876953125 0.9555555555555556 0.742578125
4 0.5 0.9671875 1.0 0.065625
