120 0.0 0.0 0.0 0.0
126 0.5 0.4671875 1.0 0.934375
6 0.1361111111111111 0.033984375 0.0 0.0
43 0.15555555555555556 0.0666015625 0.03888888888888889 0.033203125
116 0.21388888888888888 0.0669921875 0.15555555555555556 0.068359375
52 0.06805555555555555 0.0669921875 0.1361111111111111 0.068359375
45 0.8857638888888889 0.0669921875 0.22847222222222222 0.068359375
165 0.9416666666666667 0.066796875 0.11666666666666667 0.065625
80 0.5 0.0669921875 1.0 0.068359375
43 0.10625 0.1169921875 0.2125 0.031640625
43 0.325 0.1169921875 0.225 0.031640625
43 0.5375 0.1169921875 0.2 0.031640625
43 0.8152777777777778 0.1169921875 0.35555555555555557 0.031640625
43 0.9965277777777778 0.1169921875 0.006944444444444444 0.031640625
372 0.5 0.118359375 1.0 0.034375
1671 0.0 0.101171875 0.0 0.0
1672 0.1607638888888889 0.4615234375 0.22430555555555556 0.126171875
1672 0.13333333333333333 0.5427734375 0.16944444444444445 0.036328125
1672 0.10520833333333333 0.5892578125 0.052083333333333336 0.029296875
1672 0.20694444444444443 0.5892578125 0.05138888888888889 0.029296875
1672 0.32395833333333335 0.5892578125 0.13402777777777777 0.029296875
16 0.21979166666666666 0.5892578125 0.3423611111111111 0.029296875
16 0.21979166666666666 0.528515625 0.4395833333333333 0.26015625
1673 0.5 0.3970703125 1.0 0.523046875
6 0.165625 0.6763671875 0.04375 0.024609375
1672 0.16527777777777777 0.7048828125 0.10833333333333334 0.026953125
1672 0.16527777777777777 0.733984375 0.06666666666666667 0.02578125
16 0.165625 0.70546875 0.33125 0.09375
158 0.3326388888888889 0.65859375 0.002777777777777778 0.0
1672 0.4996527777777778 0.7048828125 0.04513888888888889 0.026953125
1672 0.4996527777777778 0.733984375 0.11875 0.02578125
16 0.4996527777777778 0.70546875 0.33125 0.09375
158 0.6666666666666666 0.65859375 0.002777777777777778 0.0
1672 0.8340277777777778 0.7048828125 0.05694444444444444 0.026953125
1672 0.8340277777777778 0.733984375 0.1125 0.02578125
16 0.8340277777777778 0.70546875 0.33194444444444443 0.09375
16 0.5 0.70546875 1.0 0.09375
158 0.0 0.753125 0.0 0.0015625
6 0.165625 0.7716796875 0.04375 0.024609375
1672 0.165625 0.829296875 0.11875 0.02578125
16 0.165625 0.80078125 0.33125 0.09375
158 0.3326388888888889 0.75390625 0.002777777777777778 0.0
1672 0.4996527777777778 0.8001953125 0.04791666666666667 0.026953125
1672 0.4996527777777778 0.829296875 0.03819444444444445 0.02578125
16 0.4996527777777778 0.80078125 0.33125 0.09375
158 0.6666666666666666 0.75390625 0.002777777777777778 0.0
6 0.8336805555555555 0.7716796875 0.04375 0.024609375
1672 0.8340277777777778 0.8001953125 0.15138888888888888 0.026953125
1672 0.8340277777777778 0.755078125 0.20416666666666666 0.02578125
16 0.8340277777777778 0.80078125 0.33194444444444443 0.09375
1672 0.5 0.8310546875 1.0 0.076953125
1674 0.5 0.7626953125 1.0 0.208203125
158 0.0 0.8703125 0.0 0.0015625
158 0.07013888888888889 0.9375 0.14027777777777778 0.00625
8 0.19375 0.9162109375 0.10694444444444444 0.036328125
158 0.3173611111111111 0.9375 0.14027777777777778 0.00625
8 0.46770833333333334 0.9150390625 0.16041666666666668 0.038671875
158 0.6184027777777777 0.9375 0.14097222222222222 0.00625
1672 0.7739583333333333 0.928515625 0.1701388888888889 0.01171875
158 0.9295138888888889 0.9375 0.14097222222222222 0.00625
16 0.5 0.902734375 1.0 0.06328125
1675 0.5 0.8634765625 1.0 0.141796875
1676 0.5 0.5349609375 1.0 0.798828125
194 0.5 0.1875 0.09722222222222222 0.0546875
8 1.0 0.5349609375 0.0 0.798828125
19 0.4996527777777778 0.4833984375 0.18958333333333333 0.106640625
16 0.0 0.0546875 0.0 0.109375
16 0.0 0.1421875 0.0 0.065625
1677 0.0 0.2078125 0.0 0.065625
16 0.0 0.2734375 0.0 0.065625
16 0.0 0.3390625 0.0 0.065625
16 0.0 0.4046875 0.0 0.065625
16 0.0 0.4837890625 0.0 0.092578125
16 0.0 0.5359375 0.0 0.065625
16 0.0 0.6015625 0.0 0.065625
16 0.0 0.6671875 0.0 0.065625
16 0.0 0.7984375 0.0 0.065625
43 0.0 0.8828125 0.0 0.103125
16 0.0 0.521875 0.0 0.825
16 0.0 0.4671875 0.0 0.934375
4 0.5 0.9671875 1.0 0.065625
