17 0.0 0.0328125 0.0 0.0
43 0.5072916666666667 0.07109375 0.18819444444444444 0.040625
38 0.1361111111111111 0.05078125 0.0 0.0
8 0.5680555555555555 0.07109375 0.8638888888888889 0.040625
52 0.06805555555555555 0.07109375 0.1361111111111111 0.0765625
45 1.0 0.07109375 0.0 0.0765625
80 0.5 0.07109375 1.0 0.0765625
217 0.5 0.1615234375 0.9222222222222223 0.079296875
16 0.5 0.2068359375 1.0 0.000390625
217 0.5 0.2521484375 0.9222222222222223 0.079296875
16 0.5 0.2974609375 1.0 0.000390625
217 0.5 0.3427734375 0.9222222222222223 0.079296875
16 0.5 0.3880859375 1.0 0.000390625
217 0.5 0.4333984375 0.9222222222222223 0.079296875
16 0.5 0.4787109375 1.0 0.000390625
217 0.5 0.5240234375 0.9222222222222223 0.079296875
16 0.5 0.5693359375 1.0 0.000390625
217 0.5 0.6146484375 0.9222222222222223 0.079296875
16 0.5 0.660546875 1.0 0.0015625
16 0.5 0.3853515625 1.0 0.551953125
1678 0.5 0.7162109375 0.9222222222222223 0.066015625
144 0.5 0.82734375 1.0 0.1125
16 0.5 0.496484375 1.0 0.77421875
34 0.5 0.48359375 1.0 0.9015625
4 0.5 0.9671875 1.0 0.065625
4 0.5 0.01640625 1.0 0.0328125
5 0.5 0.5 1.0 1.0
