7 0.5 0.1203125 1.0 0.04375
8 0.5 0.1759765625 1.0 0.066015625
6 0.971875 0.17578125 0.05625 0.034375
8 0.5 0.2427734375 1.0 0.066015625
6 0.971875 0.242578125 0.05625 0.034375
8 0.5 0.3095703125 1.0 0.066015625
6 0.971875 0.309375 0.05625 0.034375
16 0.0 0.343359375 0.0 0.0
16 0.019444444444444445 0.387109375 0.0 0.0875
7 0.31145833333333334 0.3869140625 0.5840277777777778 0.033203125
8 0.49756944444444445 0.3869140625 0.95625 0.049609375
16 0.5 0.284375 1.0 0.371875
8 0.0 0.0984375 0.0 0.0
7 0.5 0.4505859375 1.0 0.039453125
50 0.5 0.51640625 1.0 0.8359375
54 0.0 0.0328125 0.0 0.0
52 0.04756944444444444 0.0654296875 0.09513888888888888 0.035546875
7 0.46979166666666666 0.0654296875 0.7493055555555556 0.033203125
114 0.9222222222222223 0.065625 0.15555555555555556 0.065625
56 0.5 0.065625 1.0 0.065625
55 1.0 0.065625 0.0 0.065625
53 0.5 0.4671875 1.0 0.934375
