8 0.07569444444444444 0.3025390625 0.1375 0.068359375
8 0.21805555555555556 0.3025390625 0.1375 0.068359375
8 0.36041666666666666 0.3025390625 0.1375 0.068359375
606 0.5034722222222222 0.4091796875 0.9930555555555556 0.281640625
8 0.07569444444444444 0.5912109375 0.1375 0.068359375
8 0.21805555555555556 0.5912109375 0.1375 0.068359375
8 0.36041666666666666 0.5912109375 0.1375 0.068359375
606 0.5034722222222222 0.6978515625 0.9930555555555556 0.281640625
16 0.5 0.5521484375 1.0 0.573046875
6 0.5 0.190234375 0.6152777777777778 0.13671875
16 0.5 0.190234375 1.0 0.15078125
6 0.0 0.11484375 0.0 0.0
16 0.5 0.442578125 1.0 0.65546875
6 0.0 0.7703125 0.0 0.0
6 0.5 0.811328125 0.14583333333333334 0.08203125
6 0.9125 0.8072265625 0.175 0.073828125
8 0.5 0.811328125 1.0 0.08203125
117 0.5 0.9001953125 1.0 0.068359375
1679 0.0 0.866015625 0.0 0.0
8 0.5 0.5177734375 1.0 0.833203125
57 0.0 0.0328125 0.0 0.0
54 0.08055555555555556 0.0669921875 0.12083333333333333 0.068359375
16 0.28506944444444443 0.066796875 0.2881944444444444 0.04375
7 0.14097222222222222 0.044921875 0.0 0.0
16 0.22465277777777778 0.0669921875 0.40902777777777777 0.068359375
143 0.9319444444444445 0.0669921875 0.1361111111111111 0.068359375
56 0.5 0.0669921875 1.0 0.068359375
56 0.0 0.0 0.0 0.0
53 0.5 0.4671875 1.0 0.934375
