1387 0.0 0.0 0.0 0.0
8 0.0 0.314453125 0.0 0.62890625
1681 0.0 0.6359375 0.0 0.0
1682 0.5 0.314453125 1.0 0.62890625
1683 0.5 0.605078125 1.0 0.06171875
1684 0.5 0.62890625 0.0 0.0
19 0.5 0.314453125 0.18472222222222223 0.10390625
1681 0.5 0.3927734375 0.19583333333333333 0.025390625
126 0.5 0.5 1.0 1.0
19 0.5 0.876171875 0.18472222222222223 0.10390625
1681 0.5 0.9544921875 0.19583333333333333 0.025390625
1682 0.5 0.7392578125 1.0 0.521484375
1681 0.0 0.376171875 0.0 0.2046875
1685 0.5 0.758984375 1.0 0.24609375
1681 0.08645833333333333 0.804296875 0.09930555555555555 0.02265625
1681 0.36180555555555555 0.826953125 0.65 0.02265625
1681 0.09930555555555555 0.8498046875 0.125 0.023046875
1681 0.2934027777777778 0.8498046875 0.26319444444444445 0.023046875
1681 0.828125 0.83828125 0.2701388888888889 0.0453125
8 0.5184027777777778 0.848828125 0.9631944444444445 0.06640625
1686 0.5 0.8806640625 0.9944444444444445 0.002734375
1685 0.5 0.941015625 1.0 0.11796875
106 0.5 0.81796875 1.0 0.3640625
1685 1.0 0.758984375 0.0 0.24609375
1685 1.0 0.941015625 0.0 0.11796875
106 1.0 0.81796875 0.0 0.3640625
1681 1.0 0.6359375 0.0 0.0
1681 0.0 0.57421875 0.0 0.0
1681 0.16666666666666666 0.605078125 0.3333333333333333 0.06171875
1681 0.5 0.605078125 0.3333333333333333 0.06171875
1681 0.8333333333333334 0.605078125 0.3333333333333333 0.06171875
52 0.06805555555555555 0.065234375 0.1361111111111111 0.06171875
6 0.21909722222222222 0.065234375 0.16597222222222222 0.04375
173 0.9513888888888888 0.065234375 0.09722222222222222 0.06171875
80 0.5 0.065234375 1.0 0.06171875
8 0.5 0.0171875 1.0 0.034375
1681 0.0 0.089453125 0.0 0.11328125
1681 0.0 0.204296875 0.0 0.11328125
1681 0.0 0.319140625 0.0 0.11328125
1681 0.0 0.434375 0.0 0.1140625
10 0.0 0.5 0.0 1.0
