36 0.0 0.0328125 0.0 0.0
43 0.184375 0.115625 0.20902777777777778 0.03125
1687 0.184375 0.1501953125 0.29097222222222224 0.037890625
43 0.4996527777777778 0.1212890625 0.2423611111111111 0.019921875
1687 0.4996527777777778 0.1501953125 0.29097222222222224 0.037890625
43 0.8149305555555556 0.1212890625 0.2423611111111111 0.019921875
1687 0.8149305555555556 0.1501953125 0.29097222222222224 0.037890625
43 0.184375 0.264453125 0.2423611111111111 0.0703125
1687 0.184375 0.2646484375 0.29097222222222224 0.163671875
43 0.4996527777777778 0.264453125 0.19791666666666666 0.02578125
1687 0.4996527777777778 0.2646484375 0.29097222222222224 0.163671875
43 0.8149305555555556 0.2646484375 0.2423611111111111 0.048046875
1687 0.8149305555555556 0.2646484375 0.29097222222222224 0.163671875
43 0.184375 0.441796875 0.20208333333333334 0.02578125
1687 0.184375 0.4419921875 0.29097222222222224 0.163671875
43 0.4996527777777778 0.4419921875 0.2423611111111111 0.048046875
1687 0.4996527777777778 0.4419921875 0.29097222222222224 0.163671875
43 0.8145833333333333 0.441796875 0.14583333333333334 0.02578125
1687 0.8149305555555556 0.4419921875 0.29097222222222224 0.163671875
43 0.184375 0.6193359375 0.2423611111111111 0.048046875
1687 0.184375 0.6193359375 0.29097222222222224 0.163671875
43 0.4996527777777778 0.6193359375 0.2423611111111111 0.048046875
1687 0.4996527777777778 0.6193359375 0.29097222222222224 0.163671875
43 0.8149305555555556 0.6193359375 0.2423611111111111 0.048046875
1687 0.8149305555555556 0.6193359375 0.29097222222222224 0.163671875
43 0.184375 0.7966796875 0.2423611111111111 0.048046875
1687 0.184375 0.7966796875 0.29097222222222224 0.163671875
43 0.49930555555555556 0.796484375 0.10277777777777777 0.02578125
1687 0.4996527777777778 0.7966796875 0.29097222222222224 0.163671875
43 0.8149305555555556 0.796484375 0.20902777777777778 0.02578125
1687 0.8149305555555556 0.7966796875 0.29097222222222224 0.163671875
43 0.184375 0.93125 0.2423611111111111 0.0375
1687 0.184375 0.90234375 0.29097222222222224 0.0203125
43 0.49930555555555556 0.93671875 0.21388888888888888 0.0484375
1687 0.4996527777777778 0.90234375 0.29097222222222224 0.0203125
43 0.8145833333333333 0.93671875 0.07916666666666666 0.0484375
1687 0.8149305555555556 0.90234375 0.29097222222222224 0.0203125
606 0.5 0.521875 0.9222222222222223 0.78125
32 0.8541666666666666 0.85234375 0.1361111111111111 0.0765625
42 0.5 0.48359375 1.0 0.9015625
7 0.2326388888888889 0.0708984375 0.3875 0.036328125
45 1.0 0.07109375 0.0 0.0765625
46 0.5 0.07109375 1.0 0.0765625
5 0.5 0.5 1.0 1.0
4 0.5 0.9671875 1.0 0.065625
4 0.5 0.01640625 1.0 0.0328125
