1688 0.0 0.0328125 0.0 0.0
6 0.17916666666666667 0.07109375 0.32916666666666666 0.04921875
45 0.9854166666666667 0.07109375 0.0 0.0765625
118 0.5 0.07109375 1.0 0.0765625
4 0.0 0.14921875 0.0 0.0796875
1688 0.0 0.408203125 0.0 0.02734375
1688 0.0 0.454296875 0.0 0.06484375
4 0.0 0.5265625 0.0 0.0796875
4 0.0 0.777734375 0.0 0.16015625
1689 0.0 0.48359375 0.0 0.7484375
1690 0.5 0.48359375 1.0 0.7484375
4 0.5 0.157421875 1.0 0.09609375
38 0.5 0.308203125 0.2916666666666667 0.1640625
1688 0.5 0.424609375 1.0 0.02734375
1688 0.5 0.470703125 1.0 0.06484375
4 0.5 0.551171875 1.0 0.09609375
1691 0.4996527777777778 0.63203125 0.6076388888888888 0.065625
1688 0.0 0.109375 0.0 0.0
4 0.5 0.761328125 1.0 0.19296875
19 0.5 0.48359375 0.11666666666666667 0.065625
32 0.8930555555555556 0.79765625 0.1361111111111111 0.0765625
41 1.0 0.2583984375 0.0 0.270703125
16 1.0 0.6009765625 0.0 0.177734375
4 1.0 0.71796875 0.0 0.0015625
16 1.0 0.8935546875 0.0 0.071484375
41 1.0 0.6326171875 0.0 0.450390625
1688 1.0 0.109375 0.0 0.0
16 1.0 0.48359375 0.0 0.7484375
128 0.5 0.89609375 1.0 0.0765625
1688 0.0 0.8578125 0.0 0.0
1692 0.1 0.89609375 0.2 0.0765625
1688 0.1 0.9142578125 0.2 0.018359375
1688 0.2 0.8578125 0.0 0.0
1692 0.3 0.89609375 0.2 0.0765625
1688 0.3 0.9142578125 0.2 0.018359375
1688 0.4 0.8578125 0.0 0.0
1692 0.5 0.89609375 0.2 0.0765625
1688 0.5 0.9142578125 0.2 0.018359375
1688 0.6 0.8578125 0.0 0.0
1692 0.7 0.89609375 0.2 0.0765625
1688 0.7 0.9142578125 0.2 0.018359375
1688 0.8 0.8578125 0.0 0.0
1692 0.9 0.89609375 0.2 0.0765625
1688 0.9 0.9142578125 0.2 0.018359375
5 0.5 0.5 1.0 1.0
1693 0.5 0.51640625 1.0 0.9671875
4 0.5 0.9671875 1.0 0.065625
4 0.5 0.01640625 1.0 0.0328125
