120 0.0 0.0328125 0.0 0.0
324 0.5 0.48359375 1.0 0.9015625
43 0.5 0.07109375 0.9555555555555556 0.0765625
50 0.5 0.934375 1.0 0.0
6 0.12152777777777778 0.1251953125 0.24305555555555555 0.048046875
43 0.5722222222222222 0.1251953125 0.39444444444444443 0.048046875
327 0.5725694444444445 0.1251953125 0.6590277777777778 0.048046875
220 0.9701388888888889 0.11796875 0.04861111111111111 0.02734375
43 0.9020833333333333 0.101171875 0.0 0.0
43 0.5 0.1400390625 0.975 0.044140625
326 0.0 0.101171875 0.0 0.0
50 0.5 0.5423828125 1.0 0.783984375
7 1.0 0.101171875 0.0 0.0
16 1.0 0.1767578125 0.0 0.051953125
16 1.0 0.2283203125 0.0 0.051953125
16 1.0 0.2798828125 0.0 0.051953125
16 1.0 0.3314453125 0.0 0.051953125
16 1.0 0.3830078125 0.0 0.051953125
16 1.0 0.4345703125 0.0 0.051953125
16 1.0 0.4861328125 0.0 0.051953125
16 1.0 0.5177734375 0.0 0.833203125
1251 0.5 0.21015625 0.9013888888888889 0.0546875
6 0.08993055555555556 0.2099609375 0.05625 0.031640625
52 0.9020833333333333 0.21015625 0.04861111111111111 0.02734375
8 0.5 0.21015625 0.975 0.09609375
4 0.5 0.265625 1.0 0.00078125
10 0.5 0.6001953125 1.0 0.668359375
4 0.5 0.01640625 1.0 0.0328125
5 0.5 0.5 1.0 1.0
