17 0.0 0.0328125 0.0 0.0
80 0.5 0.07109375 1.0 0.0765625
38 0.2670138888888889 0.225390625 0.4326388888888889 0.16875
43 0.228125 0.3369140625 0.3548611111111111 0.025390625
38 0.4444444444444444 0.337109375 0.07777777777777778 0.04375
43 0.13229166666666667 0.37890625 0.16319444444444445 0.02109375
43 0.3486111111111111 0.37890625 0.26944444444444443 0.02109375
16 0.2670138888888889 0.377734375 0.4326388888888889 0.0375
41 0.2670138888888889 0.26875 0.45625 0.275
38 0.7232638888888889 0.225390625 0.4326388888888889 0.16875
43 0.684375 0.3390625 0.3548611111111111 0.04765625
38 0.9006944444444445 0.3390625 0.07777777777777778 0.04375
43 0.6 0.37890625 0.18611111111111112 0.02109375
43 0.8163194444444445 0.37890625 0.2465277777777778 0.02109375
16 0.7232638888888889 0.3796875 0.4326388888888889 0.03359375
41 0.7232638888888889 0.26875 0.45625 0.275
38 0.2670138888888889 0.511328125 0.4326388888888889 0.16875
43 0.228125 0.625 0.3548611111111111 0.04765625
38 0.4444444444444444 0.625 0.07777777777777778 0.04375
43 0.14027777777777778 0.66484375 0.17916666666666667 0.02109375
43 0.35659722222222223 0.66484375 0.2534722222222222 0.02109375
16 0.2670138888888889 0.665625 0.4326388888888889 0.03359375
41 0.2670138888888889 0.5546875 0.45625 0.275
38 0.7232638888888889 0.511328125 0.4326388888888889 0.16875
43 0.684375 0.625 0.3548611111111111 0.04765625
38 0.9006944444444445 0.625 0.07777777777777778 0.04375
43 0.5961805555555556 0.66484375 0.17847222222222223 0.02109375
43 0.8125 0.66484375 0.25416666666666665 0.02109375
16 0.7232638888888889 0.665625 0.4326388888888889 0.03359375
41 0.7232638888888889 0.5546875 0.45625 0.275
38 0.2670138888888889 0.797265625 0.4326388888888889 0.16875
43 0.228125 0.9087890625 0.3548611111111111 0.025390625
38 0.4444444444444444 0.908984375 0.07777777777777778 0.04375
43 0.13993055555555556 0.9373046875 0.17847222222222223 0.005859375
43 0.35625 0.9373046875 0.25416666666666665 0.005859375
16 0.2670138888888889 0.9326171875 0.4326388888888889 0.003515625
38 0.7232638888888889 0.797265625 0.4326388888888889 0.16875
43 0.684375 0.9107421875 0.3548611111111111 0.047265625
38 0.9006944444444445 0.9109375 0.07777777777777778 0.04375
43 0.5885416666666666 0.9373046875 0.16319444444444445 0.005859375
43 0.8048611111111111 0.9373046875 0.26944444444444443 0.005859375
16 0.7232638888888889 0.9345703125 0.4326388888888889 0.000390625
34 0.5 0.48359375 1.0 0.9015625
194 0.5 0.095703125 0.0 0.02734375
43 0.5 0.50078125 0.9222222222222223 0.26953125
43 0.28923611111111114 0.678515625 0.5784722222222223 0.0421875
43 0.7892361111111111 0.678515625 0.4215277777777778 0.0421875
16 0.5 0.678515625 1.0 0.0421875
4 0.5 0.1134765625 1.0 0.008203125
8 0.5 0.934375 1.0 0.0
43 0.2746527777777778 0.920703125 0.5243055555555556 0.02734375
44 0.0 0.9357421875 0.0 0.002734375
1694 0.35520833333333335 0.95625 0.7104166666666667 0.04375
43 0.796875 0.9466796875 0.09513888888888888 0.024609375
44 0.9222222222222223 0.9453125 0.07777777777777778 0.021875
82 0.3888888888888889 0.14765625 0.7777777777777778 0.065625
483 0.3888888888888889 0.14765625 0.7 0.065625
50 0.7388888888888889 0.14765625 0.0 0.065625
82 0.3888888888888889 0.21328125 0.7777777777777778 0.065625
50 0.7388888888888889 0.21328125 0.0 0.065625
82 0.3888888888888889 0.27890625 0.7777777777777778 0.065625
50 0.7388888888888889 0.27890625 0.0 0.065625
82 0.3888888888888889 0.34453125 0.7777777777777778 0.065625
50 0.7388888888888889 0.34453125 0.0 0.065625
82 0.3888888888888889 0.41015625 0.7777777777777778 0.065625
50 0.7388888888888889 0.41015625 0.0 0.065625
483 0.3888888888888889 0.47578125 0.7 0.065625
50 0.7388888888888889 0.47578125 0.0 0.065625
82 0.3888888888888889 0.5140625 0.7777777777777778 0.065625
82 0.3888888888888889 0.56484375 0.7777777777777778 0.065625
50 0.7388888888888889 0.56484375 0.0 0.065625
82 0.3888888888888889 0.63046875 0.7777777777777778 0.065625
50 0.7388888888888889 0.63046875 0.0 0.065625
113 0.3888888888888889 0.502734375 0.7777777777777778 0.86328125
52 0.06805555555555555 0.07109375 0.1361111111111111 0.0765625
22 0.6986111111111111 0.07109375 0.1361111111111111 0.065625
22 0.8347222222222223 0.07109375 0.1361111111111111 0.065625
173 0.9513888888888888 0.07109375 0.09722222222222222 0.065625
45 0.8152777777777778 0.07109375 0.36944444444444446 0.0765625
7 0.2378472222222222 0.0708984375 0.12569444444444444 0.036328125
5 0.5 0.5 1.0 1.0
4 0.5 0.9671875 1.0 0.065625
4 0.5 0.01640625 1.0 0.0328125
