7 0.10625 0.1421875 0.20416666666666666 0.0875
1695 0.20833333333333334 0.0984375 0.0 0.0
50 0.6020833333333333 0.1421875 0.7875 0.0875
16 0.5 0.1421875 0.9916666666666667 0.0875
6 0.128125 0.2484375 0.21875 0.109375
6 0.02013888888888889 0.3359375 0.002777777777777778 0.0328125
7 0.1295138888888889 0.3359375 0.21597222222222223 0.0328125
1696 0.128125 0.273046875 0.24791666666666667 0.175
6 0.37604166666666666 0.2484375 0.21875 0.109375
6 0.26805555555555555 0.3359375 0.002777777777777778 0.0328125
7 0.37743055555555555 0.3359375 0.21597222222222223 0.0328125
1696 0.37604166666666666 0.273046875 0.24791666666666667 0.175
6 0.6239583333333333 0.2484375 0.21875 0.109375
6 0.5159722222222223 0.3359375 0.002777777777777778 0.0328125
7 0.6253472222222223 0.3359375 0.21597222222222223 0.0328125
1696 0.6239583333333333 0.273046875 0.24791666666666667 0.175
6 0.871875 0.2484375 0.21875 0.109375
6 0.7638888888888888 0.3359375 0.002777777777777778 0.0328125
7 0.8732638888888888 0.3359375 0.21597222222222223 0.0328125
1696 0.871875 0.273046875 0.24791666666666667 0.175
16 0.5 0.273046875 0.9916666666666667 0.175
6 0.128125 0.423046875 0.21875 0.109375
6 0.02013888888888889 0.510546875 0.002777777777777778 0.0328125
7 0.1295138888888889 0.510546875 0.21597222222222223 0.0328125
1696 0.128125 0.44765625 0.24791666666666667 0.175
6 0.37604166666666666 0.423046875 0.21875 0.109375
6 0.26805555555555555 0.510546875 0.002777777777777778 0.0328125
7 0.37743055555555555 0.510546875 0.21597222222222223 0.0328125
1696 0.37604166666666666 0.44765625 0.24791666666666667 0.175
6 0.6239583333333333 0.423046875 0.21875 0.109375
6 0.5159722222222223 0.510546875 0.002777777777777778 0.0328125
7 0.6253472222222223 0.510546875 0.21597222222222223 0.0328125
1696 0.6239583333333333 0.44765625 0.24791666666666667 0.175
6 0.871875 0.423046875 0.21875 0.109375
6 0.7638888888888888 0.510546875 0.002777777777777778 0.0328125
7 0.8732638888888888 0.510546875 0.21597222222222223 0.0328125
1696 0.871875 0.44765625 0.24791666666666667 0.175
16 0.5 0.44765625 0.9916666666666667 0.175
6 0.128125 0.59765625 0.21875 0.109375
6 0.02013888888888889 0.68515625 0.002777777777777778 0.0328125
7 0.1295138888888889 0.68515625 0.21597222222222223 0.0328125
1696 0.128125 0.622265625 0.24791666666666667 0.175
6 0.37604166666666666 0.59765625 0.21875 0.109375
6 0.26805555555555555 0.68515625 0.002777777777777778 0.0328125
7 0.37743055555555555 0.68515625 0.21597222222222223 0.0328125
1696 0.37604166666666666 0.622265625 0.24791666666666667 0.175
6 0.6239583333333333 0.59765625 0.21875 0.109375
6 0.5159722222222223 0.68515625 0.002777777777777778 0.0328125
7 0.6253472222222223 0.68515625 0.21597222222222223 0.0328125
1696 0.6239583333333333 0.622265625 0.24791666666666667 0.175
6 0.871875 0.59765625 0.21875 0.109375
6 0.7638888888888888 0.68515625 0.002777777777777778 0.0328125
7 0.8732638888888888 0.68515625 0.21597222222222223 0.0328125
1696 0.871875 0.622265625 0.24791666666666667 0.175
16 0.5 0.622265625 0.9916666666666667 0.175
6 0.128125 0.772265625 0.21875 0.109375
6 0.02013888888888889 0.859765625 0.002777777777777778 0.0328125
7 0.1295138888888889 0.859765625 0.21597222222222223 0.0328125
1696 0.128125 0.796875 0.24791666666666667 0.175
6 0.37604166666666666 0.772265625 0.21875 0.109375
6 0.26805555555555555 0.859765625 0.002777777777777778 0.0328125
7 0.37743055555555555 0.859765625 0.21597222222222223 0.0328125
1696 0.37604166666666666 0.796875 0.24791666666666667 0.175
16 0.5 0.796875 0.9916666666666667 0.175
1697 0.5 0.51640625 1.0 0.8359375
7 0.0 0.0984375 0.0 0.0
55 1.0 0.0328125 0.0 0.0
528 0.5 0.065625 1.0 0.065625
57 0.0 0.0328125 0.0 0.0
7 0.5 0.065625 0.20694444444444443 0.065625
53 0.5 0.4671875 1.0 0.934375
4 0.5 0.9671875 1.0 0.065625
