17 0.0 0.0328125 0.0 0.0
8 0.009722222222222222 0.9234375 0.0 0.0
44 0.06805555555555555 0.07109375 0.1361111111111111 0.0765625
43 0.2621527777777778 0.07109375 0.17430555555555555 0.03671875
80 0.5 0.07109375 1.0 0.0765625
38 0.0 0.109375 0.0 0.0
127 0.1076388888888889 0.1421875 0.2152777777777778 0.065625
38 0.2152777777777778 0.109375 0.0 0.0
127 0.3138888888888889 0.1421875 0.19722222222222222 0.065625
38 0.4125 0.109375 0.0 0.0
127 0.59375 0.1421875 0.3625 0.065625
128 0.5 0.1421875 1.0 0.065625
16 0.0 0.2267578125 0.0 0.103515625
16 0.019444444444444445 0.303515625 0.03888888888888889 0.0015625
16 0.0 0.3302734375 0.0 0.103515625
16 0.019444444444444445 0.40703125 0.03888888888888889 0.0015625
16 0.0 0.4337890625 0.0 0.103515625
16 0.019444444444444445 0.510546875 0.03888888888888889 0.0015625
16 0.0 0.5373046875 0.0 0.103515625
16 0.019444444444444445 0.6140625 0.03888888888888889 0.0015625
16 0.0 0.6408203125 0.0 0.103515625
16 0.0 0.691796875 0.0 0.0015625
16 0.0 0.7443359375 0.0 0.103515625
16 0.0 0.7953125 0.0 0.0015625
16 0.0 0.8478515625 0.0 0.103515625
106 0.0 0.5546875 0.0 0.759375
43 0.5 0.2126953125 0.9222222222222223 0.031640625
43 0.5 0.2546875 0.9222222222222223 0.05234375
16 0.5 0.2396484375 1.0 0.129296875
16 0.5 0.303515625 1.0 0.0015625
43 0.5 0.37109375 0.9222222222222223 0.0265625
16 0.5 0.3560546875 1.0 0.103515625
16 0.5 0.40703125 1.0 0.0015625
43 0.5 0.474609375 0.9222222222222223 0.0265625
16 0.5 0.4595703125 1.0 0.103515625
16 0.5 0.510546875 1.0 0.0015625
43 0.5 0.578125 0.9222222222222223 0.0265625
16 0.5 0.5630859375 1.0 0.103515625
16 0.5 0.6140625 1.0 0.0015625
43 0.5 0.6525390625 0.9222222222222223 0.031640625
43 0.5 0.69453125 0.9222222222222223 0.05234375
16 0.5 0.6794921875 1.0 0.129296875
16 0.019444444444444445 0.743359375 0.03888888888888889 0.0015625
16 0.5 0.743359375 1.0 0.0015625
43 0.5 0.7818359375 0.9222222222222223 0.031640625
43 0.5 0.823828125 0.9222222222222223 0.05234375
16 0.5 0.8087890625 1.0 0.129296875
16 0.019444444444444445 0.87265625 0.03888888888888889 0.0015625
16 0.5 0.87265625 1.0 0.0015625
43 0.5 0.9306640625 0.9222222222222223 0.007421875
1698 0.5 0.5546875 1.0 0.759375
16 1.0 0.2267578125 0.0 0.103515625
16 1.0 0.277734375 0.0 0.0015625
16 1.0 0.3302734375 0.0 0.103515625
16 1.0 0.38125 0.0 0.0015625
16 1.0 0.4466796875 0.0 0.129296875
16 1.0 0.5478515625 0.0 0.073046875
16 1.0 0.6208984375 0.0 0.073046875
16 1.0 0.6939453125 0.0 0.073046875
16 1.0 0.7669921875 0.0 0.073046875
16 1.0 0.8400390625 0.0 0.073046875
16 1.0 0.87578125 0.0 0.0015625
106 1.0 0.5546875 0.0 0.759375
1699 0.5 0.48359375 1.0 0.9015625
4 0.5 0.9671875 1.0 0.065625
4 0.5 0.01640625 1.0 0.0328125
5 0.5 0.5 1.0 1.0
