120 0.0 0.0 0.0 0.0
1705 0.5 0.153125 0.9611111111111111 0.0875
1706 0.5 0.2515625 0.9611111111111111 0.0875
1700 0.0 0.13125 0.0 0.065625
1700 0.5 0.35 0.9611111111111111 0.0875
1700 0.5 0.4484375 0.9611111111111111 0.0875
1700 0.5 0.538671875 0.41805555555555557 0.07109375
16 0.5 0.369140625 1.0 0.54140625
1704 0.5 0.5 1.0 1.0
4 0.5 0.9671875 1.0 0.065625
1700 0.0 0.196875 0.0 0.065625
1700 0.0 0.2625 0.0 0.065625
1700 0.0 0.328125 0.0 0.065625
1700 0.0 0.39375 0.0 0.065625
1700 0.0 0.459375 0.0 0.065625
16 0.0 0.2966796875 0.0 0.396484375
16 0.0 0.54921875 0.0 0.9015625
1704 0.0 0.5 0.0 1.0
1700 0.22152777777777777 0.0654296875 0.17083333333333334 0.039453125
52 0.06805555555555555 0.065625 0.1361111111111111 0.065625
45 1.0 0.065625 0.0 0.065625
80 0.5 0.065625 1.0 0.065625
4 0.5 0.01640625 1.0 0.0328125
