120 0.0 0.0 0.0 0.0
50 0.0 0.08203125 0.0 0.1640625
414 0.0 0.1888671875 0.0 0.049609375
1700 0.0 0.25703125 0.0 0.08671875
6 0.0 0.33984375 0.0 0.0
414 0.0 0.75703125 0.0 0.025
1700 0.0 0.81328125 0.0 0.0875
6 0.0 0.868359375 0.0 0.0875
4 0.0 0.9138671875 0.0 0.041015625
16 0.0 0.5 0.0 1.0
1700 0.5194444444444445 0.2017578125 0.9611111111111111 0.042578125
4 0.5 0.2396484375 1.0 0.000390625
6 0.0 0.23984375 0.0 0.0
1700 0.32083333333333336 0.309375 0.5638888888888889 0.02734375
4 0.5 0.3396484375 1.0 0.000390625
8 0.5 0.28984375 1.0 0.1
1700 0.3572916666666667 0.39375 0.7145833333333333 0.065625
4 0.5 0.4396484375 1.0 0.000390625
8 0.5 0.38984375 1.0 0.1
6 0.0 0.43984375 0.0 0.0
1700 0.3572916666666667 0.459375 0.7145833333333333 0.065625
4 0.5 0.5396484375 1.0 0.000390625
8 0.5 0.48984375 1.0 0.1
6 0.0 0.53984375 0.0 0.0
1700 0.37569444444444444 0.609375 0.6736111111111112 0.02734375
4 0.5 0.6396484375 1.0 0.000390625
8 0.5 0.58984375 1.0 0.1
6 0.0 0.63984375 0.0 0.0
1700 0.35173611111111114 0.709375 0.6256944444444444 0.02734375
4 0.5 0.7396484375 1.0 0.000390625
8 0.5 0.68984375 1.0 0.1
1701 0.5 0.369921875 1.0 0.73984375
80 0.5 0.065625 1.0 0.065625
446 0.5 0.5 1.0 1.0
1700 0.16631944444444444 0.13125 0.13125 0.0328125
1702 0.16631944444444444 0.13125 0.3326388888888889 0.065625
4 0.3329861111111111 0.13125 0.0006944444444444445 0.0328125
1700 0.4996527777777778 0.13125 0.14097222222222222 0.0328125
1702 0.4996527777777778 0.13125 0.3326388888888889 0.065625
4 0.6663194444444445 0.13125 0.0006944444444444445 0.0328125
1700 0.8333333333333334 0.13125 0.12777777777777777 0.0328125
1702 0.8333333333333334 0.13125 0.3333333333333333 0.065625
4 0.5 0.9671875 1.0 0.065625
1703 0.0 0.0984375 0.0 0.0
1700 0.3572916666666667 0.13125 0.7145833333333333 0.065625
6 0.571875 0.2001953125 0.18819444444444444 0.058984375
1700 0.3572916666666667 0.196875 0.7145833333333333 0.065625
1700 0.3572916666666667 0.2625 0.7145833333333333 0.065625
1700 0.3572916666666667 0.328125 0.7145833333333333 0.065625
16 0.3572916666666667 0.2966796875 0.7145833333333333 0.396484375
16 0.3572916666666667 0.54921875 0.7145833333333333 0.9015625
1704 0.3572916666666667 0.5 0.7145833333333333 1.0
1700 0.1361111111111111 0.0654296875 0.0 0.039453125
52 0.06805555555555555 0.065625 0.1361111111111111 0.065625
165 0.6888888888888889 0.065625 0.11666666666666667 0.065625
8 0.8152777777777778 0.065625 0.1361111111111111 0.065625
1700 0.7472222222222222 0.0328125 0.0 0.0
165 0.9416666666666667 0.065625 0.11666666666666667 0.065625
45 0.8152777777777778 0.065625 0.36944444444444446 0.065625
4 0.5 0.01640625 1.0 0.0328125
