17 0.0 0.0328125 0.0 0.0
324 0.5 0.48359375 1.0 0.9015625
195 0.5 0.0669921875 0.7777777777777778 0.068359375
50 0.5 0.0669921875 1.0 0.068359375
325 0.5 0.9048828125 1.0 0.058984375
4 0.5 0.876171875 1.0 0.0015625
38 0.034027777777777775 0.9056640625 0.06805555555555555 0.057421875
38 0.9659722222222222 0.9056640625 0.06805555555555555 0.057421875
220 0.12048611111111111 0.9056640625 0.05625 0.031640625
43 0.2222222222222222 0.9056640625 0.11805555555555555 0.027734375
43 0.38472222222222224 0.9056640625 0.10972222222222222 0.027734375
43 0.5364583333333334 0.9056640625 0.09513888888888888 0.027734375
43 0.6989583333333333 0.9056640625 0.12986111111111112 0.027734375
43 0.8722222222222222 0.9056640625 0.11944444444444445 0.027734375
326 0.5 0.9056640625 0.8638888888888889 0.057421875
1292 0.5 0.56953125 1.0 0.7296875
38 0.12152777777777778 0.1251953125 0.24305555555555555 0.048046875
43 0.5725694444444445 0.1251953125 0.4534722222222222 0.048046875
327 0.5725694444444445 0.1251953125 0.6590277777777778 0.048046875
220 0.9701388888888889 0.11796875 0.04861111111111111 0.02734375
43 0.9020833333333333 0.101171875 0.0 0.0
8 0.5 0.148828125 1.0 0.11171875
43 1.0 0.101171875 0.0 0.0
38 1.0 0.15078125 0.0 0.0
38 1.0 0.205859375 0.0 0.0
38 1.0 0.2609375 0.0 0.0
38 1.0 0.316015625 0.0 0.0
38 1.0 0.37109375 0.0 0.0
38 1.0 0.426171875 0.0 0.0
38 1.0 0.48125 0.0 0.0
38 1.0 0.536328125 0.0 0.0
16 1.0 0.5177734375 0.0 0.833203125
38 0.05347222222222222 0.062890625 0.058333333333333334 0.0328125
43 0.0 0.09296875 0.0 0.0
1707 0.44479166666666664 0.1228515625 0.8409722222222222 0.032421875
43 0.1625 0.1796875 0.2763888888888889 0.02265625
43 0.43472222222222223 0.1537109375 0.1638888888888889 0.029296875
1708 0.5 0.362890625 1.0 0.31640625
19 0.5 0.362890625 0.11666666666666667 0.065625
4 0.5 0.01640625 1.0 0.0328125
5 0.5 0.5 1.0 1.0
