112 0.5 0.1544921875 0.7777777777777778 0.068359375
89 0.5 0.1544921875 0.9611111111111111 0.068359375
177 0.39305555555555555 0.2251953125 0.7222222222222222 0.033203125
114 0.8611111111111112 0.228515625 0.21388888888888888 0.065625
342 0.5 0.261328125 0.9611111111111111 0.0
16 0.5 0.521875 1.0 0.825
7 0.090625 0.0708984375 0.10347222222222222 0.036328125
91 0.9513888888888888 0.07109375 0.09722222222222222 0.065625
56 0.5 0.07109375 1.0 0.0765625
57 0.0 0.0328125 0.0 0.0
53 0.5 0.4671875 1.0 0.934375
4 0.5 0.9671875 1.0 0.065625
4 0.5 0.01640625 1.0 0.0328125
