17 0.0 0.0 0.0 0.0
43 0.2420138888888889 0.0818359375 0.11458333333333333 0.036328125
38 0.33819444444444446 0.081640625 0.019444444444444445 0.00546875
1709 0.34375 0.0708984375 0.3375 0.058203125
52 0.06805555555555555 0.07109375 0.1361111111111111 0.0765625
22 0.7083333333333334 0.07109375 0.11666666666666667 0.065625
22 0.825 0.07109375 0.11666666666666667 0.065625
22 0.9416666666666667 0.07109375 0.11666666666666667 0.065625
45 0.825 0.07109375 0.35 0.0765625
80 0.5 0.07109375 1.0 0.0765625
7 0.07881944444444444 0.144140625 0.11875 0.06953125
1710 0.5 0.144140625 1.0 0.06953125
1711 0.5 0.23125 1.0 0.1046875
43 0.8510416666666667 0.3328125 0.1423611111111111 0.0296875
43 0.5381944444444444 0.3326171875 0.0 0.022265625
43 0.6208333333333333 0.3328125 0.12638888888888888 0.0296875
38 0.0875 0.37109375 0.058333333333333334 0.0328125
43 0.2065972222222222 0.3328125 0.14097222222222222 0.0296875
16 0.28854166666666664 0.3328125 0.46041666666666664 0.0328125
8 0.5 0.351953125 0.8833333333333333 0.07109375
1712 0.7034722222222223 0.35625 0.0 0.0
43 0.9222222222222223 0.37109375 0.0 0.0296875
16 0.8128472222222223 0.37109375 0.21875 0.0296875
43 0.6524305555555555 0.37109375 0.06319444444444444 0.0296875
43 0.19409722222222223 0.37109375 0.11597222222222223 0.0296875
16 0.3298611111111111 0.37109375 0.5430555555555555 0.0328125
1713 0.019444444444444445 0.29453125 0.0 0.0
41 0.5 0.3828125 0.9611111111111111 0.1765625
43 0.019444444444444445 0.409375 0.0 0.0
44 0.08055555555555556 0.440234375 0.09722222222222222 0.0546875
44 0.17777777777777778 0.440234375 0.09722222222222222 0.0546875
44 0.275 0.440234375 0.09722222222222222 0.0546875
16 0.17777777777777778 0.440234375 0.2916666666666667 0.0546875
44 0.9194444444444444 0.440234375 0.09722222222222222 0.0546875
8 0.5 0.440234375 0.9611111111111111 0.06171875
50 0.5 0.37734375 1.0 0.1875
16 0.5 0.325 1.0 0.2921875
43 0.0 0.47109375 0.0 0.0
1714 0.5 0.684765625 0.9611111111111111 0.40546875
43 0.8777777777777778 0.517578125 0.12777777777777777 0.02734375
38 0.058333333333333334 0.739453125 0.0 0.0
43 0.5 0.7771484375 0.8833333333333333 0.075390625
43 0.058333333333333334 0.8564453125 0.0 0.022265625
44 0.08055555555555556 0.856640625 0.09722222222222222 0.0546875
44 0.17777777777777778 0.856640625 0.09722222222222222 0.0546875
44 0.275 0.856640625 0.09722222222222222 0.0546875
16 0.17777777777777778 0.856640625 0.2916666666666667 0.0546875
44 0.8930555555555556 0.87421875 0.1361111111111111 0.0765625
8 0.5 0.856640625 0.9611111111111111 0.06171875
16 0.5 0.8134765625 0.9611111111111111 0.148046875
43 0.0 0.8875 0.0 0.0
1715 0.13854166666666667 0.9205078125 0.14097222222222222 0.027734375
38 0.0875 0.946484375 0.058333333333333334 0.02421875
43 0.8822916666666667 0.9162109375 0.23541666666666666 0.036328125
43 0.5177083333333333 0.92734375 0.5395833333333333 0.0140625
43 0.3076388888888889 0.9435546875 0.11944444444444445 0.018359375
41 0.5 0.91640625 0.9611111111111111 0.0359375
1716 0.5 0.9001953125 1.0 0.068359375
1717 0.5 0.556640625 1.0 0.75546875
38 0.0 0.17890625 0.0 0.0
38 0.4996527777777778 0.4244140625 0.13402777777777777 0.075390625
43 0.4996527777777778 0.522265625 0.5715277777777777 0.09296875
71 0.5 0.615234375 0.3611111111111111 0.065625
43 0.921875 0.9162109375 0.15625 0.036328125
194 0.5 0.17890625 0.09722222222222222 0.0
38 0.0 0.109375 0.0 0.0
34 0.5 0.4671875 1.0 0.934375
44 0.0 0.065625 0.0 0.065625
38 0.0 0.219140625 0.0 0.065625
43 0.0 0.29609375 0.0 0.065625
8 0.0 0.36171875 0.0 0.065625
8 0.0 0.42734375 0.0 0.065625
8 0.0 0.569921875 0.0 0.065625
38 0.0 0.635546875 0.0 0.065625
43 0.0 0.7125 0.0 0.065625
8 0.0 0.778125 0.0 0.065625
8 0.0 0.83984375 0.0 0.0578125
1718 0.0 0.4671875 0.0 0.934375
4 0.5 0.9671875 1.0 0.065625
5 0.5 0.5 1.0 1.0
