117 0.5 0.9001953125 1.0 0.068359375
52 0.06076388888888889 0.0669921875 0.12152777777777778 0.068359375
7 0.5010416666666667 0.066796875 0.14930555555555555 0.0421875
16 0.5010416666666667 0.0669921875 0.7590277777777777 0.068359375
16 0.9402777777777778 0.0669921875 0.11944444444444445 0.068359375
16 0.5 0.0669921875 1.0 0.068359375
8 0.5 0.48359375 1.0 0.76484375
8 0.0 0.0328125 0.0 0.0
455 0.5 0.48359375 1.0 0.9015625
8 0.0 0.1607421875 0.0 0.255859375
16 0.0 0.3228515625 0.0 0.068359375
16 0.0 0.3927734375 0.0 0.068359375
16 0.0 0.4673828125 0.0 0.068359375
16 0.0 0.5373046875 0.0 0.068359375
16 0.0 0.6072265625 0.0 0.068359375
16 0.0 0.6771484375 0.0 0.068359375
16 0.0 0.7470703125 0.0 0.068359375
16 0.0 0.8169921875 0.0 0.068359375
16 0.0 0.8869140625 0.0 0.068359375
16 0.0 0.48359375 0.0 0.9015625
4 0.5 0.9671875 1.0 0.065625
4 0.5 0.01640625 1.0 0.0328125
5 0.5 0.5 1.0 1.0
