17 0.0 0.0 0.0 0.0
18 0.5 0.161328125 1.0 0.32265625
38 1.0 0.161328125 0.0 0.32265625
52 0.06805555555555555 0.07109375 0.1361111111111111 0.0765625
4 0.5097222222222222 0.07109375 0.7472222222222222 0.0765625
22 0.9416666666666667 0.07109375 0.11666666666666667 0.065625
80 0.5 0.07109375 1.0 0.0765625
19 0.4996527777777778 0.1611328125 0.07291666666666667 0.041015625
1719 0.5 0.3509765625 1.0 0.029296875
1719 0.5 0.4015625 1.0 0.0578125
38 0.07326388888888889 0.4732421875 0.07291666666666667 0.054296875
1719 0.19131944444444443 0.4732421875 0.06597222222222222 0.029296875
38 0.9635416666666666 0.4732421875 0.07291666666666667 0.054296875
8 0.6121527777777778 0.4732421875 0.7756944444444445 0.054296875
16 0.5 0.4740234375 1.0 0.069921875
38 0.07326388888888889 0.5431640625 0.07291666666666667 0.054296875
1719 0.24722222222222223 0.5431640625 0.17777777777777778 0.029296875
38 0.9635416666666666 0.5431640625 0.07291666666666667 0.054296875
8 0.6680555555555555 0.5431640625 0.6638888888888889 0.054296875
16 0.5 0.5439453125 1.0 0.069921875
38 0.07326388888888889 0.6130859375 0.07291666666666667 0.054296875
1719 0.3840277777777778 0.627734375 0.4708333333333333 0.025
38 0.9635416666666666 0.6130859375 0.07291666666666667 0.054296875
8 0.8097222222222222 0.6130859375 0.38055555555555554 0.054296875
16 0.5 0.6138671875 1.0 0.069921875
38 0.07326388888888889 0.6830078125 0.07291666666666667 0.054296875
1719 0.3347222222222222 0.69765625 0.37222222222222223 0.025
38 0.9635416666666666 0.6830078125 0.07291666666666667 0.054296875
8 0.7604166666666666 0.6830078125 0.4791666666666667 0.054296875
16 0.5 0.6837890625 1.0 0.069921875
41 0.5 0.520703125 1.0 0.39609375
1719 0.08854166666666667 0.7671875 0.10347222222222222 0.02578125
8 0.5 0.7529296875 1.0 0.068359375
1719 0.0954861111111111 0.8212890625 0.11736111111111111 0.029296875
1719 0.03680555555555556 0.794140625 0.0 0.0
1719 0.5586805555555555 0.8212890625 0.8090277777777778 0.029296875
16 0.5 0.8220703125 1.0 0.069921875
1719 0.10555555555555556 0.8912109375 0.1375 0.029296875
1719 0.03680555555555556 0.8640625 0.0 0.0
1719 0.56875 0.8912109375 0.7888888888888889 0.029296875
1720 0.5 0.8974609375 0.9902777777777778 0.068359375
1719 0.12256944444444444 0.9404296875 0.17152777777777778 0.012109375
1719 0.03680555555555556 0.933984375 0.0 0.0
1719 0.5857638888888889 0.9404296875 0.7548611111111111 0.012109375
16 0.5 0.965625 1.0 0.0625
41 0.5 0.8607421875 1.0 0.147265625
31 0.5 0.628515625 1.0 0.61171875
5 0.5 0.5 1.0 1.0
38 0.5 0.42890625 0.975 0.84375
38 0.9875 0.42890625 0.0 0.84375
1719 0.9194444444444444 0.8890625 0.1361111111111111 0.0765625
19 0.5 0.48359375 0.11666666666666667 0.065625
