17 0.0 0.0 0.0 0.0
8 0.0 0.438671875 0.0 0.81171875
43 0.5 0.782421875 0.7666666666666667 0.12421875
43 0.4111111111111111 0.673828125 0.5888888888888889 0.04921875
38 0.5 0.341015625 0.9222222222222223 0.57265625
88 0.5 0.438671875 1.0 0.81171875
8 1.0 0.438671875 0.0 0.81171875
334 0.4996527777777778 0.8896484375 0.2048611111111111 0.011328125
43 0.17673611111111112 0.88984375 0.35347222222222224 0.0890625
43 0.8322916666666667 0.88984375 0.33541666666666664 0.0890625
71 0.8319444444444445 0.88984375 0.21388888888888888 0.065625
8 0.5 0.88984375 1.0 0.0890625
5 0.5 0.5 1.0 1.0
