17 0.0 0.0328125 0.0 0.0
1721 0.05347222222222222 0.07109375 0.10694444444444444 0.0765625
1721 0.5 0.0708984375 0.4013888888888889 0.029296875
1721 0.5 0.085546875 0.0 0.0
44 0.9465277777777777 0.07109375 0.10694444444444444 0.0765625
44 0.8930555555555556 0.0328125 0.0 0.0
1722 0.5 0.1109375 1.0 0.021875
1723 0.0 0.109375 0.0 0.0
1721 0.5 0.1986328125 1.0 0.112890625
1724 0.5 0.3142578125 1.0 0.056640625
1725 0.5 0.3982421875 1.0 0.033203125
1726 0.0 0.342578125 0.0 0.0
1727 0.24930555555555556 0.4892578125 0.4986111111111111 0.056640625
414 0.5 0.430078125 0.002777777777777778 0.0
1728 0.7506944444444444 0.4892578125 0.4986111111111111 0.056640625
16 0.5 0.473828125 1.0 0.0875
16 0.5 0.386328125 1.0 0.2625
1729 0.5 0.575 0.7291666666666666 0.065625
38 0.23819444444444443 0.64609375 0.47638888888888886 0.0328125
1721 0.5 0.7193359375 0.9027777777777778 0.058984375
1721 0.5 0.7634765625 0.9027777777777778 0.029296875
16 0.5 0.717578125 1.0 0.21953125
1721 0.13541666666666666 0.841015625 0.0 0.0
1730 0.5 0.873828125 0.7291666666666666 0.065625
34 0.5 0.48359375 1.0 0.9015625
5 0.5 0.5 1.0 1.0
4 0.5 0.9671875 1.0 0.065625
4 0.5 0.01640625 1.0 0.0328125
