17 0.0 0.0328125 0.0 0.0
7 0.2111111111111111 0.0708984375 0.13055555555555556 0.036328125
52 0.06805555555555555 0.07109375 0.1361111111111111 0.0765625
80 0.5 0.07109375 1.0 0.0765625
38 0.4996527777777778 0.48359375 0.38680555555555557 0.10078125
43 0.5 0.6224609375 0.35 0.040234375
43 0.5 0.6728515625 0.3597222222222222 0.033203125
43 0.5 0.7197265625 0.3486111111111111 0.033203125
139 0.5 0.48359375 1.0 0.9015625
4 0.5 0.9671875 1.0 0.065625
4 0.5 0.01640625 1.0 0.0328125
5 0.5 0.5 1.0 1.0
