120 0.0 0.0328125 0.0 0.0
7 0.28020833333333334 0.0708984375 0.15208333333333332 0.036328125
165 0.825 0.07109375 0.11666666666666667 0.065625
165 0.9416666666666667 0.07109375 0.11666666666666667 0.065625
52 0.06805555555555555 0.07109375 0.1361111111111111 0.0765625
6 0.16527777777777777 0.07109375 0.058333333333333334 0.0328125
80 0.5 0.07109375 1.0 0.0765625
322 0.0 0.109375 0.0 0.0
114 0.5 0.155859375 0.9513888888888888 0.065625
50 0.5 0.5650390625 1.0 0.738671875
10 0.0 0.195703125 0.0 0.0
819 0.8930555555555556 0.87421875 0.1361111111111111 0.0765625
179 0.5 0.48359375 1.0 0.9015625
16 0.0 0.075390625 0.0 0.08515625
8 0.0 0.1578125 0.0 0.0796875
8 0.0 0.237109375 0.0 0.0796875
8 0.0 0.31640625 0.0 0.0796875
8 0.0 0.395703125 0.0 0.0796875
8 0.0 0.475 0.0 0.0796875
4 0.0 0.5759765625 0.0 0.123046875
10 0.0 0.526171875 0.0 0.81640625
16 0.0 0.48359375 0.0 0.9015625
5 0.5 0.5 1.0 1.0
4 0.5 0.9671875 1.0 0.065625
4 0.5 0.01640625 1.0 0.0328125
