114 0.1517361111111111 0.12578125 0.3034722222222222 0.0546875
114 0.4597222222222222 0.12578125 0.3125 0.0546875
114 0.771875 0.12578125 0.31180555555555556 0.0546875
114 0.9638888888888889 0.12578125 0.07222222222222222 0.0546875
1731 0.5 0.12578125 1.0 0.0546875
50 0.0 0.161328125 0.0 0.0
206 0.0 0.497265625 0.0 0.68828125
1732 0.22847222222222222 0.2693359375 0.36944444444444446 0.194140625
4 0.2548611111111111 0.2796875 0.4222222222222222 0.0015625
7 0.2548611111111111 0.3390625 0.3638888888888889 0.0296875
16 0.2548611111111111 0.32265625 0.4222222222222222 0.0875
6 0.44756944444444446 0.3390625 0.03680555555555556 0.0546875
16 0.2548611111111111 0.276171875 0.49027777777777776 0.2296875
1732 0.71875 0.2693359375 0.36944444444444446 0.194140625
4 0.7451388888888889 0.2796875 0.4222222222222222 0.0015625
7 0.7451388888888889 0.3390625 0.3638888888888889 0.0296875
16 0.7451388888888889 0.32265625 0.4222222222222222 0.0875
6 0.95 0.3595703125 0.0125 0.013671875
16 0.7451388888888889 0.276171875 0.49027777777777776 0.2296875
206 0.5 0.497265625 1.0 0.68828125
50 1.0 0.1572265625 0.0 0.008203125
206 1.0 0.497265625 0.0 0.68828125
828 0.5 0.8072265625 1.0 0.068359375
16 0.5 0.437109375 1.0 0.80859375
6 0.08402777777777778 0.8890625 0.10972222222222222 0.06171875
7 0.18194444444444444 0.871484375 0.08611111111111111 0.0265625
7 0.24097222222222223 0.898046875 0.20416666666666666 0.0265625
8 0.36875 0.8890625 0.6791666666666667 0.06171875
52 0.7520833333333333 0.8892578125 0.0875 0.090234375
52 0.8395833333333333 0.8892578125 0.0875 0.090234375
52 0.9270833333333334 0.8892578125 0.0875 0.090234375
52 0.0 0.844140625 0.0 0.0
1733 0.5 0.8892578125 1.0 0.090234375
1734 0.5 0.934375 1.0 0.0
206 0.0 0.934375 0.0 0.0
206 1.0 0.934375 0.0 0.0
53 0.5 0.4671875 1.0 0.934375
57 0.0 0.0328125 0.0 0.0
54 0.06875 0.065625 0.09722222222222222 0.065625
16 0.2517361111111111 0.0654296875 0.26875 0.033203125
7 0.11736111111111111 0.048828125 0.0 0.0
16 0.203125 0.065625 0.3659722222222222 0.065625
143 0.7958333333333333 0.065625 0.1361111111111111 0.065625
91 0.9319444444444445 0.065625 0.1361111111111111 0.065625
56 0.5 0.065625 1.0 0.065625
56 0.0 0.0 0.0 0.0
