50 0.044444444444444446 0.1953125 0.0 0.0
6 0.10277777777777777 0.20625 0.0 0.0
48 0.5 0.2498046875 0.7944444444444444 0.040234375
343 0.5 0.329296875 0.8722222222222222 0.065625
16 0.5 0.2458984375 0.9111111111111111 0.101171875
343 0.5 0.395703125 0.8722222222222222 0.065625
343 0.5 0.462109375 0.8722222222222222 0.065625
343 0.5 0.528515625 0.8722222222222222 0.065625
343 0.5 0.594921875 0.8722222222222222 0.065625
343 0.5 0.661328125 0.8722222222222222 0.065625
49 0.5 0.4953125 0.8722222222222222 0.39765625
114 0.2815972222222222 0.727734375 0.4354166666666667 0.065625
114 0.06388888888888888 0.694921875 0.0 0.0
114 0.7184027777777777 0.727734375 0.4354166666666667 0.065625
16 0.5 0.7328125 0.9111111111111111 0.07734375
5 0.5 0.4833984375 0.95 0.576171875
