0 0.0 0.0 0.0 0.0
6 0.06805555555555555 0.07109375 0.11666666666666667 0.065625
8 0.5583333333333333 0.07109375 0.8638888888888889 0.0765625
857 0.9805555555555555 0.0328125 0.0 0.0
8 0.5 0.07109375 1.0 0.0765625
7 0.5 0.1498046875 1.0 0.080859375
790 0.9180555555555555 0.2310546875 0.11527777777777778 0.037109375
82 0.4222222222222222 0.2515625 0.8444444444444444 0.065625
4 0.5 0.191015625 1.0 0.0015625
4 0.5 0.271484375 1.0 0.0015625
1405 0.5 0.23125 1.0 0.08203125
7 0.5 0.3119140625 1.0 0.079296875
790 0.9180555555555555 0.3923828125 0.11527777777777778 0.037109375
82 0.4222222222222222 0.3828125 0.8444444444444444 0.065625
4 0.5 0.35234375 1.0 0.0015625
4 0.5 0.4328125 1.0 0.0015625
1405 0.5 0.392578125 1.0 0.08203125
790 0.9180555555555555 0.4744140625 0.11527777777777778 0.037109375
82 0.4222222222222222 0.4484375 0.8444444444444444 0.065625
4 0.0 0.43359375 0.0 0.0
4 0.5 0.51484375 1.0 0.0015625
1405 0.5 0.474609375 1.0 0.08203125
790 0.9180555555555555 0.5564453125 0.11527777777777778 0.037109375
82 0.4222222222222222 0.5375 0.8444444444444444 0.065625
4 0.0 0.515625 0.0 0.0
4 0.5 0.596875 1.0 0.0015625
1405 0.5 0.556640625 1.0 0.08203125
790 0.9180555555555555 0.6384765625 0.11527777777777778 0.037109375
7 0.43645833333333334 0.638671875 0.7993055555555556 0.0296875
4 0.0 0.59765625 0.0 0.0
4 0.5 0.67890625 1.0 0.0015625
1405 0.5 0.638671875 1.0 0.08203125
790 0.9180555555555555 0.7205078125 0.11527777777777778 0.037109375
82 0.4222222222222222 0.734375 0.8444444444444444 0.065625
4 0.0 0.6796875 0.0 0.0
4 0.5 0.7609375 1.0 0.0015625
1405 0.5 0.720703125 1.0 0.08203125
790 0.9180555555555555 0.8025390625 0.11527777777777778 0.037109375
82 0.4222222222222222 0.8234375 0.8444444444444444 0.065625
4 0.0 0.76171875 0.0 0.0
4 0.5 0.84296875 1.0 0.0015625
1405 0.5 0.802734375 1.0 0.08203125
16 0.5 0.59765625 1.0 0.4921875
16 0.5 0.49375 1.0 0.76875
455 0.5 0.48359375 1.0 0.9015625
158 0.4222222222222222 0.046484375 0.8444444444444444 0.02734375
6 0.4222222222222222 0.0875 0.3416666666666667 0.0546875
158 0.4222222222222222 0.128515625 0.8444444444444444 0.02734375
16 0.4222222222222222 0.09296875 0.8444444444444444 0.1203125
82 0.4222222222222222 0.1859375 0.8444444444444444 0.065625
50 0.8055555555555556 0.1859375 0.0 0.065625
50 0.8055555555555556 0.2515625 0.0 0.065625
82 0.4222222222222222 0.3171875 0.8444444444444444 0.065625
50 0.8055555555555556 0.3171875 0.0 0.065625
50 0.8055555555555556 0.3828125 0.0 0.065625
50 0.8055555555555556 0.4484375 0.0 0.065625
50 0.8055555555555556 0.5375 0.0 0.065625
82 0.4222222222222222 0.603125 0.8444444444444444 0.065625
50 0.8055555555555556 0.603125 0.0 0.065625
82 0.4222222222222222 0.66875 0.8444444444444444 0.065625
50 0.8055555555555556 0.66875 0.0 0.065625
50 0.8055555555555556 0.734375 0.0 0.065625
50 0.8055555555555556 0.8234375 0.0 0.065625
82 0.4222222222222222 0.8890625 0.8444444444444444 0.065625
50 0.8055555555555556 0.928125 0.0 0.0125
82 0.4222222222222222 0.928125 0.8444444444444444 0.0125
113 0.4222222222222222 0.48359375 0.8444444444444444 0.9015625
4 0.5 0.9671875 1.0 0.065625
4 0.5 0.01640625 1.0 0.0328125
5 0.5 0.5 1.0 1.0
