17 0.0 0.0 0.0 0.0
4 0.5 0.0765625 1.0 0.153125
38 0.4996527777777778 0.238671875 0.6340277777777777 0.17109375
38 0.5 0.51015625 0.875 0.371875
16 0.5 0.348046875 1.0 0.69609375
4 0.04097222222222222 0.6962890625 0.08194444444444444 0.000390625
38 0.22013888888888888 0.75078125 0.19444444444444445 0.109375
1739 0.22013888888888888 0.8220703125 0.11805555555555555 0.033203125
16 0.22013888888888888 0.7673828125 0.2763888888888889 0.142578125
38 0.4965277777777778 0.75078125 0.19444444444444445 0.109375
1739 0.4965277777777778 0.8220703125 0.18472222222222223 0.033203125
16 0.496875 0.7673828125 0.27708333333333335 0.142578125
38 0.7763888888888889 0.75078125 0.19444444444444445 0.109375
1739 0.7760416666666666 0.8220703125 0.19930555555555557 0.033203125
16 0.7763888888888889 0.7673828125 0.28194444444444444 0.142578125
4 0.9586805555555555 0.6962890625 0.08263888888888889 0.000390625
16 0.5 0.7673828125 1.0 0.142578125
34 0.5 0.4671875 1.0 0.934375
38 0.9003472222222222 0.0560546875 0.10208333333333333 0.057421875
117 0.5 0.9001953125 1.0 0.068359375
4 0.5 0.9671875 1.0 0.065625
5 0.5 0.5 1.0 1.0
