36 0.0 0.0328125 0.0 0.0
7 0.15381944444444445 0.1421875 0.2881944444444444 0.065625
7 0.44375 0.1421875 0.2916666666666667 0.065625
7 0.6986111111111111 0.1421875 0.21805555555555556 0.065625
978 0.5 0.1421875 1.0 0.065625
44 0.060069444444444446 0.1421875 0.12013888888888889 0.065625
144 0.5 0.1421875 0.7597222222222222 0.065625
44 0.9336805555555555 0.1521484375 0.10347222222222222 0.058203125
43 0.0 0.175 0.0 0.0
8 0.0 0.5546875 0.0 0.759375
43 0.5 0.194921875 0.9805555555555555 0.02578125
172 0.12083333333333333 0.2498046875 0.2222222222222222 0.058984375
172 0.3503472222222222 0.2498046875 0.23680555555555555 0.058984375
172 0.5819444444444445 0.2498046875 0.2263888888888889 0.058984375
8 0.5 0.2505859375 1.0 0.071484375
43 0.5 0.3046875 0.9805555555555555 0.02578125
50 0.10590277777777778 0.385546875 0.19236111111111112 0.1
7 0.3611111111111111 0.3603515625 0.31805555555555554 0.049609375
7 0.3333333333333333 0.4017578125 0.2625 0.027734375
16 0.5041666666666667 0.3755859375 0.6041666666666666 0.080078125
16 0.8982638888888889 0.3755859375 0.1840277777777778 0.080078125
16 0.5961805555555556 0.3755859375 0.7881944444444444 0.080078125
8 0.5 0.385546875 1.0 0.121875
50 0.10590277777777778 0.50703125 0.19236111111111112 0.1
7 0.3298611111111111 0.4818359375 0.25555555555555554 0.049609375
7 0.33194444444444443 0.5232421875 0.25972222222222224 0.027734375
16 0.5041666666666667 0.4970703125 0.6041666666666666 0.080078125
16 0.8982638888888889 0.4970703125 0.1840277777777778 0.080078125
16 0.5961805555555556 0.4970703125 0.7881944444444444 0.080078125
8 0.5 0.50703125 1.0 0.121875
50 0.5 0.44609375 1.0 0.0
50 0.10590277777777778 0.628515625 0.19236111111111112 0.1
7 0.23020833333333332 0.6033203125 0.05625 0.049609375
7 0.3333333333333333 0.6447265625 0.2625 0.027734375
16 0.5041666666666667 0.6185546875 0.6041666666666666 0.080078125
16 0.8982638888888889 0.6185546875 0.1840277777777778 0.080078125
16 0.5961805555555556 0.6185546875 0.7881944444444444 0.080078125
8 0.5 0.628515625 1.0 0.121875
16 0.5 0.590625 0.9708333333333333 0.06171875
10 0.5 0.507421875 1.0 0.365625
197 0.5 0.521875 1.0 0.825
50 0.5 0.934375 1.0 0.0
43 0.3642361111111111 0.1650390625 0.48680555555555555 0.040234375
71 0.19583333333333333 0.2466796875 0.30416666666666664 0.062890625
8 0.5145833333333333 0.1978515625 0.9416666666666667 0.160546875
43 0.4270833333333333 0.3220703125 0.7666666666666667 0.033203125
145 0.8833333333333333 0.3244140625 0.14583333333333334 0.037109375
16 0.5 0.2369140625 0.9708333333333333 0.238671875
43 0.30486111111111114 0.3908203125 0.48333333333333334 0.036328125
172 0.19166666666666668 0.4548828125 0.2375 0.058984375
172 0.23402777777777778 0.5138671875 0.32222222222222224 0.058984375
273 0.5 0.4830078125 0.9125 0.137109375
16 0.5 0.4580078125 0.9708333333333333 0.203515625
43 0.4270833333333333 0.5873046875 0.7666666666666667 0.033203125
145 0.8833333333333333 0.5896484375 0.14583333333333334 0.037109375
172 0.21180555555555555 0.6619140625 0.33611111111111114 0.058984375
172 0.28541666666666665 0.7208984375 0.48333333333333334 0.058984375
41 0.5 0.6646484375 0.9708333333333333 0.209765625
38 0.5 0.664453125 0.1361111111111111 0.0765625
8 0.014583333333333334 0.76953125 0.0 0.0
16 0.5 0.4435546875 1.0 0.668359375
71 0.0 0.2734375 0.0 0.065625
71 0.0 0.3390625 0.0 0.065625
71 0.0 0.4046875 0.0 0.065625
71 0.0 0.4703125 0.0 0.065625
71 0.0 0.5359375 0.0 0.065625
71 0.0 0.6015625 0.0 0.065625
71 0.0 0.6671875 0.0 0.065625
71 0.0 0.7328125 0.0 0.065625
71 0.0 0.7984375 0.0 0.065625
71 0.0 0.8640625 0.0 0.065625
71 0.0 0.915625 0.0 0.0375
43 0.22881944444444444 0.0708984375 0.1076388888888889 0.036328125
44 0.06805555555555555 0.07109375 0.1361111111111111 0.0765625
22 0.7083333333333334 0.07109375 0.11666666666666667 0.065625
22 0.825 0.07109375 0.11666666666666667 0.065625
22 0.9416666666666667 0.07109375 0.11666666666666667 0.065625
45 0.825 0.07109375 0.35 0.0765625
46 0.5 0.07109375 1.0 0.0765625
42 0.5 0.48359375 1.0 0.9015625
4 0.5 0.01640625 1.0 0.0328125
5 0.5 0.5 1.0 1.0
