53 0.5 0.4671875 1.0 0.934375
57 0.0 0.0 0.0 0.0
19 0.49930555555555556 0.430859375 0.18472222222222223 0.10390625
7 0.49930555555555556 0.4314453125 0.0 0.036328125
7 0.4996527777777778 0.5009765625 0.25069444444444444 0.036328125
7 0.49930555555555556 0.5373046875 0.0 0.036328125
8 0.4996527777777778 0.4671875 0.25069444444444444 0.1765625
8 0.5006944444444444 0.9017578125 0.9986111111111111 0.047265625
7 0.09236111111111112 0.85703125 0.13333333333333333 0.02578125
51 0.5006944444444444 0.85703125 0.6833333333333333 0.028125
7 0.9090277777777778 0.85703125 0.13333333333333333 0.02578125
52 0.07708333333333334 0.9015625 0.07777777777777778 0.04375
52 0.001388888888888889 0.878125 0.0 0.0
52 0.36180555555555555 0.9015625 0.07777777777777778 0.04375
52 0.5006944444444444 0.9015625 0.07777777777777778 0.04375
52 0.6395833333333333 0.9015625 0.07777777777777778 0.04375
16 0.5006944444444444 0.9015625 0.35555555555555557 0.04375
52 0.9243055555555556 0.9015625 0.07777777777777778 0.04375
7 0.7756944444444445 0.9017578125 0.14583333333333334 0.047265625
6 0.06875 0.0328125 0.07777777777777778 0.04375
54 0.058680555555555555 0.0328125 0.11736111111111111 0.065625
16 0.11736111111111111 0.0326171875 0.0 0.033203125
7 0.38055555555555554 0.0328125 0.5013888888888889 0.02578125
6 0.6861111111111111 0.0326171875 0.059722222222222225 0.018359375
7 0.7961805555555556 0.0328125 0.13541666666666666 0.02578125
16 0.490625 0.0328125 0.7465277777777778 0.02578125
91 0.9319444444444445 0.0328125 0.1361111111111111 0.065625
56 0.5 0.0328125 1.0 0.065625
