17 0.0 0.0328125 0.0 0.0
7 0.3590277777777778 0.0708984375 0.4263888888888889 0.036328125
52 0.06805555555555555 0.07109375 0.1361111111111111 0.0765625
22 0.9319444444444445 0.07109375 0.1361111111111111 0.065625
118 0.5 0.07109375 1.0 0.0765625
34 0.5 0.48359375 1.0 0.9015625
1740 0.3524305555555556 0.9580078125 0.6659722222222222 0.047265625
1740 0.8475694444444445 0.9580078125 0.28541666666666665 0.047265625
8 0.5 0.9552734375 1.0 0.041796875
5 0.5 0.5 1.0 1.0
4 0.5 0.9671875 1.0 0.065625
4 0.5 0.01640625 1.0 0.0328125
