61 0.0 0.0328125 0.0 0.0
6 0.16666666666666666 0.143359375 0.07777777777777778 0.04375
7 0.3333333333333333 0.109375 0.0 0.0
8 0.0 0.109375 0.0 0.0
8 0.16666666666666666 0.1435546875 0.3333333333333333 0.068359375
6 0.5 0.143359375 0.07777777777777778 0.04375
7 0.6666666666666666 0.109375 0.0 0.0
8 0.5 0.1435546875 0.3333333333333333 0.068359375
6 0.8333333333333334 0.143359375 0.07777777777777778 0.04375
8 0.8333333333333334 0.1435546875 0.3333333333333333 0.068359375
16 0.5 0.1435546875 1.0 0.068359375
194 0.5 0.177734375 0.09722222222222222 0.0
7 0.0 0.177734375 0.0 0.0
7 0.5 0.555859375 0.9513888888888888 0.02578125
6 0.38819444444444445 0.9001953125 0.06111111111111111 0.030078125
7 0.5364583333333334 0.9001953125 0.21041666666666667 0.027734375
1741 0.5 0.934375 1.0 0.0
179 0.5 0.521875 1.0 0.825
7 0.5 0.216796875 0.2513888888888889 0.078125
16 0.5 0.216796875 1.0 0.078125
7 0.4996527777777778 0.521875 0.15486111111111112 0.02578125
6 0.25 0.143359375 0.07777777777777778 0.04375
8 0.25 0.1435546875 0.5 0.068359375
6 0.75 0.143359375 0.07777777777777778 0.04375
7 0.5 0.109375 0.0 0.0
8 0.75 0.1435546875 0.5 0.068359375
8 0.5 0.49453125 1.0 0.63359375
7 0.5 0.49453125 0.9513888888888888 0.02578125
6 0.38819444444444445 0.7771484375 0.06111111111111111 0.030078125
7 0.5364583333333334 0.7771484375 0.21041666666666667 0.027734375
16 0.5 0.7771484375 1.0 0.068359375
7 0.5184027777777778 0.8333984375 0.9631944444444445 0.041015625
16 0.09756944444444444 0.884765625 0.12152777777777778 0.06171875
213 0.40902777777777777 0.884765625 0.7444444444444445 0.06171875
52 0.890625 0.8728515625 0.1701388888888889 0.095703125
8 0.0 0.2529296875 0.0 0.068359375
8 0.0 0.1640625 0.0 0.109375
8 0.0 0.3212890625 0.0 0.068359375
8 0.0 0.3896484375 0.0 0.068359375
8 0.0 0.4580078125 0.0 0.068359375
8 0.0 0.5263671875 0.0 0.068359375
8 0.0 0.5947265625 0.0 0.068359375
8 0.0 0.6630859375 0.0 0.068359375
4 0.0 0.696484375 0.0 0.0015625
16 0.0 0.53203125 0.0 0.6265625
1741 0.0 0.521875 0.0 0.825
7 0.2267361111111111 0.0708984375 0.16180555555555556 0.036328125
165 0.9489583333333333 0.07109375 0.10208333333333333 0.065625
52 0.06805555555555555 0.07109375 0.1361111111111111 0.0765625
74 0.5 0.07109375 1.0 0.0765625
77 0.5 0.48359375 1.0 0.9015625
4 0.5 0.9671875 1.0 0.065625
4 0.5 0.01640625 1.0 0.0328125
5 0.5 0.5 1.0 1.0
