435 0.5 0.17109375 1.0 0.109375
510 0.246875 0.3501953125 0.3645833333333333 0.205078125
16 0.246875 0.474609375 0.08680555555555555 0.0296875
16 0.20347222222222222 0.459765625 0.0 0.0
8 0.246875 0.3576171875 0.40347222222222223 0.263671875
510 0.7524305555555556 0.3501953125 0.3645833333333333 0.205078125
16 0.7520833333333333 0.474609375 0.25555555555555554 0.0296875
16 0.6243055555555556 0.459765625 0.0 0.0
8 0.7524305555555556 0.3576171875 0.40347222222222223 0.263671875
510 0.246875 0.6439453125 0.3645833333333333 0.205078125
16 0.2465277777777778 0.768359375 0.1 0.0296875
16 0.19652777777777777 0.753515625 0.0 0.0
8 0.246875 0.6513671875 0.40347222222222223 0.263671875
510 0.7524305555555556 0.6439453125 0.3645833333333333 0.205078125
16 0.7520833333333333 0.768359375 0.08194444444444444 0.0296875
8 0.7524305555555556 0.6513671875 0.40347222222222223 0.263671875
510 0.246875 0.884765625 0.3645833333333333 0.09921875
510 0.7524305555555556 0.884765625 0.3645833333333333 0.09921875
606 0.5 0.580078125 1.0 0.70859375
7 0.5 0.521875 0.9027777777777778 0.7703125
8 0.4996527777777778 0.8625 0.5090277777777777 0.04765625
114 0.0 0.109375 0.0 0.0
1304 0.9020833333333333 0.8765625 0.12222222222222222 0.07421875
8 0.5 0.521875 1.0 0.825
52 0.06805555555555555 0.07109375 0.1361111111111111 0.0765625
7 0.2423611111111111 0.0708984375 0.19305555555555556 0.036328125
143 0.8055555555555556 0.07109375 0.11666666666666667 0.065625
91 0.9319444444444445 0.07109375 0.1361111111111111 0.0765625
56 0.5 0.07109375 1.0 0.0765625
57 0.0 0.0328125 0.0 0.0
53 0.5 0.4671875 1.0 0.934375
4 0.5 0.9671875 1.0 0.065625
4 0.5 0.01640625 1.0 0.0328125
