36 0.0 0.0328125 0.0 0.0
43 0.27152777777777776 0.0736328125 0.4652777777777778 0.071484375
43 0.8857638888888889 0.0703125 0.15069444444444444 0.078125
50 0.5 0.0736328125 1.0 0.071484375
43 0.13819444444444445 0.1171875 0.1986111111111111 0.015625
4 0.2777777777777778 0.11484375 0.002777777777777778 0.0109375
43 0.36006944444444444 0.1189453125 0.08402777777777778 0.019140625
43 0.5333333333333333 0.1189453125 0.18472222222222223 0.019140625
43 0.7496527777777777 0.1189453125 0.1701388888888889 0.019140625
8 0.5 0.1271484375 1.0 0.035546875
43 0.07291666666666667 0.1859375 0.06805555555555555 0.03828125
43 0.4361111111111111 0.18359375 0.6041666666666666 0.0296875
43 0.8559027777777778 0.1857421875 0.21041666666666667 0.033203125
8 0.5 0.175 1.0 0.06015625
38 0.10451388888888889 0.2607421875 0.024305555555555556 0.013671875
43 0.4222222222222222 0.225390625 0.5722222222222222 0.0296875
16 0.390625 0.225390625 0.78125 0.0296875
43 0.5315972222222223 0.29921875 0.7909722222222222 0.10703125
16 0.5 0.29921875 1.0 0.10703125
43 0.0 0.109375 0.0 0.0
4 0.5 0.375390625 0.9222222222222223 0.0015625
16 0.5 0.260546875 1.0 0.23125
43 0.07291666666666667 0.4171875 0.06805555555555555 0.03828125
43 0.4361111111111111 0.41484375 0.6041666666666666 0.0296875
43 0.8559027777777778 0.4169921875 0.21041666666666667 0.033203125
8 0.5 0.40625 1.0 0.06015625
38 0.10451388888888889 0.4919921875 0.024305555555555556 0.013671875
43 0.4222222222222222 0.456640625 0.5722222222222222 0.0296875
16 0.390625 0.456640625 0.78125 0.0296875
43 0.5315972222222223 0.53046875 0.7909722222222222 0.10703125
16 0.5 0.53046875 1.0 0.10703125
43 0.0 0.376171875 0.0 0.0
4 0.5 0.606640625 0.9222222222222223 0.0015625
16 0.5 0.491796875 1.0 0.23125
43 0.07291666666666667 0.6484375 0.06805555555555555 0.03828125
43 0.4361111111111111 0.64609375 0.6041666666666666 0.0296875
43 0.8559027777777778 0.6482421875 0.21041666666666667 0.033203125
8 0.5 0.6375 1.0 0.06015625
38 0.10451388888888889 0.7232421875 0.024305555555555556 0.013671875
43 0.4222222222222222 0.687890625 0.5722222222222222 0.0296875
16 0.390625 0.687890625 0.78125 0.0296875
43 0.5315972222222223 0.76171875 0.7909722222222222 0.10703125
16 0.5 0.76171875 1.0 0.10703125
43 0.0 0.607421875 0.0 0.0
4 0.5 0.837890625 0.9222222222222223 0.0015625
16 0.5 0.723046875 1.0 0.23125
1742 0.5 0.4740234375 1.0 0.729296875
43 0.07743055555555556 0.8591796875 0.11597222222222223 0.019140625
43 0.33055555555555555 0.89609375 0.6222222222222222 0.0546875
71 0.8135416666666667 0.886328125 0.33402777777777776 0.065625
8 0.5 0.8865234375 1.0 0.095703125
42 0.5 0.48359375 1.0 0.9015625
43 0.371875 0.0564453125 0.39375 0.036328125
44 0.06805555555555555 0.07109375 0.1361111111111111 0.0765625
43 0.3059027777777778 0.0892578125 0.26180555555555557 0.029296875
22 0.9416666666666667 0.07109375 0.11666666666666667 0.065625
46 0.5 0.07109375 1.0 0.0765625
5 0.5 0.5 1.0 1.0
4 0.5 0.9671875 1.0 0.065625
4 0.5 0.01640625 1.0 0.0328125
