1743 0.0 0.0 0.0 0.0
5 0.5 0.5 1.0 1.0
4 0.04375 0.15859375 0.0 0.0
43 0.4996527777777778 0.22265625 0.40069444444444446 0.0296875
50 0.5 0.21171875 0.9125 0.10625
38 0.19583333333333333 0.3859375 0.275 0.225
1744 0.05347222222222222 0.269140625 0.0 0.0
43 0.19583333333333333 0.4599609375 0.275 0.022265625
38 0.5 0.3859375 0.275 0.225
1744 0.3576388888888889 0.269140625 0.0 0.0
43 0.5 0.4599609375 0.275 0.022265625
38 0.8041666666666667 0.3859375 0.275 0.225
1744 0.6618055555555555 0.269140625 0.0 0.0
43 0.8041666666666667 0.4599609375 0.275 0.022265625
38 0.19583333333333333 0.628125 0.275 0.225
1744 0.05347222222222222 0.511328125 0.0 0.0
43 0.19583333333333333 0.7021484375 0.275 0.022265625
38 0.5 0.628125 0.275 0.225
1744 0.3576388888888889 0.511328125 0.0 0.0
43 0.5 0.7021484375 0.275 0.022265625
38 0.8041666666666667 0.628125 0.275 0.225
1744 0.6618055555555555 0.511328125 0.0 0.0
43 0.8041666666666667 0.7021484375 0.275 0.022265625
38 0.19583333333333333 0.84609375 0.275 0.1765625
1744 0.05347222222222222 0.753515625 0.0 0.0
43 0.19583333333333333 0.9337890625 0.275 0.001171875
38 0.5 0.84609375 0.275 0.1765625
1744 0.3576388888888889 0.753515625 0.0 0.0
43 0.5 0.9337890625 0.275 0.001171875
38 0.8041666666666667 0.84609375 0.275 0.1765625
1744 0.6618055555555555 0.753515625 0.0 0.0
43 0.8041666666666667 0.9337890625 0.275 0.001171875
4 0.5 0.1587890625 0.8833333333333333 0.000390625
38 0.5 0.4671875 0.6888888888888889 0.5421875
43 0.5 0.2435546875 0.17777777777777778 0.029296875
43 0.4996527777777778 0.281640625 0.16319444444444445 0.025
4 0.5 0.3271484375 0.6111111111111112 0.000390625
16 0.5 0.26171875 0.6888888888888889 0.13125
38 0.5 0.601171875 0.11666666666666667 0.065625
43 0.5 0.6724609375 0.3486111111111111 0.022265625
16 0.5 0.6259765625 0.6888888888888889 0.115234375
43 0.15555555555555556 0.19609375 0.0 0.0
1743 0.08263888888888889 0.095703125 0.10694444444444444 0.07109375
1743 0.4996527777777778 0.095703125 0.5715277777777777 0.08203125
38 0.9173611111111111 0.095703125 0.10694444444444444 0.07109375
1745 0.5 0.079296875 1.0 0.15859375
43 0.26284722222222223 0.095703125 0.1951388888888889 0.03671875
4 0.5 0.9671875 1.0 0.065625
4 0.5 0.01640625 1.0 0.0328125
