17 0.0 0.0328125 0.0 0.0
43 0.465625 0.0509765625 0.39652777777777776 0.036328125
38 0.7479166666666667 0.04921875 0.16805555555555557 0.0328125
38 0.8611111111111112 0.04921875 0.058333333333333334 0.0328125
16 0.5 0.0509765625 1.0 0.036328125
38 0.5003472222222223 0.225 0.24791666666666667 0.1375
38 0.5 0.226171875 0.49583333333333335 0.275
8 0.5 0.2263671875 1.0 0.314453125
38 0.25 0.462890625 0.14583333333333334 0.08203125
43 0.25 0.516796875 0.19444444444444445 0.02578125
16 0.25 0.490234375 0.5 0.13671875
4 0.5003472222222223 0.490234375 0.0006944444444444445 0.13671875
38 0.75 0.462890625 0.14583333333333334 0.08203125
43 0.75 0.5279296875 0.19444444444444445 0.048046875
16 0.7503472222222223 0.490234375 0.49930555555555556 0.13671875
16 0.5 0.490234375 1.0 0.13671875
4 0.5 0.5669921875 1.0 0.000390625
38 0.25 0.619140625 0.14583333333333334 0.08203125
43 0.25 0.673046875 0.19444444444444445 0.02578125
16 0.25 0.646484375 0.5 0.13671875
4 0.5003472222222223 0.646484375 0.0006944444444444445 0.13671875
38 0.75 0.619140625 0.14583333333333334 0.08203125
43 0.75 0.673046875 0.19444444444444445 0.02578125
16 0.7503472222222223 0.646484375 0.49930555555555556 0.13671875
16 0.5 0.646484375 1.0 0.13671875
16 0.5 0.562890625 1.0 0.30390625
16 0.5 0.373828125 1.0 0.68203125
484 0.5 0.9001953125 0.7777777777777778 0.068359375
89 0.5 0.9001953125 1.0 0.068359375
34 0.5 0.48359375 1.0 0.9015625
4 0.5 0.9671875 1.0 0.065625
5 0.5 0.5 1.0 1.0
