17 0.0 0.0 0.0 0.0
194 0.5 0.175 0.09722222222222222 0.0
1747 0.5 0.5546875 1.0 0.759375
38 0.4986111111111111 0.33359375 0.9777777777777777 0.30625
38 0.009722222222222222 0.18046875 0.0 0.0
38 0.02673611111111111 0.5234375 0.034027777777777775 0.02421875
1748 0.4986111111111111 0.54765625 0.9 0.07265625
1748 0.4986111111111111 0.6849609375 0.9 0.191015625
16 0.4986111111111111 0.49140625 0.9972222222222222 0.6328125
38 0.0 0.8078125 0.0 0.0
38 0.02673611111111111 0.84453125 0.034027777777777775 0.02421875
1748 0.4986111111111111 0.86875 0.9 0.07265625
1749 0.3211805555555556 0.9251953125 0.5451388888888888 0.018359375
38 0.7930555555555555 0.9251953125 0.3888888888888889 0.018359375
8 0.4986111111111111 0.87109375 0.9972222222222222 0.1265625
106 1.0 0.5546875 0.0 0.759375
16 1.0 0.4373046875 0.0 0.524609375
38 1.0 0.699609375 0.0 0.0
8 1.0 0.8169921875 0.0 0.234765625
38 1.0 0.965234375 0.0 0.06171875
34 0.5 0.4671875 1.0 0.934375
38 0.5288194444444444 0.066796875 0.5590277777777778 0.02734375
1750 0.5288194444444444 0.101171875 0.42569444444444443 0.01640625
50 0.5291666666666667 0.07109375 0.7083333333333334 0.0765625
43 0.175 0.0708984375 0.0 0.036328125
44 0.06805555555555555 0.07109375 0.1361111111111111 0.0765625
22 0.9416666666666667 0.07109375 0.11666666666666667 0.065625
118 0.5 0.10390625 1.0 0.1421875
1751 0.5 0.1162109375 1.0 0.013671875
38 0.0 0.109375 0.0 0.0
127 0.16458333333333333 0.1421875 0.32916666666666666 0.065625
38 0.32916666666666666 0.109375 0.0 0.0
127 0.5197916666666667 0.1421875 0.38125 0.065625
38 0.7104166666666667 0.109375 0.0 0.0
127 0.8347222222222223 0.1421875 0.24861111111111112 0.065625
38 0.9590277777777778 0.109375 0.0 0.0
127 0.9795138888888889 0.1421875 0.04097222222222222 0.065625
128 0.5 0.1421875 1.0 0.065625
1752 0.2590277777777778 0.0869140625 0.3625 0.048046875
1750 0.0 0.062890625 0.0 0.0
1752 0.5895833333333333 0.0869140625 0.22083333333333333 0.048046875
16 0.3888888888888889 0.0869140625 0.7777777777777778 0.048046875
1750 0.4083333333333333 0.1806640625 0.7388888888888889 0.029296875
44 0.7243055555555555 0.178515625 0.04861111111111111 0.02734375
16 0.3888888888888889 0.1033203125 0.7777777777777778 0.206640625
1750 0.3888888888888889 0.241796875 0.7777777777777778 0.0703125
1750 0.3888888888888889 0.312890625 0.7777777777777778 0.0703125
1750 0.3888888888888889 0.383984375 0.7777777777777778 0.0703125
1750 0.3888888888888889 0.4658203125 0.7777777777777778 0.073828125
1750 0.3888888888888889 0.5396484375 0.7777777777777778 0.073828125
16 0.3888888888888889 0.5705078125 0.7777777777777778 0.727734375
43 0.3888888888888889 0.934375 0.0 0.0
266 0.3888888888888889 0.4671875 0.7777777777777778 0.934375
4 0.5 0.9671875 1.0 0.065625
5 0.5 0.5 1.0 1.0
