120 0.0 0.0328125 0.0 0.0
446 0.5 0.48359375 1.0 0.9015625
1753 0.5 0.5982421875 1.0 0.002734375
52 0.06805555555555555 0.07109375 0.1361111111111111 0.0765625
45 1.0 0.07109375 0.0 0.0765625
7 0.3680555555555556 0.0708984375 0.3861111111111111 0.036328125
80 0.5 0.07109375 1.0 0.0765625
16 0.0 0.1353515625 0.0 0.205078125
82 0.0 0.270703125 0.0 0.065625
82 0.0 0.336328125 0.0 0.065625
82 0.0 0.401953125 0.0 0.065625
82 0.0 0.467578125 0.0 0.065625
43 0.0 0.545703125 0.0 0.065625
82 0.0 0.611328125 0.0 0.065625
82 0.0 0.676953125 0.0 0.065625
82 0.0 0.742578125 0.0 0.065625
113 0.0 0.48359375 0.0 0.9015625
5 0.5 0.5 1.0 1.0
4 0.5 0.9671875 1.0 0.065625
4 0.5 0.01640625 1.0 0.0328125
