17 0.0 0.0328125 0.0 0.0
52 0.06805555555555555 0.07109375 0.1361111111111111 0.0765625
7 0.26458333333333334 0.0708984375 0.2375 0.036328125
45 1.0 0.07109375 0.0 0.0765625
80 0.5 0.07109375 1.0 0.0765625
50 0.5 0.191796875 0.975 0.00078125
50 0.5 0.339453125 0.975 0.00078125
1754 0.13402777777777777 0.259765625 0.24305555555555555 0.13515625
38 0.94375 0.216796875 0.04861111111111111 0.02734375
43 0.6045138888888889 0.21796875 0.6298611111111111 0.0296875
43 0.36041666666666666 0.3044921875 0.14166666666666666 0.018359375
43 0.5024305555555556 0.3044921875 0.10347222222222222 0.018359375
16 0.6288194444444445 0.3044921875 0.6784722222222223 0.018359375
43 0.6288194444444445 0.2640625 0.6784722222222223 0.0625
38 0.959375 0.3001953125 0.017361111111111112 0.009765625
8 0.5 0.259765625 0.975 0.13671875
50 0.5 0.487109375 0.975 0.00078125
1754 0.13402777777777777 0.407421875 0.24305555555555555 0.13515625
38 0.94375 0.364453125 0.04861111111111111 0.02734375
43 0.6045138888888889 0.365625 0.6298611111111111 0.0296875
43 0.35347222222222224 0.4521484375 0.12777777777777777 0.018359375
43 0.48159722222222223 0.4521484375 0.08958333333333333 0.018359375
16 0.6288194444444445 0.4521484375 0.6784722222222223 0.018359375
43 0.6288194444444445 0.41171875 0.6784722222222223 0.0625
38 0.959375 0.4478515625 0.017361111111111112 0.009765625
8 0.5 0.407421875 0.975 0.13671875
50 0.5 0.634765625 0.975 0.00078125
1754 0.13402777777777777 0.555078125 0.24305555555555555 0.13515625
38 0.94375 0.512109375 0.04861111111111111 0.02734375
43 0.6045138888888889 0.51328125 0.6298611111111111 0.0296875
43 0.3659722222222222 0.5998046875 0.1527777777777778 0.018359375
43 0.4996527777777778 0.5998046875 0.07569444444444444 0.018359375
16 0.6288194444444445 0.5998046875 0.6784722222222223 0.018359375
43 0.6288194444444445 0.559375 0.6784722222222223 0.0625
38 0.959375 0.5955078125 0.017361111111111112 0.009765625
8 0.5 0.555078125 0.975 0.13671875
50 0.5 0.782421875 0.975 0.00078125
1754 0.13402777777777777 0.702734375 0.24305555555555555 0.13515625
38 0.94375 0.659765625 0.04861111111111111 0.02734375
43 0.6045138888888889 0.6609375 0.6298611111111111 0.0296875
43 0.37083333333333335 0.7474609375 0.1625 0.018359375
43 0.509375 0.7474609375 0.07569444444444444 0.018359375
16 0.6288194444444445 0.7474609375 0.6784722222222223 0.018359375
43 0.6288194444444445 0.70703125 0.6784722222222223 0.0625
38 0.959375 0.7431640625 0.017361111111111112 0.009765625
8 0.5 0.702734375 0.975 0.13671875
8 0.5 0.93203125 0.975 0.0046875
1754 0.13402777777777777 0.850390625 0.24305555555555555 0.13515625
38 0.94375 0.807421875 0.04861111111111111 0.02734375
43 0.6045138888888889 0.80859375 0.6298611111111111 0.0296875
43 0.3659722222222222 0.8951171875 0.1527777777777778 0.018359375
43 0.4996527777777778 0.8951171875 0.07569444444444444 0.018359375
8 0.6288194444444445 0.932421875 0.6784722222222223 0.00390625
43 0.6288194444444445 0.8546875 0.6784722222222223 0.0625
38 0.959375 0.8908203125 0.017361111111111112 0.009765625
8 0.5 0.850390625 0.975 0.13671875
1754 0.13402777777777777 0.932421875 0.24305555555555555 0.00390625
38 0.94375 0.937890625 0.04861111111111111 0.00703125
43 0.6288194444444445 0.952734375 0.6784722222222223 0.03671875
34 0.5 0.48359375 1.0 0.9015625
127 0.15034722222222222 0.1421875 0.30069444444444443 0.065625
38 0.30069444444444443 0.109375 0.0 0.0
127 0.5003472222222223 0.1421875 0.3993055555555556 0.065625
38 0.7 0.109375 0.0 0.0
127 0.85 0.1421875 0.3 0.065625
128 0.5 0.1421875 1.0 0.065625
5 0.5 0.5 1.0 1.0
4 0.5 0.9671875 1.0 0.065625
4 0.5 0.01640625 1.0 0.0328125
