17 0.0 0.0328125 0.0 0.0
324 0.5 0.48359375 1.0 0.9015625
50 0.5 0.0669921875 1.0 0.068359375
71 0.5 0.89609375 1.0 0.0765625
38 0.12152777777777778 0.1251953125 0.24305555555555555 0.048046875
43 0.5725694444444445 0.1251953125 0.27569444444444446 0.048046875
327 0.5725694444444445 0.1251953125 0.6590277777777778 0.048046875
220 0.9701388888888889 0.11796875 0.04861111111111111 0.02734375
43 0.9020833333333333 0.101171875 0.0 0.0
16 0.5 0.12578125 1.0 0.04921875
326 0.0 0.101171875 0.0 0.0
50 0.5 0.5423828125 1.0 0.783984375
43 1.0 0.101171875 0.0 0.0
38 1.0 0.15078125 0.0 0.0
38 1.0 0.205859375 0.0 0.0
38 1.0 0.2609375 0.0 0.0
38 1.0 0.316015625 0.0 0.0
38 1.0 0.37109375 0.0 0.0
38 1.0 0.426171875 0.0 0.0
38 1.0 0.48125 0.0 0.0
38 1.0 0.536328125 0.0 0.0
16 1.0 0.5177734375 0.0 0.833203125
43 0.5 0.1166015625 0.0 0.044140625
50 0.5 0.857421875 1.0 0.00078125
4 0.5 0.01640625 1.0 0.0328125
5 0.5 0.5 1.0 1.0
