0 0.0 0.0328125 0.0 0.0
6 0.06805555555555555 0.6484375 0.058333333333333334 0.0328125
7 0.5875 0.6484375 0.825 0.0875
16 0.0 0.6046875 0.0 0.0
16 0.5 0.6484375 1.0 0.0875
114 0.6618055555555555 0.7359375 0.2388888888888889 0.065625
114 0.8760416666666667 0.7359375 0.18958333333333333 0.065625
16 0.5 0.7359375 1.0 0.0875
7 0.5 0.81953125 1.0 0.0765625
16 0.5 0.69296875 1.0 0.1765625
6 0.0875 0.89609375 0.058333333333333334 0.0328125
16 0.25381944444444443 0.8958984375 0.2743055555555556 0.033203125
16 0.5 0.89609375 1.0 0.0765625
5 0.5 0.48359375 1.0 0.9015625
