1756 0.0 0.0328125 0.0 0.0
8 0.5 0.12578125 1.0 0.0546875
16 0.06805555555555555 0.065625 0.1361111111111111 0.065625
1757 0.5607638888888888 0.0654296875 0.8201388888888889 0.047265625
6 0.15069444444444444 0.0328125 0.0 0.0
6 0.19583333333333333 0.065625 0.05138888888888889 0.02890625
8 1.0 0.0328125 0.0 0.0
206 0.5 0.51640625 1.0 0.8359375
6 0.08541666666666667 0.8369140625 0.14583333333333334 0.030078125
1758 0.0 0.0984375 0.0 0.0
521 0.9756944444444444 0.112109375 0.0 0.0
8 0.9756944444444444 0.413671875 0.0 0.603125
16 0.9246527777777778 0.78359375 0.10208333333333333 0.109375
6 0.9246527777777778 0.810546875 0.10208333333333333 0.05546875
1756 0.10069444444444445 0.12578125 0.14305555555555555 0.0296875
6 0.796875 0.1134765625 0.39652777777777776 0.024609375
6 0.14131944444444444 0.8966796875 0.11041666666666666 0.075390625
1756 0.3034722222222222 0.8966796875 0.21388888888888888 0.075390625
16 0.24861111111111112 0.8966796875 0.49722222222222223 0.075390625
4 0.4996527777777778 0.8966796875 0.004861111111111111 0.075390625
6 0.6177083333333333 0.8966796875 0.06180555555555556 0.075390625
1756 0.7913194444444445 0.8966796875 0.2465277777777778 0.075390625
16 0.7510416666666667 0.8966796875 0.4979166666666667 0.075390625
16 0.5 0.8966796875 1.0 0.075390625
1756 0.9309027777777777 0.12578125 0.13819444444444445 0.0546875
6 0.5 0.1544921875 1.0 0.002734375
6 0.058333333333333334 0.188671875 0.058333333333333334 0.0328125
1756 0.19409722222222223 0.1888671875 0.15486111111111112 0.044140625
1756 0.17465277777777777 0.223828125 0.29097222222222224 0.02578125
1759 0.5 0.203125 1.0 0.1
8 0.9708333333333333 0.2017578125 0.0 0.013671875
1756 0.0 0.153125 0.0 0.0
16 0.5 0.253125 1.0 0.0
6 0.058333333333333334 0.288671875 0.058333333333333334 0.0328125
1756 0.184375 0.2888671875 0.13541666666666666 0.044140625
1756 0.16805555555555557 0.323828125 0.2777777777777778 0.02578125
1759 0.5 0.303125 1.0 0.1
8 0.9708333333333333 0.3017578125 0.0 0.013671875
1756 0.0 0.253125 0.0 0.0
1756 0.5145833333333333 0.38046875 0.9708333333333333 0.0296875
1760 0.5 0.253125 1.0 0.2
8 0.9416666666666667 0.38046875 0.11666666666666667 0.0546875
6 0.5 0.4091796875 1.0 0.002734375
16 0.0 0.3533203125 0.0 0.071484375
1756 0.19409722222222223 0.4408203125 0.3298611111111111 0.033203125
1761 0.5 0.4052734375 1.0 0.104296875
16 0.5 0.2779296875 1.0 0.358984375
16 0.0 0.2072265625 0.0 0.071484375
4 0.0 0.313671875 0.0 0.0015625
16 0.0 0.4263671875 0.0 0.071484375
16 0.0 0.4994140625 0.0 0.071484375
1762 0.0 0.51640625 0.0 0.8359375
5 0.5 0.4671875 1.0 0.934375
