17 0.0 0.0328125 0.0 0.0
7 0.3402777777777778 0.0708984375 0.3888888888888889 0.036328125
52 0.06805555555555555 0.07109375 0.1361111111111111 0.0765625
45 1.0 0.07109375 0.0 0.0765625
80 0.5 0.07109375 1.0 0.0765625
43 0.4076388888888889 0.1697265625 0.7 0.053515625
43 0.8611111111111112 0.1697265625 0.13055555555555556 0.050390625
41 0.5 0.1697265625 0.9430555555555555 0.088671875
38 0.090625 0.2822265625 0.11041666666666666 0.062109375
43 0.5552083333333333 0.2822265625 0.79375 0.030859375
16 0.5 0.2822265625 0.9291666666666667 0.062109375
145 0.50625 0.338671875 0.8847222222222222 0.04375
43 0.8767361111111112 0.3384765625 0.15625 0.026171875
145 0.50625 0.389453125 0.8847222222222222 0.04375
43 0.8670138888888889 0.3892578125 0.17569444444444443 0.026171875
145 0.50625 0.440234375 0.8847222222222222 0.04375
43 0.8670138888888889 0.4400390625 0.17569444444444443 0.026171875
43 0.8670138888888889 0.4873046875 0.17569444444444443 0.026171875
145 0.50625 0.4875 0.8972222222222223 0.04375
145 0.50625 0.534765625 0.8847222222222222 0.04375
145 0.50625 0.585546875 0.8847222222222222 0.04375
16 0.50625 0.462109375 0.8972222222222223 0.29765625
41 0.5 0.4310546875 0.9430555555555555 0.369921875
43 0.5 0.666796875 0.4 0.06953125
50 0.5 0.6748046875 1.0 0.085546875
34 0.5 0.48359375 1.0 0.9015625
43 0.5 0.919921875 0.975 0.01484375
5 0.5 0.5 1.0 1.0
4 0.5 0.9671875 1.0 0.065625
4 0.5 0.01640625 1.0 0.0328125
