36 0.0 0.0328125 0.0 0.0
451 0.0 0.109375 0.0 0.0
43 0.19305555555555556 0.14609375 0.30833333333333335 0.0296875
43 0.1673611111111111 0.173828125 0.2569444444444444 0.02578125
8 0.5 0.158984375 0.9222222222222223 0.09921875
451 0.0 0.21015625 0.0 0.0
43 0.13854166666666667 0.274609375 0.19930555555555557 0.02578125
8 0.5 0.259765625 0.9222222222222223 0.09921875
451 0.0 0.3109375 0.0 0.0
43 0.08715277777777777 0.34765625 0.09652777777777778 0.0296875
43 0.27152777777777776 0.375390625 0.4652777777777778 0.02578125
8 0.5 0.360546875 0.9222222222222223 0.09921875
451 0.0 0.41171875 0.0 0.0
43 0.121875 0.4484375 0.16597222222222222 0.0296875
43 0.3607638888888889 0.4873046875 0.64375 0.048046875
8 0.5 0.4724609375 0.9222222222222223 0.121484375
42 0.5 0.48359375 1.0 0.9015625
7 0.2111111111111111 0.0708984375 0.13055555555555556 0.036328125
52 0.06805555555555555 0.07109375 0.1361111111111111 0.0765625
45 1.0 0.07109375 0.0 0.0765625
46 0.5 0.07109375 1.0 0.0765625
5 0.5 0.5 1.0 1.0
4 0.5 0.9671875 1.0 0.065625
4 0.5 0.01640625 1.0 0.0328125
