1763 0.0 0.0328125 0.0 0.0
8 0.5 0.0669921875 1.0 0.068359375
6 0.042708333333333334 0.065625 0.08541666666666667 0.04375
114 0.9756944444444444 0.065625 0.0 0.065625
1764 0.0 0.101171875 0.0 0.0
6 0.04861111111111111 0.1353515625 0.09722222222222222 0.041015625
16 0.2 0.1353515625 0.20555555555555555 0.041015625
7 0.09722222222222222 0.11484375 0.0 0.0
8 0.5 0.1353515625 1.0 0.068359375
8 0.0 0.16953125 0.0 0.0
6 0.04861111111111111 0.2037109375 0.09722222222222222 0.041015625
16 0.18888888888888888 0.2037109375 0.18333333333333332 0.041015625
7 0.09722222222222222 0.183203125 0.0 0.0
8 0.5 0.2037109375 1.0 0.068359375
8 0.0 0.237890625 0.0 0.0
6 0.04861111111111111 0.2720703125 0.09722222222222222 0.041015625
16 0.1920138888888889 0.2720703125 0.18958333333333333 0.041015625
7 0.09722222222222222 0.2515625 0.0 0.0
8 0.5 0.2720703125 1.0 0.068359375
8 0.0 0.30625 0.0 0.0
6 0.04861111111111111 0.3404296875 0.09722222222222222 0.041015625
16 0.18020833333333333 0.3404296875 0.16597222222222222 0.041015625
7 0.09722222222222222 0.319921875 0.0 0.0
8 0.5 0.3404296875 1.0 0.068359375
8 0.5 0.3951171875 1.0 0.041015625
8 0.5 0.4498046875 1.0 0.068359375
6 0.04861111111111111 0.4498046875 0.09722222222222222 0.041015625
6 0.0 0.415625 0.0 0.0
16 0.20798611111111112 0.4498046875 0.22152777777777777 0.041015625
7 0.09722222222222222 0.429296875 0.0 0.0
8 0.5486111111111112 0.456640625 0.9027777777777778 0.0546875
16 0.5 0.429296875 1.0 0.109375
8 0.0 0.483984375 0.0 0.0
6 0.04861111111111111 0.5181640625 0.09722222222222222 0.041015625
16 0.21979166666666666 0.5181640625 0.24513888888888888 0.041015625
7 0.09722222222222222 0.49765625 0.0 0.0
8 0.5 0.5181640625 1.0 0.068359375
8 0.0 0.55234375 0.0 0.0
6 0.04861111111111111 0.5865234375 0.09722222222222222 0.041015625
16 0.17118055555555556 0.5865234375 0.14791666666666667 0.041015625
7 0.09722222222222222 0.566015625 0.0 0.0
8 0.5 0.5865234375 1.0 0.068359375
8 0.0 0.620703125 0.0 0.0
6 0.04861111111111111 0.6548828125 0.09722222222222222 0.041015625
16 0.16701388888888888 0.6548828125 0.13958333333333334 0.041015625
7 0.09722222222222222 0.634375 0.0 0.0
8 0.5 0.6548828125 1.0 0.068359375
8 0.0 0.6890625 0.0 0.0
6 0.04861111111111111 0.7232421875 0.09722222222222222 0.041015625
16 0.24965277777777778 0.7232421875 0.30486111111111114 0.041015625
7 0.09722222222222222 0.702734375 0.0 0.0
8 0.5 0.7232421875 1.0 0.068359375
8 0.0 0.757421875 0.0 0.0
6 0.04861111111111111 0.7916015625 0.09722222222222222 0.041015625
16 0.17465277777777777 0.7916015625 0.15486111111111112 0.041015625
7 0.09722222222222222 0.77109375 0.0 0.0
8 0.5 0.7916015625 1.0 0.068359375
8 0.0 0.82578125 0.0 0.0
6 0.04861111111111111 0.8599609375 0.09722222222222222 0.041015625
16 0.16701388888888888 0.8599609375 0.13958333333333334 0.041015625
7 0.09722222222222222 0.839453125 0.0 0.0
8 0.5 0.8599609375 1.0 0.068359375
8 0.0 0.894140625 0.0 0.0
6 0.04861111111111111 0.92109375 0.09722222222222222 0.0265625
16 0.17569444444444443 0.92109375 0.15694444444444444 0.0265625
7 0.09722222222222222 0.9078125 0.0 0.0
8 0.5 0.9142578125 1.0 0.040234375
1090 0.5 0.5177734375 1.0 0.833203125
1765 0.9888888888888889 0.5177734375 0.022222222222222223 0.833203125
5 0.5 0.4671875 1.0 0.934375
