43 0.0 0.0328125 0.0 0.0
43 0.453125 0.066796875 0.55625 0.0328125
22 0.7895833333333333 0.07109375 0.11666666666666667 0.065625
22 0.9239583333333333 0.07109375 0.15208333333333332 0.065625
44 0.06805555555555555 0.07109375 0.1361111111111111 0.0765625
80 0.5 0.07109375 1.0 0.0765625
43 0.5 0.228125 0.9027777777777778 0.0296875
43 0.5 0.28046875 0.9027777777777778 0.04765625
43 0.5 0.334375 0.9027777777777778 0.0328125
43 0.5 0.380859375 0.9027777777777778 0.0328125
43 0.5 0.42734375 0.9027777777777778 0.0328125
16 0.5 0.328515625 1.0 0.28515625
8 0.5 0.4962890625 1.0 0.047265625
38 0.14583333333333334 0.4955078125 0.2916666666666667 0.045703125
43 0.5479166666666667 0.4474609375 0.4638888888888889 0.050390625
38 0.9368055555555556 0.446484375 0.07777777777777778 0.05234375
43 0.8388888888888889 0.4474609375 0.10555555555555556 0.050390625
43 0.6458333333333334 0.470703125 0.6597222222222222 0.00390625
43 0.3736111111111111 0.5037109375 0.11527777777777778 0.029296875
43 0.3159722222222222 0.4720703125 0.0 0.001171875
8 0.6579861111111112 0.4955078125 0.6840277777777778 0.045703125
38 0.0 0.433984375 0.0 0.07734375
4 0.5 0.519140625 1.0 0.0015625
38 0.14583333333333334 0.5814453125 0.2916666666666667 0.123046875
43 0.5479166666666667 0.5357421875 0.4638888888888889 0.022265625
38 0.9368055555555556 0.5359375 0.07777777777777778 0.01796875
43 0.8388888888888889 0.5357421875 0.10555555555555556 0.022265625
8 0.6579861111111112 0.5359375 0.6840277777777778 0.03203125
43 0.6458333333333334 0.57265625 0.6597222222222222 0.04140625
43 0.36527777777777776 0.6283203125 0.09861111111111111 0.029296875
43 0.3159722222222222 0.59609375 0.0 0.0
8 0.6579861111111112 0.61953125 0.6840277777777778 0.046875
8 0.5 0.5822265625 1.0 0.124609375
38 0.0 0.519921875 0.0 0.0
4 0.5 0.64375 1.0 0.0015625
38 0.14583333333333334 0.7892578125 0.2916666666666667 0.123046875
1766 0.6520833333333333 0.789453125 0.6958333333333333 0.28984375
8 0.5 0.789453125 1.0 0.28984375
38 0.5 0.7060546875 0.45555555555555555 0.068359375
16 0.5 0.7060546875 1.0 0.123046875
43 0.5 0.934375 1.0 0.0
1767 0.5 0.703515625 1.0 0.46171875
194 0.5 0.5 0.09722222222222222 0.0546875
19 0.4996527777777778 0.934375 0.13958333333333334 0.0
139 0.5 0.48359375 1.0 0.9015625
106 0.5 0.14921875 1.0 0.0765625
43 0.11736111111111111 0.150390625 0.18055555555555555 0.03515625
38 0.0125 0.124609375 0.0 0.0
43 0.325 0.150390625 0.12638888888888888 0.03515625
38 0.43194444444444446 0.1517578125 0.0875 0.024609375
16 0.36875 0.150390625 0.24305555555555555 0.0515625
8 0.0 0.2744140625 0.0 0.073828125
8 0.0 0.1353515625 0.0 0.205078125
8 0.0 0.3478515625 0.0 0.073828125
8 0.0 0.4212890625 0.0 0.073828125
8 0.0 0.5681640625 0.0 0.073828125
8 0.0 0.6416015625 0.0 0.073828125
8 0.0 0.7150390625 0.0 0.073828125
10 0.0 0.48359375 0.0 0.9015625
80 1.0 0.07109375 0.0 0.0765625
16 1.0 0.521875 0.0 0.825
4 1.0 0.112109375 0.0 0.00546875
16 1.0 0.48359375 0.0 0.9015625
5 0.5 0.5 1.0 1.0
4 0.5 0.01640625 1.0 0.0328125
