17 0.0 0.0328125 0.0 0.0
44 0.06805555555555555 0.07109375 0.1361111111111111 0.0765625
22 0.7277777777777777 0.07109375 0.11666666666666667 0.065625
22 0.8444444444444444 0.07109375 0.11666666666666667 0.065625
173 0.9513888888888888 0.07109375 0.09722222222222222 0.065625
45 0.8347222222222223 0.07109375 0.33055555555555555 0.0765625
118 0.5 0.07109375 1.0 0.0765625
117 0.5 0.8931640625 1.0 0.068359375
19 0.5 0.48046875 0.18472222222222223 0.10390625
38 0.5 0.423828125 0.058333333333333334 0.0328125
43 0.5 0.4642578125 1.0 0.048046875
71 0.5 0.52109375 0.23194444444444445 0.065625
1768 0.5 0.4806640625 1.0 0.742578125
34 0.5 0.48359375 1.0 0.9015625
5 0.5 0.5 1.0 1.0
4 0.5 0.9671875 1.0 0.065625
4 0.5 0.01640625 1.0 0.0328125
