8 0.001388888888888889 0.03359375 0.002777777777777778 0.0015625
1769 0.0 0.065625 0.0 0.065625
1769 0.0 0.1224609375 0.0 0.048046875
1769 0.0 0.1708984375 0.0 0.048046875
1769 0.0 0.2193359375 0.0 0.048046875
1769 0.0 0.2677734375 0.0 0.048046875
1769 0.0 0.3162109375 0.0 0.048046875
1769 0.0 0.3646484375 0.0 0.048046875
1769 0.0 0.4130859375 0.0 0.048046875
1769 0.0 0.4615234375 0.0 0.048046875
1769 0.0 0.5099609375 0.0 0.048046875
1769 0.0 0.5583984375 0.0 0.048046875
1769 0.0 0.6068359375 0.0 0.048046875
1769 0.0 0.6552734375 0.0 0.048046875
1769 0.0 0.7037109375 0.0 0.048046875
1769 0.0 0.7521484375 0.0 0.048046875
1769 0.0 0.8005859375 0.0 0.048046875
1769 0.0 0.8751953125 0.0 0.003515625
1770 0.0 0.4548828125 0.0 0.844140625
1769 0.058333333333333334 0.065625 0.11666666666666667 0.065625
1771 0.3902777777777778 0.0654296875 0.5472222222222223 0.033203125
1772 0.6055555555555555 0.065625 0.11666666666666667 0.065625
1769 0.33194444444444443 0.065625 0.6638888888888889 0.065625
1773 0.22083333333333333 0.11875 0.03888888888888889 0.021875
1771 0.36319444444444443 0.11875 0.24583333333333332 0.02578125
1770 0.33194444444444443 0.1189453125 0.6638888888888889 0.041015625
1769 0.33194444444444443 0.1634765625 0.6638888888888889 0.048046875
1774 0.20069444444444445 0.2119140625 0.3527777777777778 0.033203125
1769 0.33194444444444443 0.2119140625 0.6638888888888889 0.048046875
1774 0.16527777777777777 0.2603515625 0.28194444444444444 0.033203125
1769 0.33194444444444443 0.2603515625 0.6638888888888889 0.048046875
1774 0.20069444444444445 0.3087890625 0.3527777777777778 0.033203125
1769 0.33194444444444443 0.3087890625 0.6638888888888889 0.048046875
1774 0.2833333333333333 0.3572265625 0.5180555555555556 0.033203125
1769 0.33194444444444443 0.3572265625 0.6638888888888889 0.048046875
1774 0.21736111111111112 0.4056640625 0.3861111111111111 0.033203125
1769 0.33194444444444443 0.4056640625 0.6638888888888889 0.048046875
1774 0.19583333333333333 0.4541015625 0.34305555555555556 0.033203125
1769 0.33194444444444443 0.4541015625 0.6638888888888889 0.048046875
1774 0.27118055555555554 0.5025390625 0.49375 0.033203125
1769 0.33194444444444443 0.5025390625 0.6638888888888889 0.048046875
1774 0.2565972222222222 0.5509765625 0.46458333333333335 0.033203125
1769 0.33194444444444443 0.5509765625 0.6638888888888889 0.048046875
1774 0.19236111111111112 0.5994140625 0.33611111111111114 0.033203125
1769 0.33194444444444443 0.5994140625 0.6638888888888889 0.048046875
1774 0.2638888888888889 0.6478515625 0.4791666666666667 0.033203125
1769 0.33194444444444443 0.6478515625 0.6638888888888889 0.048046875
1774 0.19756944444444444 0.6962890625 0.34652777777777777 0.033203125
1769 0.33194444444444443 0.6962890625 0.6638888888888889 0.048046875
1774 0.17777777777777778 0.7447265625 0.30694444444444446 0.033203125
1769 0.33194444444444443 0.7447265625 0.6638888888888889 0.048046875
1774 0.18784722222222222 0.7931640625 0.32708333333333334 0.033203125
1769 0.33194444444444443 0.7931640625 0.6638888888888889 0.048046875
10 0.33194444444444443 0.508203125 0.6638888888888889 0.7375
1769 0.33194444444444443 0.48359375 0.6638888888888889 0.9015625
1772 0.6055555555555555 0.9056640625 0.11666666666666667 0.057421875
1769 0.33194444444444443 0.9056640625 0.6638888888888889 0.057421875
1772 0.7222222222222222 0.065625 0.11666666666666667 0.065625
1772 0.6638888888888889 0.0328125 0.0 0.0
1775 0.8319444444444445 0.065625 0.33611111111111114 0.065625
6 0.7204861111111112 0.0654296875 0.04513888888888889 0.025390625
1774 0.9965277777777778 0.111328125 0.006944444444444444 0.02578125
1769 0.8319444444444445 0.111328125 0.33611111111111114 0.02578125
1770 0.8319444444444445 0.529296875 0.33611111111111114 0.81015625
1776 0.8319444444444445 0.9001953125 0.33611111111111114 0.068359375
1769 0.8319444444444445 0.48359375 0.33611111111111114 0.9015625
1777 0.5 0.48359375 1.0 0.9015625
4 0.5 0.9671875 1.0 0.065625
4 0.5 0.01640625 1.0 0.0328125
5 0.5 0.5 1.0 1.0
