0 0.0 0.0 0.0 0.0
8 0.5 0.48359375 1.0 0.9015625
7 0.5 0.0736328125 0.3013888888888889 0.081640625
16 0.5 0.073828125 1.0 0.08203125
6 0.4996527777777778 0.3498046875 0.3645833333333333 0.205078125
7 0.5 0.512109375 0.4666666666666667 0.07578125
16 0.5 0.398828125 1.0 0.56796875
114 0.4996527777777778 0.7404296875 0.6076388888888888 0.071484375
114 0.4996527777777778 0.8173828125 0.6076388888888888 0.071484375
16 0.4996527777777778 0.88828125 0.5743055555555555 0.0484375
7 0.49930555555555556 0.900390625 0.4527777777777778 0.02421875
16 0.5 0.80859375 1.0 0.2515625
4 0.5 0.9671875 1.0 0.065625
4 0.5 0.01640625 1.0 0.0328125
5 0.5 0.5 1.0 1.0
