0 0.0 0.0 0.0 0.0
1778 0.5 0.4671875 1.0 0.3515625
6 0.0 0.3154296875 0.0 0.048046875
8 0.5 0.3154296875 1.0 0.048046875
16 0.9875 0.29140625 0.0 0.0
52 0.4996527777777778 0.4669921875 0.16180555555555556 0.091015625
7 0.03680555555555556 0.615625 0.0 0.0328125
51 0.4625 0.6193359375 0.8513888888888889 0.040234375
7 0.8881944444444444 0.615625 0.0 0.0328125
52 0.9513888888888888 0.62109375 0.07777777777777778 0.04375
16 0.5 0.62109375 1.0 0.04375
5 0.5 0.4671875 1.0 0.934375
112 0.5 0.1033203125 1.0 0.068359375
