0 0.0 0.0 0.0 0.0
343 0.23368055555555556 0.065625 0.4673611111111111 0.0296875
6 0.5138888888888888 0.065625 0.09305555555555556 0.0171875
1779 0.2864583333333333 0.065625 0.5729166666666666 0.065625
343 0.23368055555555556 0.13203125 0.4673611111111111 0.0296875
6 0.5138888888888888 0.13203125 0.09305555555555556 0.0171875
1779 0.2864583333333333 0.13203125 0.5729166666666666 0.065625
343 0.23368055555555556 0.1984375 0.4673611111111111 0.0296875
6 0.4996527777777778 0.20859375 0.09097222222222222 0.07734375
1779 0.2864583333333333 0.1984375 0.5729166666666666 0.065625
343 0.23368055555555556 0.26484375 0.4673611111111111 0.0296875
6 0.5138888888888888 0.26484375 0.09305555555555556 0.0171875
1779 0.2864583333333333 0.26484375 0.5729166666666666 0.065625
343 0.23368055555555556 0.33125 0.4673611111111111 0.0296875
6 0.5138888888888888 0.33125 0.09305555555555556 0.0171875
1779 0.2864583333333333 0.33125 0.5729166666666666 0.065625
343 0.23368055555555556 0.39765625 0.4673611111111111 0.0296875
6 0.5138888888888888 0.39765625 0.09305555555555556 0.0171875
1779 0.2864583333333333 0.39765625 0.5729166666666666 0.065625
343 0.23368055555555556 0.4640625 0.4673611111111111 0.0296875
6 0.5138888888888888 0.4640625 0.09305555555555556 0.0171875
1779 0.2864583333333333 0.4640625 0.5729166666666666 0.065625
343 0.23368055555555556 0.53046875 0.4673611111111111 0.0296875
6 0.5138888888888888 0.53046875 0.09305555555555556 0.0171875
1779 0.2864583333333333 0.53046875 0.5729166666666666 0.065625
343 0.23368055555555556 0.596875 0.4673611111111111 0.0296875
6 0.5138888888888888 0.596875 0.09305555555555556 0.0171875
1779 0.2864583333333333 0.596875 0.5729166666666666 0.065625
343 0.23368055555555556 0.66328125 0.4673611111111111 0.0296875
6 0.5138888888888888 0.66328125 0.09305555555555556 0.0171875
1779 0.2864583333333333 0.66328125 0.5729166666666666 0.065625
343 0.23368055555555556 0.7296875 0.4673611111111111 0.0296875
6 0.5138888888888888 0.7296875 0.09305555555555556 0.0171875
1779 0.2864583333333333 0.7296875 0.5729166666666666 0.065625
343 0.23368055555555556 0.79609375 0.4673611111111111 0.0296875
6 0.5138888888888888 0.79609375 0.09305555555555556 0.0171875
1779 0.2864583333333333 0.79609375 0.5729166666666666 0.065625
343 0.23368055555555556 0.8625 0.4673611111111111 0.0296875
6 0.5138888888888888 0.8625 0.09305555555555556 0.0171875
1779 0.2864583333333333 0.8625 0.5729166666666666 0.065625
10 0.2864583333333333 0.48359375 0.5729166666666666 0.9015625
11 0.5 0.48359375 1.0 0.9015625
1780 0.06597222222222222 0.06640625 0.10694444444444444 0.06015625
8 0.5 0.06640625 1.0 0.0671875
7 0.5 0.1349609375 0.9611111111111111 0.048046875
1781 0.5 0.34765625 0.6319444444444444 0.35546875
50 0.5 0.4498046875 1.0 0.559765625
1780 0.16666666666666666 0.7859375 0.14583333333333334 0.08203125
7 0.16631944444444444 0.8470703125 0.20347222222222222 0.018359375
16 0.16666666666666666 0.7951171875 0.3333333333333333 0.122265625
1780 0.5 0.7859375 0.14583333333333334 0.08203125
16 0.5 0.7951171875 0.3333333333333333 0.122265625
1780 0.8333333333333334 0.7859375 0.14583333333333334 0.08203125
7 0.8333333333333334 0.8470703125 0.16527777777777777 0.018359375
16 0.8333333333333334 0.7951171875 0.3333333333333333 0.122265625
16 0.5 0.7951171875 1.0 0.122265625
1780 0.0 0.1 0.0 0.0
16 0.5 0.4802734375 1.0 0.760546875
6 0.5 0.8974609375 1.0 0.073828125
