6 0.0 0.0328125 0.0 0.0
7 0.5 0.1634765625 1.0 0.261328125
4 0.04756944444444444 0.4998046875 0.09513888888888888 0.411328125
1780 0.27291666666666664 0.48203125 0.2222222222222222 0.125
7 0.27291666666666664 0.5732421875 0.15833333333333333 0.035546875
16 0.27326388888888886 0.4998046875 0.35625 0.182421875
4 0.49930555555555556 0.4998046875 0.09583333333333334 0.411328125
1780 0.7256944444444444 0.48203125 0.2222222222222222 0.125
7 0.7256944444444444 0.5732421875 0.2013888888888889 0.035546875
16 0.7256944444444444 0.4998046875 0.35694444444444445 0.182421875
4 0.9520833333333333 0.4998046875 0.09583333333333334 0.411328125
16 0.5 0.4998046875 1.0 0.411328125
4 0.5 0.819921875 1.0 0.22890625
5 0.5 0.4671875 1.0 0.934375
