16 0.4996527777777778 0.1791015625 0.23819444444444443 0.133984375
16 0.5 0.1791015625 1.0 0.133984375
16 0.05590277777777778 0.2802734375 0.11180555555555556 0.062890625
7 0.2586805555555556 0.2802734375 0.2548611111111111 0.033203125
16 0.5 0.2802734375 1.0 0.068359375
16 0.05590277777777778 0.3494140625 0.11180555555555556 0.062890625
7 0.24409722222222222 0.3494140625 0.22569444444444445 0.033203125
16 0.5 0.3494140625 1.0 0.068359375
16 0.05590277777777778 0.4185546875 0.11180555555555556 0.062890625
7 0.33576388888888886 0.4185546875 0.40902777777777777 0.033203125
16 0.5 0.4185546875 1.0 0.068359375
16 0.05590277777777778 0.4876953125 0.11180555555555556 0.062890625
7 0.31979166666666664 0.4876953125 0.3770833333333333 0.033203125
16 0.5 0.4876953125 1.0 0.068359375
10 0.5 0.398828125 1.0 0.30546875
16 0.5 0.7044921875 1.0 0.305859375
7 0.32013888888888886 0.8958984375 0.3402777777777778 0.068359375
7 0.6798611111111111 0.8958984375 0.3402777777777778 0.068359375
16 0.5 0.8958984375 1.0 0.076953125
16 0.5 0.590234375 1.0 0.68828125
16 0.5 0.51640625 1.0 0.8359375
6 0.06875 0.065625 0.07777777777777778 0.04375
54 0.058680555555555555 0.065625 0.11736111111111111 0.065625
16 0.3482638888888889 0.0654296875 0.4618055555555556 0.033203125
7 0.11736111111111111 0.048828125 0.0 0.0
16 0.28958333333333336 0.065625 0.5791666666666667 0.065625
55 1.0 0.065625 0.0 0.065625
56 0.5 0.065625 1.0 0.065625
57 0.0 0.0328125 0.0 0.0
53 0.5 0.4671875 1.0 0.934375
