0 0.0 0.0 0.0 0.0
5 0.5 0.4671875 1.0 0.934375
4 0.5 0.05 1.0 0.034375
7 0.5 0.108203125 1.0 0.08203125
6 0.5 0.3029296875 1.0 0.307421875
7 0.5 0.5365234375 1.0 0.159765625
16 0.5 0.341796875 1.0 0.54921875
88 0.5 0.4140625 1.0 0.69375
7 0.0 0.108203125 0.0 0.08203125
6 0.0 0.3029296875 0.0 0.307421875
7 0.0 0.5205078125 0.0 0.127734375
16 0.0 0.32578125 0.0 0.5171875
146 0.0 0.4140625 0.0 0.69375
334 0.5 0.7857421875 1.0 0.049609375
4 0.5 0.8279296875 1.0 0.034765625
114 0.4996527777777778 0.8796875 0.3645833333333333 0.0546875
