36 0.0 0.0328125 0.0 0.0
1787 0.5 0.521875 1.0 0.825
1788 0.4996527777777778 0.3986328125 0.44375 0.033203125
32 0.2763888888888889 0.871484375 0.21388888888888888 0.12578125
32 0.5 0.871484375 0.21388888888888888 0.12578125
32 0.7236111111111111 0.871484375 0.21388888888888888 0.12578125
8 0.5 0.871484375 1.0 0.12578125
43 0.28402777777777777 0.0708984375 0.2763888888888889 0.036328125
38 0.09236111111111112 0.07109375 0.10694444444444444 0.06015625
22 0.8541666666666666 0.07109375 0.11666666666666667 0.065625
173 0.95625 0.07109375 0.0875 0.065625
46 0.5 0.07109375 1.0 0.0765625
5 0.5 0.5 1.0 1.0
4 0.5 0.9671875 1.0 0.065625
4 0.5 0.01640625 1.0 0.0328125
