52 0.1 0.8318359375 0.2 0.068359375
52 0.3 0.8318359375 0.2 0.068359375
114 0.5 0.8318359375 0.2 0.068359375
52 0.7 0.8318359375 0.2 0.068359375
52 0.9 0.8318359375 0.2 0.068359375
646 0.5 0.866015625 1.0 0.0
50 0.5 0.9001953125 1.0 0.068359375
1789 0.0 0.448046875 0.0 0.69921875
1789 0.5 0.448046875 1.0 0.69921875
19 0.5 0.414453125 0.18472222222222223 0.10390625
19 0.46597222222222223 0.49921875 0.11666666666666667 0.065625
19 0.5 0.54296875 0.03888888888888889 0.021875
16 0.5 0.4478515625 0.18472222222222223 0.212109375
1789 1.0 0.448046875 0.0 0.69921875
12 0.0 0.0984375 0.0 0.0
8 0.5 0.51640625 1.0 0.8359375
6 0.06875 0.065625 0.07777777777777778 0.04375
54 0.058680555555555555 0.065625 0.11736111111111111 0.065625
16 0.5586805555555555 0.0654296875 0.8826388888888889 0.055078125
7 0.17048611111111112 0.080078125 0.10625 0.02578125
56 0.5 0.065625 1.0 0.065625
55 1.0 0.065625 0.0 0.065625
57 0.0 0.0328125 0.0 0.0
53 0.5 0.4671875 1.0 0.934375
