1790 0.0 0.0328125 0.0 0.0
1791 0.5 0.2970703125 1.0 0.341796875
1791 0.5 0.5599609375 0.8833333333333333 0.129296875
1791 0.0 0.126171875 0.0 0.0
16 0.5 0.380859375 1.0 0.509375
1791 0.4513888888888889 0.690234375 0.8055555555555556 0.04296875
6 0.9027777777777778 0.690234375 0.09722222222222222 0.0546875
16 0.5 0.690625 1.0 0.11015625
4 0.5 0.7453125 1.0 0.00078125
1791 0.5878472222222222 0.7474609375 0.7465277777777778 0.157421875
6 0.14097222222222222 0.86328125 0.20416666666666666 0.13671875
8 0.5 0.8400390625 1.0 0.188671875
106 0.5 0.5302734375 1.0 0.808203125
6 0.07777777777777778 0.079296875 0.11666666666666667 0.065625
16 0.9708333333333333 0.079296875 0.019444444444444445 0.0765625
1792 0.5 0.09296875 1.0 0.1203125
1791 0.5680555555555555 0.079296875 0.7861111111111111 0.065625
455 0.5 0.48359375 1.0 0.9015625
8 0.0 0.11484375 0.0 0.1640625
82 0.0 0.240625 0.0 0.065625
50 0.0 0.28515625 0.0 0.0234375
82 0.0 0.3296875 0.0 0.065625
50 0.0 0.37421875 0.0 0.0234375
82 0.0 0.41875 0.0 0.065625
50 0.0 0.46328125 0.0 0.0234375
82 0.0 0.5078125 0.0 0.065625
50 0.0 0.55234375 0.0 0.0234375
82 0.0 0.596875 0.0 0.065625
50 0.0 0.64140625 0.0 0.0234375
82 0.0 0.6859375 0.0 0.065625
50 0.0 0.73046875 0.0 0.0234375
82 0.0 0.775 0.0 0.065625
113 0.0 0.48359375 0.0 0.9015625
4 0.5 0.9671875 1.0 0.065625
4 0.5 0.01640625 1.0 0.0328125
5 0.5 0.5 1.0 1.0
