44 0.0 0.0328125 0.0 0.0
1797 0.253125 0.07109375 0.11736111111111111 0.0765625
52 0.06805555555555555 0.07109375 0.1361111111111111 0.0765625
22 0.825 0.07109375 0.11666666666666667 0.065625
38 0.9416666666666667 0.07109375 0.058333333333333334 0.0328125
43 0.8833333333333333 0.03828125 0.0 0.0
80 0.5 0.07109375 1.0 0.0765625
194 0.5 0.109375 0.09722222222222222 0.0
103 0.5 0.521875 1.0 0.825
38 0.4996527777777778 0.5037109375 0.1701388888888889 0.095703125
1797 0.4996527777777778 0.5697265625 0.2048611111111111 0.036328125
1797 0.0 0.109375 0.0 0.0
32 0.8930555555555556 0.87421875 0.1361111111111111 0.0765625
1798 0.4222222222222222 0.117578125 0.8444444444444444 0.23515625
1799 0.11666666666666667 0.0984375 0.15555555555555556 0.0875
1797 0.12708333333333333 0.183984375 0.1763888888888889 0.02578125
1797 0.22951388888888888 0.209765625 0.38125 0.02578125
38 0.0875 0.27890625 0.058333333333333334 0.0328125
1797 0.22083333333333333 0.27890625 0.09166666666666666 0.02578125
1797 0.0 0.24609375 0.0 0.0
8 0.4222222222222222 0.27890625 0.8444444444444444 0.065625
38 0.08888888888888889 0.34453125 0.06111111111111111 0.0328125
1797 0.22083333333333333 0.34453125 0.09166666666666666 0.02578125
1797 0.0 0.31171875 0.0 0.0
8 0.4222222222222222 0.34453125 0.8444444444444444 0.065625
1797 0.4222222222222222 0.422265625 0.8444444444444444 0.065625
38 0.0875 0.487890625 0.058333333333333334 0.0328125
1797 0.22118055555555555 0.487890625 0.09236111111111112 0.02578125
1797 0.0 0.455078125 0.0 0.0
8 0.4222222222222222 0.487890625 0.8444444444444444 0.065625
38 0.0875 0.553515625 0.058333333333333334 0.0328125
1797 0.246875 0.553515625 0.14375 0.02578125
1797 0.0 0.520703125 0.0 0.0
8 0.4222222222222222 0.553515625 0.8444444444444444 0.065625
38 0.0875 0.619140625 0.058333333333333334 0.0328125
1797 0.24375 0.619140625 0.1375 0.02578125
1797 0.0 0.586328125 0.0 0.0
8 0.4222222222222222 0.619140625 0.8444444444444444 0.065625
38 0.0875 0.684765625 0.058333333333333334 0.0328125
1797 0.21805555555555556 0.684765625 0.08611111111111111 0.02578125
1797 0.0 0.651953125 0.0 0.0
8 0.4222222222222222 0.684765625 0.8444444444444444 0.065625
38 0.0875 0.750390625 0.058333333333333334 0.0328125
1797 0.22013888888888888 0.750390625 0.09027777777777778 0.02578125
1797 0.0 0.717578125 0.0 0.0
8 0.4222222222222222 0.750390625 0.8444444444444444 0.065625
38 0.0875 0.816015625 0.058333333333333334 0.0328125
1797 0.22604166666666667 0.816015625 0.10208333333333333 0.02578125
1797 0.0 0.783203125 0.0 0.0
8 0.4222222222222222 0.816015625 0.8444444444444444 0.065625
38 0.0875 0.881640625 0.058333333333333334 0.0328125
1797 0.21284722222222222 0.881640625 0.07569444444444444 0.02578125
1797 0.0 0.848828125 0.0 0.0
8 0.4222222222222222 0.881640625 0.8444444444444444 0.065625
4 0.4222222222222222 0.9259765625 0.8444444444444444 0.001171875
1800 0.4222222222222222 0.4671875 0.8444444444444444 0.934375
1797 1.0 0.07109375 0.0 0.0765625
1797 1.0 0.15390625 0.0 0.065625
1797 1.0 0.21953125 0.0 0.065625
1797 1.0 0.28515625 0.0 0.065625
1797 1.0 0.35078125 0.0 0.065625
1797 1.0 0.41640625 0.0 0.065625
1797 1.0 0.48203125 0.0 0.065625
1797 1.0 0.54765625 0.0 0.065625
1797 1.0 0.61328125 0.0 0.065625
1797 1.0 0.67890625 0.0 0.065625
1797 1.0 0.74453125 0.0 0.065625
103 1.0 0.522265625 0.0 0.82421875
5 0.5 0.5 1.0 1.0
4 0.5 0.9671875 1.0 0.065625
