43 0.2746527777777778 0.0708984375 0.19930555555555557 0.036328125
44 0.06805555555555555 0.07109375 0.1361111111111111 0.0765625
45 1.0 0.07109375 0.0 0.0765625
80 0.5 0.07109375 1.0 0.0765625
38 0.14583333333333334 0.1603515625 0.21805555555555556 0.081640625
43 0.3972222222222222 0.1603515625 0.17222222222222222 0.033203125
4 0.5 0.22890625 1.0 0.0015625
648 0.5 0.16953125 1.0 0.1203125
38 0.14583333333333334 0.2970703125 0.21805555555555556 0.081640625
43 0.4173611111111111 0.2970703125 0.2125 0.033203125
4 0.5 0.365625 1.0 0.0015625
648 0.5 0.298046875 1.0 0.13671875
38 0.14583333333333334 0.4337890625 0.21805555555555556 0.081640625
43 0.44930555555555557 0.4337890625 0.2763888888888889 0.033203125
4 0.5 0.50234375 1.0 0.0015625
648 0.5 0.434765625 1.0 0.13671875
38 0.14583333333333334 0.5705078125 0.21805555555555556 0.081640625
43 0.44895833333333335 0.5705078125 0.27569444444444446 0.033203125
4 0.5 0.6390625 1.0 0.0015625
648 0.5 0.571484375 1.0 0.13671875
38 0.14583333333333334 0.7072265625 0.21805555555555556 0.081640625
43 0.43854166666666666 0.7072265625 0.2548611111111111 0.033203125
4 0.5 0.77578125 1.0 0.0015625
648 0.5 0.708203125 1.0 0.13671875
38 0.14583333333333334 0.8439453125 0.21805555555555556 0.081640625
43 0.45694444444444443 0.8439453125 0.2916666666666667 0.033203125
648 0.5 0.923828125 1.0 0.02109375
648 0.5 0.844921875 1.0 0.13671875
38 0.14583333333333334 0.937109375 0.21805555555555556 0.00546875
43 0.34930555555555554 0.94921875 0.0763888888888889 0.0296875
1801 0.5 0.521875 1.0 0.825
19 0.5 0.521875 0.18472222222222223 0.10390625
32 0.4027777777777778 0.0 0.8055555555555556 0.0
38 0.0 0.1505859375 0.0 0.169140625
483 0.0 0.0 0.0 0.0
82 0.0 0.27890625 0.0 0.065625
50 0.0 0.3234375 0.0 0.0234375
82 0.0 0.36796875 0.0 0.065625
82 0.0 0.43359375 0.0 0.065625
82 0.0 0.49921875 0.0 0.065625
82 0.0 0.56484375 0.0 0.065625
82 0.0 0.63046875 0.0 0.065625
82 0.0 0.69609375 0.0 0.065625
82 0.0 0.76171875 0.0 0.065625
82 0.0 0.82734375 0.0 0.065625
82 0.0 0.908984375 0.0 0.05078125
113 0.0 0.4671875 0.0 0.934375
139 0.5 0.4671875 1.0 0.934375
4 0.5 0.9671875 1.0 0.065625
