7 0.0 0.0328125 0.0 0.0
7 0.5 0.0484375 1.0 0.03125
6 0.7927083333333333 0.0982421875 0.08958333333333333 0.050390625
50 0.6993055555555555 0.0984375 0.09722222222222222 0.0546875
6 0.21875 0.0982421875 0.4125 0.039453125
8 0.425 0.0984375 0.85 0.06875
1802 0.925 0.0984375 0.15 0.06640625
6 0.85 0.065234375 0.0 0.0
6 1.0 0.065234375 0.0 0.0
8 1.0 0.0916015625 0.0 0.052734375
16 0.5 0.0984375 1.0 0.06875
6 0.125 0.153515625 0.09722222222222222 0.02734375
16 0.125 0.173828125 0.25 0.08203125
6 0.3746527777777778 0.153515625 0.07152777777777777 0.02734375
7 0.375 0.1875 0.12638888888888888 0.040625
16 0.375 0.173828125 0.25 0.08203125
6 0.6246527777777777 0.153515625 0.09236111111111112 0.02734375
7 0.625 0.1875 0.1527777777777778 0.040625
16 0.625 0.173828125 0.25 0.08203125
6 0.8746527777777777 0.153515625 0.06319444444444444 0.02734375
7 0.875 0.1875 0.16527777777777777 0.040625
16 0.875 0.173828125 0.25 0.08203125
16 0.5 0.173828125 1.0 0.08203125
1803 0.5 0.123828125 1.0 0.18203125
7 0.8361111111111111 0.91953125 0.23194444444444445 0.0296875
6 0.9760416666666667 0.91953125 0.04791666666666667 0.021875
1804 0.5 0.91953125 1.0 0.0296875
1802 0.0 0.9046875 0.0 0.0
7 0.0 0.21484375 0.0 0.0
7 0.5 0.2330078125 1.0 0.036328125
8 0.050347222222222224 0.2794921875 0.08541666666666667 0.048046875
7 0.171875 0.2794921875 0.15763888888888888 0.027734375
8 0.2847222222222222 0.2794921875 0.5541666666666667 0.048046875
8 0.050347222222222224 0.3345703125 0.08541666666666667 0.048046875
7 0.18854166666666666 0.3345703125 0.1909722222222222 0.027734375
8 0.2847222222222222 0.3345703125 0.5541666666666667 0.048046875
7 0.7847222222222222 0.2638671875 0.4305555555555556 0.025390625
8 0.778125 0.3138671875 0.30625 0.060546875
7 0.7142361111111111 0.3265625 0.17847222222222223 0.03515625
7 0.965625 0.3197265625 0.06875 0.086328125
8 0.7847222222222222 0.3197265625 0.4305555555555556 0.086328125
8 0.5 0.2888671875 1.0 0.148046875
7 0.5 0.3806640625 1.0 0.036328125
8 0.050347222222222224 0.4271484375 0.08541666666666667 0.048046875
7 0.15590277777777778 0.4271484375 0.12569444444444444 0.027734375
8 0.2847222222222222 0.4271484375 0.5541666666666667 0.048046875
8 0.050347222222222224 0.4822265625 0.08541666666666667 0.048046875
7 0.15590277777777778 0.4822265625 0.12569444444444444 0.027734375
8 0.2847222222222222 0.4822265625 0.5541666666666667 0.048046875
7 0.7847222222222222 0.4115234375 0.4305555555555556 0.025390625
8 0.778125 0.4615234375 0.30625 0.060546875
7 0.7149305555555555 0.47421875 0.1798611111111111 0.03515625
7 0.965625 0.4673828125 0.06875 0.086328125
8 0.7847222222222222 0.4673828125 0.4305555555555556 0.086328125
8 0.5 0.4365234375 1.0 0.148046875
7 0.0 0.51015625 0.0 0.0
8 0.050347222222222224 0.5384765625 0.08541666666666667 0.048046875
7 0.14583333333333334 0.5384765625 0.10555555555555556 0.027734375
8 0.2847222222222222 0.5384765625 0.5541666666666667 0.048046875
8 0.050347222222222224 0.5935546875 0.08541666666666667 0.048046875
7 0.1684027777777778 0.5935546875 0.15069444444444444 0.027734375
8 0.2847222222222222 0.5935546875 0.5541666666666667 0.048046875
7 0.7847222222222222 0.5228515625 0.4305555555555556 0.025390625
8 0.778125 0.5728515625 0.30625 0.060546875
7 0.7142361111111111 0.585546875 0.17847222222222223 0.03515625
7 0.965625 0.5787109375 0.06875 0.086328125
8 0.7847222222222222 0.5787109375 0.4305555555555556 0.086328125
8 0.5 0.566015625 1.0 0.11171875
7 0.5 0.6396484375 1.0 0.036328125
8 0.050347222222222224 0.6861328125 0.08541666666666667 0.048046875
7 0.15729166666666666 0.6861328125 0.1284722222222222 0.027734375
8 0.2847222222222222 0.6861328125 0.5541666666666667 0.048046875
8 0.050347222222222224 0.7412109375 0.08541666666666667 0.048046875
7 0.17743055555555556 0.7412109375 0.16875 0.027734375
8 0.2847222222222222 0.7412109375 0.5541666666666667 0.048046875
7 0.7847222222222222 0.6705078125 0.4305555555555556 0.025390625
8 0.778125 0.7205078125 0.30625 0.060546875
7 0.7149305555555555 0.733203125 0.1798611111111111 0.03515625
7 0.965625 0.7263671875 0.06875 0.086328125
8 0.7847222222222222 0.7263671875 0.4305555555555556 0.086328125
8 0.5 0.6955078125 1.0 0.148046875
7 0.0 0.769140625 0.0 0.0
8 0.050347222222222224 0.7974609375 0.08541666666666667 0.048046875
7 0.21388888888888888 0.7974609375 0.24166666666666667 0.027734375
8 0.2847222222222222 0.7974609375 0.5541666666666667 0.048046875
8 0.050347222222222224 0.8525390625 0.08541666666666667 0.048046875
7 0.19340277777777778 0.8525390625 0.20069444444444445 0.027734375
8 0.2847222222222222 0.8525390625 0.5541666666666667 0.048046875
7 0.7847222222222222 0.7818359375 0.4305555555555556 0.025390625
8 0.778125 0.8318359375 0.30625 0.060546875
7 0.7149305555555555 0.84453125 0.1798611111111111 0.03515625
7 0.965625 0.8376953125 0.06875 0.086328125
8 0.7847222222222222 0.8376953125 0.4305555555555556 0.086328125
8 0.5 0.825 1.0 0.11171875
7 0.1763888888888889 0.92734375 0.16666666666666666 0.0453125
8 0.2847222222222222 0.922265625 0.5541666666666667 0.03515625
8 0.050347222222222224 0.922265625 0.08541666666666667 0.03515625
8 0.7847222222222222 0.9052734375 0.4305555555555556 0.001171875
8 0.778125 0.9087890625 0.30625 0.008203125
7 0.7149305555555555 0.921484375 0.1798611111111111 0.03359375
8 0.5 0.559765625 1.0 0.68984375
5 0.5 0.4671875 1.0 0.934375
