120 0.0 0.0328125 0.0 0.0
324 0.5 0.48359375 1.0 0.9015625
117 0.5 0.0669921875 0.7777777777777778 0.068359375
195 0.5 0.0669921875 1.0 0.068359375
325 0.5 0.9048828125 1.0 0.058984375
4 0.5 0.876171875 1.0 0.0015625
6 0.034027777777777775 0.9056640625 0.06805555555555555 0.057421875
6 0.9659722222222222 0.9056640625 0.06805555555555555 0.057421875
220 0.15868055555555555 0.9056640625 0.05625 0.031640625
43 0.25798611111111114 0.90546875 0.11319444444444444 0.03125
43 0.41180555555555554 0.90546875 0.09305555555555556 0.03125
43 0.571875 0.90546875 0.12569444444444444 0.03125
43 0.7760416666666666 0.90546875 0.18541666666666667 0.03125
326 0.5 0.9056640625 0.8638888888888889 0.057421875
4 0.0 0.1640625 0.0 0.0
6 0.034027777777777775 0.188671875 0.06805555555555555 0.04921875
43 0.9680555555555556 0.17734375 0.0 0.02578125
43 0.22256944444444443 0.1884765625 0.24375 0.036328125
43 0.6461805555555555 0.1884765625 0.50625 0.036328125
326 0.5 0.188671875 0.8638888888888889 0.04921875
4 0.5 0.2271484375 1.0 0.000390625
50 0.13402777777777777 0.2736328125 0.24305555555555555 0.083984375
6 0.13402777777777777 0.27578125 0.0 0.0
43 0.6336805555555556 0.2583984375 0.7076388888888889 0.053515625
43 0.6336805555555556 0.2990234375 0.7076388888888889 0.027734375
43 0.6336805555555556 0.3625 0.7076388888888889 0.09921875
16 0.6215277777777778 0.321875 0.7319444444444444 0.18046875
16 0.5 0.321875 1.0 0.1890625
50 0.13402777777777777 0.4630859375 0.24305555555555555 0.083984375
6 0.13402777777777777 0.465234375 0.0 0.0
43 0.6336805555555556 0.4478515625 0.7076388888888889 0.053515625
43 0.6336805555555556 0.4884765625 0.7076388888888889 0.027734375
43 0.6336805555555556 0.551953125 0.7076388888888889 0.09921875
16 0.6215277777777778 0.511328125 0.7319444444444444 0.18046875
16 0.5 0.511328125 1.0 0.1890625
50 0.13402777777777777 0.6525390625 0.24305555555555555 0.083984375
6 0.13402777777777777 0.6546875 0.0 0.0
43 0.6336805555555556 0.637890625 0.7076388888888889 0.0546875
43 0.6336805555555556 0.6791015625 0.7076388888888889 0.027734375
43 0.6336805555555556 0.742578125 0.7076388888888889 0.09921875
16 0.6215277777777778 0.7013671875 0.7319444444444444 0.181640625
16 0.5 0.7013671875 1.0 0.190234375
50 0.13402777777777777 0.834765625 0.24305555555555555 0.0671875
6 0.13402777777777777 0.8453125 0.0 0.0
43 0.6336805555555556 0.862109375 0.7076388888888889 0.0125
43 0.6336805555555556 0.8759765625 0.7076388888888889 0.015234375
16 0.5 0.8326171875 1.0 0.071484375
1805 0.5 0.5478515625 1.0 0.641015625
43 0.0 0.22734375 0.0 0.0
16 0.5 0.512890625 1.0 0.725
6 0.12152777777777778 0.1251953125 0.24305555555555555 0.048046875
43 0.5725694444444445 0.1251953125 0.3284722222222222 0.048046875
327 0.5725694444444445 0.1251953125 0.6590277777777778 0.048046875
220 0.9701388888888889 0.11796875 0.04861111111111111 0.02734375
43 0.9020833333333333 0.101171875 0.0 0.0
16 0.5 0.12578125 1.0 0.04921875
7 0.5625 0.101171875 0.0 0.0
16 0.78125 0.1259765625 0.4375 0.049609375
43 0.7666666666666667 0.1765625 0.3597222222222222 0.03125
43 0.7666666666666667 0.228125 0.3597222222222222 0.03125
43 0.9680555555555556 0.22890625 0.0 0.02578125
43 0.7666666666666667 0.2796875 0.3597222222222222 0.03125
43 0.9680555555555556 0.28046875 0.0 0.02578125
43 0.7666666666666667 0.33125 0.3597222222222222 0.03125
43 0.9680555555555556 0.33203125 0.0 0.02578125
43 0.7666666666666667 0.3828125 0.3597222222222222 0.03125
43 0.9680555555555556 0.38359375 0.0 0.02578125
43 0.7666666666666667 0.434375 0.3597222222222222 0.03125
43 0.9680555555555556 0.43515625 0.0 0.02578125
43 0.7666666666666667 0.4859375 0.3597222222222222 0.03125
43 0.9680555555555556 0.48671875 0.0 0.02578125
16 0.78125 0.5177734375 0.4375 0.833203125
4 0.5 0.01640625 1.0 0.0328125
5 0.5 0.5 1.0 1.0
