322 0.0 0.0328125 0.0 0.0
1806 0.7958333333333333 0.065625 0.1361111111111111 0.065625
7 0.7277777777777777 0.0328125 0.0 0.0
1806 0.9319444444444445 0.065625 0.1361111111111111 0.065625
7 0.8638888888888889 0.0328125 0.0 0.0
16 0.014583333333333334 0.065625 0.029166666666666667 0.065625
7 0.5 0.0654296875 0.45555555555555555 0.037890625
1807 0.5 0.065625 1.0 0.065625
7 0.16631944444444444 0.1328125 0.15347222222222223 0.065625
4 0.33194444444444443 0.1328125 0.002777777777777778 0.0328125
8 0.16666666666666666 0.1328125 0.3333333333333333 0.065625
8 0.5 0.1328125 0.3333333333333333 0.065625
4 0.6652777777777777 0.1328125 0.002777777777777778 0.0328125
7 0.8333333333333334 0.1328125 0.10555555555555556 0.065625
4 0.9986111111111111 0.1328125 0.002777777777777778 0.0328125
8 0.8333333333333334 0.1328125 0.3333333333333333 0.065625
1808 0.5 0.1328125 1.0 0.065625
1809 0.5 0.816015625 1.0 0.065625
114 0.8454861111111112 0.816015625 0.3090277777777778 0.065625
114 0.0 0.783203125 0.0 0.0
1810 0.5048611111111111 0.201953125 0.9902777777777778 0.07265625
6 0.12395833333333334 0.1568359375 0.16041666666666668 0.017578125
7 0.31631944444444443 0.127734375 0.18541666666666667 0.07578125
7 0.4847222222222222 0.1380859375 0.5222222222222223 0.055078125
7 0.20729166666666668 0.2041015625 0.3076388888888889 0.046484375
7 0.8722222222222222 0.2041015625 0.20694444444444443 0.046484375
1810 0.5048611111111111 0.34765625 0.9902777777777778 0.21875
6 0.12395833333333334 0.306640625 0.16041666666666668 0.1203125
7 0.32083333333333336 0.2640625 0.19444444444444445 0.0296875
7 0.35659722222222223 0.29375 0.2659722222222222 0.0296875
7 0.5875 0.3279296875 0.7277777777777777 0.038671875
4 0.5048611111111111 0.4228515625 0.9513888888888888 0.046484375
7 0.20729166666666668 0.4228515625 0.3076388888888889 0.046484375
7 0.8722222222222222 0.4228515625 0.20694444444444443 0.046484375
1810 0.5048611111111111 0.56640625 0.9902777777777778 0.21875
6 0.12395833333333334 0.525390625 0.16041666666666668 0.1203125
7 0.3059027777777778 0.4828125 0.16458333333333333 0.0296875
7 0.44340277777777776 0.5125 0.4395833333333333 0.0296875
7 0.5875 0.5556640625 0.7277777777777777 0.056640625
4 0.5048611111111111 0.6416015625 0.9513888888888888 0.046484375
7 0.20729166666666668 0.6416015625 0.3076388888888889 0.046484375
7 0.8722222222222222 0.6416015625 0.20694444444444443 0.046484375
1810 0.5048611111111111 0.7287109375 0.9902777777777778 0.105859375
6 0.12395833333333334 0.7328125 0.16041666666666668 0.09765625
7 0.3145833333333333 0.73125 0.18194444444444444 0.0296875
7 0.49895833333333334 0.7564453125 0.5506944444444445 0.020703125
4 0.5048611111111111 0.809375 0.9513888888888888 0.05546875
7 0.20729166666666668 0.809375 0.3076388888888889 0.05546875
7 0.8722222222222222 0.809375 0.20694444444444443 0.05546875
1811 0.5048611111111111 0.4736328125 0.9902777777777778 0.616015625
8 0.5 0.4744140625 1.0 0.748828125
6 0.125 0.882421875 0.08055555555555556 0.0453125
16 0.125 0.8943359375 0.25 0.080078125
6 0.375 0.882421875 0.08055555555555556 0.0453125
16 0.375 0.8943359375 0.25 0.080078125
6 0.625 0.882421875 0.08055555555555556 0.0453125
16 0.625 0.8943359375 0.25 0.080078125
6 0.875 0.882421875 0.08055555555555556 0.0453125
16 0.875 0.8943359375 0.25 0.080078125
1808 0.5 0.8943359375 1.0 0.080078125
16 0.5 0.4671875 1.0 0.934375
4 0.5 0.9671875 1.0 0.065625
4 0.5 0.01640625 1.0 0.0328125
5 0.5 0.5 1.0 1.0
