1387 0.0 0.0328125 0.0 0.0
165 0.9416666666666667 0.07109375 0.11666666666666667 0.065625
80 0.5 0.07109375 1.0 0.0765625
6 0.05347222222222222 0.07109375 0.10694444444444444 0.0765625
1812 0.43194444444444446 0.0880859375 0.625 0.023828125
43 0.15069444444444444 0.07109375 0.0625 0.0296875
1812 0.25381944444444443 0.07109375 0.09513888888888888 0.03125
4 0.321875 0.0708984375 0.0020833333333333333 0.020703125
43 0.4079861111111111 0.07109375 0.13125 0.0375
6 0.7569444444444444 0.07109375 0.0 0.0765625
8 0.3784722222222222 0.07109375 0.7569444444444444 0.0765625
1812 0.7399305555555555 0.133203125 0.16597222222222222 0.03125
16 0.4239583333333333 0.1333984375 0.8229166666666666 0.048046875
71 0.0 0.109375 0.0 0.0
790 0.9055555555555556 0.133203125 0.14027777777777778 0.03984375
8 0.5 0.1333984375 1.0 0.048046875
1812 0.0 0.157421875 0.0 0.0
1813 0.5 0.344921875 1.0 0.375
1814 0.9875 0.157421875 0.0 0.0
8 0.49375 0.1814453125 0.9875 0.048046875
19 0.4996527777777778 0.3447265625 0.1701388888888889 0.095703125
1812 0.08611111111111111 0.5048828125 0.12361111111111112 0.023828125
51 0.45902777777777776 0.5048828125 0.6222222222222222 0.024609375
1812 0.8322916666666667 0.5048828125 0.12430555555555556 0.023828125
52 0.9472222222222222 0.5046875 0.05694444444444444 0.03203125
16 0.5 0.5083984375 1.0 0.048046875
6 0.5 0.544921875 1.0 0.025
8 0.5 0.859765625 0.0 0.0
1812 0.0 0.859765625 0.0 0.0
1815 0.5 0.859765625 1.0 0.0
8 0.5 0.50859375 1.0 0.70234375
1816 0.125 0.884375 0.0875 0.04921875
19 0.08125 0.859765625 0.0 0.0
1812 0.125 0.9181640625 0.24027777777777778 0.018359375
6 0.375 0.884375 0.0875 0.04921875
1812 0.375 0.9181640625 0.24027777777777778 0.018359375
6 0.625 0.884375 0.0875 0.04921875
1812 0.625 0.9181640625 0.24027777777777778 0.018359375
6 0.875 0.884375 0.0875 0.04921875
1812 0.875 0.9181640625 0.24027777777777778 0.018359375
126 0.5 0.48359375 1.0 0.9015625
4 0.5 0.9671875 1.0 0.065625
4 0.5 0.01640625 1.0 0.0328125
5 0.5 0.5 1.0 1.0
