17 0.0 0.0 0.0 0.0
414 0.5 0.0744140625 1.0 0.148828125
43 0.5 0.214453125 0.5583333333333333 0.06640625
38 0.28368055555555555 0.214453125 0.2798611111111111 0.13125
38 0.3958333333333333 0.214453125 0.23333333333333334 0.13125
38 0.7208333333333333 0.214453125 0.11666666666666667 0.065625
8 0.5 0.214453125 1.0 0.13125
43 0.5 0.425 1.0 0.06640625
44 0.0 0.280078125 0.0 0.0
16 0.5 0.4251953125 1.0 0.290234375
43 0.5 0.5919921875 1.0 0.032421875
158 0.10555555555555556 0.630078125 0.2111111111111111 0.0
71 0.5 0.662890625 0.4222222222222222 0.065625
158 0.8944444444444445 0.630078125 0.2111111111111111 0.0
16 0.5 0.6359375 1.0 0.13125
43 0.4996527777777778 0.776171875 0.40208333333333335 0.03125
16 0.5 0.776171875 1.0 0.14921875
414 0.5 0.925390625 1.0 0.14921875
5 0.5 0.5 1.0 1.0
