17 0.0 0.0328125 0.0 0.0
34 0.5 0.48359375 1.0 0.9015625
43 0.0 0.1380859375 0.0 0.057421875
43 0.5 0.521875 0.1625 0.0296875
38 0.0 0.934375 0.0 0.0
8 0.5 0.934375 1.0 0.0
106 0.0 0.521875 0.0 0.825
38 0.9416666666666667 0.109375 0.11666666666666667 0.0
1817 1.0 0.1509765625 0.0 0.083203125
8 1.0 0.2380859375 0.0 0.091015625
1818 1.0 0.24765625 0.0 0.071875
1817 1.0 0.441796875 0.0 0.31640625
16 1.0 0.5078125 0.0 0.184375
16 1.0 0.75546875 0.0 0.27265625
16 1.0 0.9130859375 0.0 0.042578125
106 1.0 0.521875 0.0 0.825
194 0.5 0.109375 0.09722222222222222 0.0
38 0.5 0.112890625 1.0 0.00703125
4 0.8819444444444444 0.109375 0.002777777777777778 0.0
8 0.0 0.200390625 0.0 0.065625
8 0.0 0.266015625 0.0 0.065625
7 0.0 0.32734375 0.0 0.05703125
7 0.0 0.384375 0.0 0.05703125
7 0.0 0.44140625 0.0 0.05703125
7 0.0 0.4984375 0.0 0.05703125
7 0.0 0.55546875 0.0 0.05703125
7 0.0 0.6125 0.0 0.05703125
7 0.0 0.66953125 0.0 0.05703125
7 0.0 0.7265625 0.0 0.05703125
8 0.0 0.787890625 0.0 0.065625
7 0.0 0.84921875 0.0 0.05703125
38 0.3732638888888889 0.0345703125 0.2604166666666667 0.004296875
38 0.5774305555555556 0.0345703125 0.2604166666666667 0.004296875
1818 0.5774305555555556 0.1126953125 0.66875 0.015234375
8 0.5774305555555556 0.0708984375 0.66875 0.068359375
6 0.175 0.07109375 0.1361111111111111 0.06015625
52 0.05347222222222222 0.07109375 0.10694444444444444 0.0765625
38 0.9555555555555556 0.10703125 0.05416666666666667 0.0421875
38 0.9559027777777778 0.0708984375 0.08819444444444445 0.030078125
1819 0.5 0.07109375 1.0 0.0765625
5 0.5 0.5 1.0 1.0
4 0.5 0.01640625 1.0 0.0328125
