267 0.0 0.0328125 0.0 0.0
268 0.5 0.068359375 1.0 0.07109375
50 0.0763888888888889 0.068359375 0.10694444444444444 0.07109375
269 0.4371527777777778 0.068359375 0.6145833333333334 0.07109375
52 0.825 0.068359375 0.11666666666666667 0.07109375
52 0.9416666666666667 0.068359375 0.11666666666666667 0.07109375
270 0.5 0.096484375 1.0 0.01484375
271 0.5 0.48359375 1.0 0.9015625
0 0.0 0.10390625 0.0 0.0
7 0.5 0.803125 1.0 0.0421875
59 0.03888888888888889 0.84609375 0.07777777777777778 0.04375
7 0.25069444444444444 0.847265625 0.3458333333333333 0.02578125
114 0.2520833333333333 0.9015625 0.49444444444444446 0.065625
114 0.7479166666666667 0.9015625 0.49444444444444446 0.065625
16 0.5 0.901171875 1.0 0.06640625
1820 0.5 0.8578125 1.0 0.153125
5 0.5 0.4671875 1.0 0.934375
