35 0.0 0.0328125 0.0 0.0
52 0.9659722222222222 0.066796875 0.04861111111111111 0.02734375
52 0.8590277777777777 0.066796875 0.04861111111111111 0.02734375
114 0.6864583333333333 0.0669921875 0.15208333333333332 0.031640625
7 0.13159722222222223 0.066796875 0.07847222222222222 0.02578125
52 0.04618055555555556 0.066796875 0.07291666666666667 0.02734375
8 0.5 0.0669921875 1.0 0.068359375
8 0.0 0.101171875 0.0 0.0
6 0.4996527777777778 0.51015625 0.15069444444444444 0.071875
7 0.5 0.5916015625 1.0 0.018359375
5 0.5 0.451953125 1.0 0.83828125
52 0.625 0.066796875 0.04861111111111111 0.02734375
52 0.5277777777777778 0.066796875 0.04861111111111111 0.02734375
6 0.41006944444444443 0.066796875 0.024305555555555556 0.0328125
6 0.036458333333333336 0.12578125 0.05347222222222222 0.03828125
7 0.2107638888888889 0.1140625 0.25625 0.02578125
7 0.16180555555555556 0.1380859375 0.15833333333333333 0.022265625
7 0.8850694444444445 0.1103515625 0.2298611111111111 0.018359375
8 0.5 0.125390625 1.0 0.0484375
213 0.5 0.902734375 1.0 0.06328125
7 0.12152777777777778 0.1140625 0.07777777777777778 0.02578125
6 0.9368055555555556 0.127734375 0.029166666666666667 0.01640625
6 0.8590277777777777 0.127734375 0.029166666666666667 0.01640625
6 0.8201388888888889 0.127734375 0.029166666666666667 0.01640625
7 0.13159722222222223 0.1140625 0.24375 0.02578125
7 0.08472222222222223 0.1380859375 0.15 0.022265625
6 0.09722222222222222 0.891796875 0.04861111111111111 0.02734375
8 0.09756944444444444 0.902734375 0.1951388888888889 0.06328125
6 0.2923611111111111 0.891796875 0.04861111111111111 0.02734375
8 0.29270833333333335 0.902734375 0.1951388888888889 0.06328125
6 0.4875 0.891796875 0.04861111111111111 0.02734375
8 0.4878472222222222 0.902734375 0.1951388888888889 0.06328125
6 0.6826388888888889 0.891796875 0.04861111111111111 0.02734375
8 0.6829861111111111 0.902734375 0.1951388888888889 0.06328125
6 0.8777777777777778 0.891796875 0.04861111111111111 0.02734375
8 0.878125 0.902734375 0.1951388888888889 0.06328125
8 0.9878472222222222 0.902734375 0.024305555555555556 0.06328125
5 0.5 0.4671875 1.0 0.934375
