17 0.0 0.0328125 0.0 0.0
43 0.21493055555555557 0.0708984375 0.0798611111111111 0.036328125
44 0.06805555555555555 0.07109375 0.1361111111111111 0.0765625
22 0.825 0.07109375 0.11666666666666667 0.065625
22 0.9416666666666667 0.07109375 0.11666666666666667 0.065625
80 0.5 0.07109375 1.0 0.0765625
139 0.5 0.48359375 1.0 0.9015625
38 0.0 0.109375 0.0 0.0
43 0.7194444444444444 0.14453125 0.4638888888888889 0.0703125
43 0.5 0.12578125 1.0 0.0328125
38 0.0875 0.191796875 0.09722222222222222 0.0546875
43 0.5680555555555555 0.1771484375 0.7861111111111111 0.033203125
38 0.175 0.160546875 0.0 0.0
43 0.515625 0.2119140625 0.68125 0.022265625
43 0.9086805555555556 0.2119140625 0.10486111111111111 0.018359375
8 0.5 0.191796875 1.0 0.0984375
4 0.5 0.240625 1.0 0.0
16 0.0 0.183203125 0.0 0.14765625
16 0.0 0.330859375 0.0 0.14765625
43 0.0 0.43515625 0.0 0.06015625
1821 0.0 0.465234375 0.0 0.0
16 0.0 0.2873046875 0.0 0.355859375
146 0.0 0.521875 0.0 0.825
1822 0.5 0.9015625 1.0 0.065625
5 0.5 0.5 1.0 1.0
4 0.5 0.9671875 1.0 0.065625
4 0.5 0.01640625 1.0 0.0328125
