0 0.0 0.0 0.0 0.0
43 0.27708333333333335 0.0708984375 0.20416666666666666 0.036328125
44 0.06805555555555555 0.07109375 0.1361111111111111 0.0765625
22 0.7083333333333334 0.07109375 0.11666666666666667 0.065625
22 0.825 0.07109375 0.11666666666666667 0.065625
22 0.9416666666666667 0.07109375 0.11666666666666667 0.065625
45 0.825 0.07109375 0.35 0.0765625
80 0.5 0.07109375 1.0 0.0765625
116 0.2795138888888889 0.144921875 0.5201388888888889 0.04921875
116 0.5979166666666667 0.139453125 0.11666666666666667 0.03828125
52 0.9319444444444445 0.14765625 0.09722222222222222 0.0546875
52 0.8152777777777778 0.14765625 0.09722222222222222 0.0546875
6 0.03611111111111111 0.196484375 0.0 0.0
7 0.26805555555555555 0.2185546875 0.425 0.033203125
8 0.5 0.2537109375 0.9277777777777778 0.114453125
41 0.5 0.2537109375 0.9416666666666667 0.124609375
16 0.5 0.5546875 0.9611111111111111 0.7375
5 0.5 0.4671875 1.0 0.934375
