17 0.0 0.0328125 0.0 0.0
604 0.8361111111111111 0.07109375 0.28888888888888886 0.02578125
52 0.06805555555555555 0.07109375 0.1361111111111111 0.0765625
8 0.6333333333333333 0.07109375 0.11666666666666667 0.0765625
45 1.0 0.07109375 0.0 0.0765625
7 0.32708333333333334 0.0708984375 0.30416666666666664 0.036328125
80 0.5 0.07109375 1.0 0.0765625
415 0.1545138888888889 0.9376953125 0.23125 0.006640625
604 0.771875 0.9408203125 0.17569444444444443 0.012890625
604 0.9152777777777777 0.9419921875 0.07222222222222222 0.015234375
80 0.5 0.934375 1.0 0.0
139 0.5 0.48359375 1.0 0.9015625
415 0.4996527777777778 0.89609375 0.5118055555555555 0.065625
16 0.5 0.89609375 1.0 0.0765625
4 0.0 0.109375 0.0 0.0
1823 0.4996527777777778 0.1990234375 0.42291666666666666 0.179296875
118 0.5 0.2072265625 1.0 0.195703125
604 0.5 0.3798828125 0.9222222222222223 0.022265625
604 0.5 0.4146484375 0.9222222222222223 0.036328125
4 0.5 0.45546875 0.9222222222222223 0.0015625
16 0.5 0.3806640625 0.9222222222222223 0.151171875
604 0.5 0.49296875 0.3055555555555556 0.0296875
604 0.03888888888888889 0.45625 0.0 0.0
604 0.5 0.533984375 0.9222222222222223 0.04140625
106 0.5 0.5814453125 1.0 0.552734375
4 0.5 0.8537109375 1.0 0.008203125
50 0.5 0.1134765625 1.0 0.008203125
5 0.5 0.5 1.0 1.0
4 0.5 0.9671875 1.0 0.065625
4 0.5 0.01640625 1.0 0.0328125
