52 0.03229166666666667 0.0181640625 0.06041666666666667 0.033984375
5 0.5 0.4671875 1.0 0.934375
1824 0.5 0.0228515625 1.0 0.045703125
52 0.9677083333333333 0.0181640625 0.06041666666666667 0.033984375
1825 0.5 0.074609375 1.0 0.0578125
6 0.5 0.1029296875 1.0 0.001171875
1826 0.12638888888888888 0.175390625 0.24305555555555555 0.13671875
1825 0.6239583333333333 0.1759765625 0.7270833333333333 0.049609375
1825 0.0 0.104296875 0.0 0.0
6 0.5 0.2470703125 1.0 0.001171875
8 0.5 0.1759765625 1.0 0.143359375
1826 0.12638888888888888 0.31953125 0.24305555555555555 0.13671875
1825 0.6239583333333333 0.3201171875 0.7270833333333333 0.049609375
1825 0.0 0.2484375 0.0 0.0
6 0.5 0.3912109375 1.0 0.001171875
8 0.5 0.3201171875 1.0 0.143359375
1826 0.12638888888888888 0.463671875 0.24305555555555555 0.13671875
1825 0.6239583333333333 0.4642578125 0.7270833333333333 0.049609375
1825 0.0 0.392578125 0.0 0.0
6 0.5 0.5353515625 1.0 0.001171875
8 0.5 0.4642578125 1.0 0.143359375
1826 0.12638888888888888 0.6078125 0.24305555555555555 0.13671875
1825 0.6239583333333333 0.608203125 0.7270833333333333 0.0890625
1825 0.0 0.53671875 0.0 0.0
6 0.5 0.6794921875 1.0 0.001171875
8 0.5 0.6083984375 1.0 0.143359375
1826 0.12638888888888888 0.751953125 0.24305555555555555 0.13671875
1825 0.6239583333333333 0.7525390625 0.7270833333333333 0.049609375
1825 0.0 0.680859375 0.0 0.0
6 0.5 0.8236328125 1.0 0.001171875
8 0.5 0.7525390625 1.0 0.143359375
1826 0.12638888888888888 0.8810546875 0.24305555555555555 0.106640625
1825 0.6239583333333333 0.8966796875 0.7270833333333333 0.049609375
1825 0.0 0.825 0.0 0.0
6 0.5 0.95078125 1.0 0.0328125
8 0.5 0.8796875 1.0 0.109375
