17 0.0 0.0 0.0 0.0
19 0.009722222222222222 0.11484375 0.0 0.0
16 0.5034722222222222 0.11484375 0.9875 0.0
106 0.5 0.4876953125 1.0 0.756640625
19 0.5 0.4875 0.18472222222222223 0.10390625
43 0.5 0.4876953125 0.28055555555555556 0.033203125
117 0.5 0.9001953125 1.0 0.068359375
7 0.21180555555555555 0.0708984375 0.07361111111111111 0.036328125
52 0.06805555555555555 0.07109375 0.1361111111111111 0.0765625
45 1.0 0.07109375 0.0 0.0765625
118 0.5 0.07109375 1.0 0.0765625
5 0.5 0.5 1.0 1.0
113 0.0 0.48359375 0.0 0.9015625
16 0.0 0.1216796875 0.0 0.177734375
43 0.0 0.238671875 0.0 0.0546875
43 0.0 0.293359375 0.0 0.0546875
43 0.0 0.348046875 0.0 0.0546875
43 0.0 0.402734375 0.0 0.0546875
43 0.0 0.457421875 0.0 0.0546875
43 0.0 0.512109375 0.0 0.0546875
43 0.0 0.566796875 0.0 0.0546875
43 0.0 0.621484375 0.0 0.0546875
43 0.0 0.676171875 0.0 0.0546875
16 0.0 0.3681640625 0.0 0.670703125
43 0.0 0.9048828125 0.0 0.058984375
4 0.5 0.9671875 1.0 0.065625
4 0.5 0.01640625 1.0 0.0328125
