17 0.0 0.0 0.0 0.0
5 0.5 0.4671875 1.0 0.934375
201 0.5 0.0109375 0.7194444444444444 0.021875
18 0.5 0.03828125 1.0 0.0765625
1827 0.4996527777777778 0.0931640625 0.13958333333333334 0.033203125
201 0.5 0.312109375 0.7194444444444444 0.4046875
43 0.14027777777777778 0.109765625 0.0 0.0
264 0.5 0.2900390625 1.0 0.448828125
1827 0.4996527777777778 0.5857421875 0.09097222222222222 0.033203125
201 0.5 0.768359375 0.7194444444444444 0.33203125
43 0.14027777777777778 0.60234375 0.0 0.0
264 0.5 0.7462890625 1.0 0.376171875
52 0.06805555555555555 0.03828125 0.1361111111111111 0.0765625
4 0.5680555555555555 0.03828125 0.8638888888888889 0.0765625
45 1.0 0.03828125 0.0 0.0765625
44 0.7326388888888888 0.03828125 0.09722222222222222 0.0546875
44 0.8347222222222223 0.03828125 0.09722222222222222 0.0546875
44 0.9368055555555556 0.03828125 0.09722222222222222 0.0546875
16 0.8347222222222223 0.03828125 0.3013888888888889 0.0546875
38 0.5 0.8978515625 1.0 0.073046875
38 0.3402777777777778 0.0458984375 0.6805555555555556 0.091796875
38 0.065625 0.1259765625 0.12152777777777778 0.068359375
1827 0.40347222222222223 0.1259765625 0.5541666666666667 0.055078125
16 0.3402777777777778 0.1259765625 0.6805555555555556 0.068359375
38 0.065625 0.1943359375 0.12152777777777778 0.068359375
1827 0.40347222222222223 0.1943359375 0.5541666666666667 0.055078125
16 0.3402777777777778 0.1943359375 0.6805555555555556 0.068359375
38 0.065625 0.2626953125 0.12152777777777778 0.068359375
1827 0.40347222222222223 0.2626953125 0.5541666666666667 0.055078125
16 0.3402777777777778 0.2626953125 0.6805555555555556 0.068359375
38 0.065625 0.3310546875 0.12152777777777778 0.068359375
1827 0.40347222222222223 0.3310546875 0.5541666666666667 0.055078125
16 0.3402777777777778 0.3310546875 0.6805555555555556 0.068359375
38 0.065625 0.3994140625 0.12152777777777778 0.068359375
1827 0.40347222222222223 0.3994140625 0.5541666666666667 0.055078125
16 0.3402777777777778 0.3994140625 0.6805555555555556 0.068359375
16 0.3402777777777778 0.222265625 0.6805555555555556 0.44453125
113 0.3402777777777778 0.4671875 0.6805555555555556 0.934375
