36 0.0 0.0328125 0.0 0.0
43 0.5 0.1443359375 1.0 0.069921875
38 0.08263888888888889 0.23203125 0.0875 0.03359375
43 0.3055555555555556 0.2509765625 0.28055555555555556 0.031640625
38 0.8833333333333333 0.19765625 0.0 0.0
43 0.20972222222222223 0.2162109375 0.08888888888888889 0.037890625
8 0.5243055555555556 0.23203125 0.7180555555555556 0.06953125
8 0.5 0.23203125 1.0 0.09140625
1575 0.0 0.179296875 0.0 0.0
38 0.08263888888888889 0.3375 0.0875 0.0328125
43 0.3173611111111111 0.3564453125 0.30416666666666664 0.031640625
38 0.8833333333333333 0.303125 0.0 0.0
43 0.2125 0.3216796875 0.09444444444444444 0.037890625
8 0.5243055555555556 0.3375 0.7180555555555556 0.06953125
8 0.5 0.3375 1.0 0.09140625
1575 0.0 0.284765625 0.0 0.0
38 0.08263888888888889 0.44296875 0.0875 0.0328125
43 0.3173611111111111 0.4619140625 0.30416666666666664 0.031640625
38 0.8833333333333333 0.40859375 0.0 0.0
43 0.22847222222222222 0.4271484375 0.12638888888888888 0.037890625
8 0.5243055555555556 0.44296875 0.7180555555555556 0.06953125
8 0.5 0.44296875 1.0 0.09140625
1575 0.0 0.390234375 0.0 0.0
38 0.08263888888888889 0.5484375 0.0875 0.03359375
43 0.3173611111111111 0.5673828125 0.30416666666666664 0.031640625
38 0.8833333333333333 0.5140625 0.0 0.0
43 0.2152777777777778 0.5326171875 0.1 0.037890625
8 0.5243055555555556 0.5484375 0.7180555555555556 0.06953125
8 0.5 0.5484375 1.0 0.09140625
1575 0.0 0.495703125 0.0 0.0
38 0.08263888888888889 0.65390625 0.0875 0.03359375
43 0.3173611111111111 0.6728515625 0.30416666666666664 0.031640625
38 0.8833333333333333 0.61953125 0.0 0.0
43 0.21041666666666667 0.6380859375 0.09027777777777778 0.037890625
8 0.5243055555555556 0.65390625 0.7180555555555556 0.06953125
8 0.5 0.65390625 1.0 0.09140625
1575 0.0 0.601171875 0.0 0.0
43 0.5 0.746484375 1.0 0.02734375
16 0.5 0.7498046875 1.0 0.086328125
42 0.5 0.48359375 1.0 0.9015625
43 0.2586805555555556 0.0708984375 0.1673611111111111 0.036328125
44 0.06805555555555555 0.07109375 0.1361111111111111 0.0765625
45 1.0 0.07109375 0.0 0.0765625
46 0.5 0.07109375 1.0 0.0765625
5 0.5 0.5 1.0 1.0
4 0.5 0.9671875 1.0 0.065625
4 0.5 0.01640625 1.0 0.0328125
