50 0.15 0.155859375 0.0 0.0
43 0.5 0.2087890625 0.5833333333333334 0.040234375
38 0.2861111111111111 0.3 0.15555555555555556 0.0875
217 0.5972222222222222 0.30546875 0.3888888888888889 0.0765625
43 0.315625 0.4421875 0.06597222222222222 0.0296875
38 0.44930555555555557 0.4109375 0.11666666666666667 0.0546875
43 0.4496527777777778 0.4421875 0.16319444444444445 0.0296875
172 0.44930555555555557 0.47890625 0.07777777777777778 0.04375
16 0.4496527777777778 0.4421875 0.16319444444444445 0.1171875
38 0.6333333333333333 0.4109375 0.11666666666666667 0.0546875
43 0.6336805555555556 0.4421875 0.2048611111111111 0.0296875
172 0.6333333333333333 0.47890625 0.07777777777777778 0.04375
16 0.6336805555555556 0.4421875 0.2048611111111111 0.1171875
16 0.4996527777777778 0.4421875 0.47291666666666665 0.196875
43 0.3138888888888889 0.5734375 0.2111111111111111 0.065625
71 0.6055555555555555 0.5734375 0.37222222222222223 0.065625
43 0.4996527777777778 0.62109375 0.47152777777777777 0.0296875
1216 0.4996527777777778 0.66875 0.2701388888888889 0.065625
8 0.5 0.47890625 0.5833333333333334 0.4453125
71 0.6847222222222222 0.7453125 0.21388888888888888 0.065625
71 0.4708333333333333 0.7453125 0.21388888888888888 0.065625
8 0.5 0.4669921875 0.7 0.622265625
5 0.5 0.4669921875 0.7777777777777778 0.666015625
