7 0.0 0.0328125 0.0 0.0
16 0.0 0.699609375 0.0 0.0
16 0.5 0.730859375 1.0 0.0625
50 0.15416666666666667 0.8189453125 0.13194444444444445 0.069921875
6 0.08819444444444445 0.783984375 0.0 0.0
7 0.15381944444444445 0.888671875 0.07291666666666667 0.04765625
16 0.15416666666666667 0.8482421875 0.23055555555555557 0.150390625
50 0.38472222222222224 0.8189453125 0.13194444444444445 0.069921875
6 0.31875 0.783984375 0.0 0.0
7 0.384375 0.888671875 0.18541666666666667 0.04765625
16 0.38472222222222224 0.8482421875 0.23055555555555557 0.150390625
16 0.0 0.762109375 0.0 0.0
16 0.5 0.8482421875 1.0 0.172265625
5 0.5 0.48359375 1.0 0.9015625
