36 0.0 0.0328125 0.0 0.0
42 0.5 0.48359375 1.0 0.9015625
1828 0.05451388888888889 0.1634765625 0.09930555555555555 0.047265625
43 0.5520833333333334 0.1634765625 0.8958333333333334 0.047265625
16 0.5 0.1634765625 1.0 0.047265625
1828 0.05451388888888889 0.2107421875 0.09930555555555555 0.047265625
43 0.5520833333333334 0.2107421875 0.8958333333333334 0.047265625
1828 0.05451388888888889 0.2580078125 0.09930555555555555 0.047265625
43 0.5520833333333334 0.2580078125 0.8958333333333334 0.047265625
1828 0.05451388888888889 0.3052734375 0.09930555555555555 0.047265625
43 0.5520833333333334 0.3052734375 0.8958333333333334 0.047265625
1828 0.05451388888888889 0.3525390625 0.09930555555555555 0.047265625
43 0.5520833333333334 0.3525390625 0.8958333333333334 0.047265625
1828 0.05451388888888889 0.3998046875 0.09930555555555555 0.047265625
43 0.5520833333333334 0.3998046875 0.8958333333333334 0.047265625
1828 0.05451388888888889 0.4470703125 0.09930555555555555 0.047265625
43 0.5520833333333334 0.4470703125 0.8958333333333334 0.047265625
1828 0.05451388888888889 0.5009765625 0.09930555555555555 0.060546875
43 0.5520833333333334 0.5009765625 0.8958333333333334 0.060546875
1829 0.05451388888888889 0.61953125 0.09930555555555555 0.1765625
43 0.5520833333333334 0.61953125 0.8958333333333334 0.1765625
16 0.5 0.5892578125 1.0 0.237109375
1828 0.05451388888888889 0.7380859375 0.09930555555555555 0.060546875
43 0.5520833333333334 0.7380859375 0.8958333333333334 0.060546875
1829 0.05451388888888889 0.78359375 0.09930555555555555 0.03046875
43 0.5520833333333334 0.78359375 0.8958333333333334 0.03046875
16 0.5 0.7533203125 1.0 0.091015625
106 0.5 0.4541015625 1.0 0.689453125
71 0.16666666666666666 0.831640625 0.3333333333333333 0.065625
71 0.5 0.831640625 0.3333333333333333 0.065625
71 0.8333333333333334 0.831640625 0.3333333333333333 0.065625
16 0.5 0.831640625 1.0 0.065625
596 0.5 0.9001953125 1.0 0.068359375
43 0.2916666666666667 0.0708984375 0.23333333333333334 0.036328125
44 0.06805555555555555 0.07109375 0.1361111111111111 0.0765625
45 1.0 0.07109375 0.0 0.0765625
46 0.5 0.07109375 1.0 0.0765625
5 0.5 0.5 1.0 1.0
4 0.5 0.9671875 1.0 0.065625
4 0.5 0.01640625 1.0 0.0328125
