17 0.0 0.0 0.0 0.0
43 0.32881944444444444 0.0708984375 0.3076388888888889 0.036328125
22 0.9416666666666667 0.07109375 0.11666666666666667 0.065625
44 0.06805555555555555 0.07109375 0.1361111111111111 0.0765625
1550 0.5 0.07109375 1.0 0.0765625
10 0.5 0.1095703125 0.9597222222222223 0.000390625
43 0.5190972222222222 0.076953125 0.7354166666666667 0.0546875
38 0.02013888888888889 0.049609375 0.0 0.0
38 0.08819444444444445 0.076953125 0.058333333333333334 0.0328125
1551 0.5 0.521875 0.11666666666666667 0.065625
1599 0.5 0.287109375 1.0 0.35546875
43 0.5 0.3962890625 1.0 0.027734375
1599 1.0 0.287109375 0.0 0.35546875
43 1.0 0.3962890625 0.0 0.027734375
4 0.48125 0.444140625 0.0125 0.00703125
4 0.55625 0.444140625 0.0125 0.00703125
1051 0.5 0.4443359375 1.0 0.041015625
71 0.25729166666666664 0.50859375 0.4756944444444444 0.065625
71 0.7427083333333333 0.50859375 0.4756944444444444 0.065625
16 0.5 0.511328125 0.9611111111111111 0.07109375
71 0.25729166666666664 0.5796875 0.4756944444444444 0.065625
71 0.7427083333333333 0.5796875 0.4756944444444444 0.065625
16 0.5 0.58515625 0.9611111111111111 0.0765625
1551 0.0 0.109375 0.0 0.0
1600 0.5 0.36640625 1.0 0.5140625
38 0.5 0.7447265625 1.0 0.242578125
43 0.5 0.8869140625 1.0 0.041796875
1552 0.5 0.4876953125 1.0 0.756640625
1289 0.8861111111111111 0.8017578125 0.17916666666666667 0.101171875
7 0.6340277777777777 0.786328125 0.2861111111111111 0.03671875
1290 0.7329861111111111 0.6900390625 0.48541666666666666 0.324609375
117 0.5 0.9001953125 1.0 0.068359375
1503 0.5 0.4671875 1.0 0.934375
38 0.0 0.123046875 0.0 0.24609375
16 0.0 0.196875 0.0 0.0765625
4 0.0 0.246875 0.0 0.0015625
8 0.0 0.29140625 0.0 0.065625
8 0.0 0.35703125 0.0 0.065625
8 0.0 0.42265625 0.0 0.065625
8 0.0 0.48828125 0.0 0.065625
8 0.0 0.55390625 0.0 0.065625
8 0.0 0.61953125 0.0 0.065625
8 0.0 0.68515625 0.0 0.065625
8 0.0 0.75078125 0.0 0.065625
8 0.0 0.81640625 0.0 0.065625
8 0.0 0.88203125 0.0 0.065625
8 0.0 0.924609375 0.0 0.01953125
8 0.0 0.4671875 0.0 0.934375
4 0.5 0.9671875 1.0 0.065625
5 0.5 0.5 1.0 1.0
