17 0.0 0.0328125 0.0 0.0
7 0.23680555555555555 0.0708984375 0.18194444444444444 0.036328125
52 0.06805555555555555 0.07109375 0.1361111111111111 0.0765625
45 1.0 0.07109375 0.0 0.0765625
80 0.5 0.07109375 1.0 0.0765625
4 0.5 0.1115234375 1.0 0.004296875
1144 0.5 0.178125 0.9222222222222223 0.02578125
1830 0.5 0.1640625 1.0 0.10078125
4 0.5 0.213671875 1.0 0.0015625
1144 0.44166666666666665 0.258203125 0.8055555555555556 0.0296875
1144 0.03888888888888889 0.243359375 0.0 0.0
824 0.9222222222222223 0.258203125 0.07777777777777778 0.04375
1831 0.5 0.258984375 1.0 0.0890625
4 0.5 0.302734375 1.0 0.0015625
1144 0.44166666666666665 0.3791015625 0.8055555555555556 0.048046875
824 0.9222222222222223 0.3640625 0.07777777777777778 0.04375
1831 0.5 0.3650390625 1.0 0.123046875
4 0.5 0.42578125 1.0 0.0015625
16 0.5 0.2701171875 1.0 0.312890625
146 0.5 0.5240234375 1.0 0.820703125
139 0.5 0.48359375 1.0 0.9015625
4 0.5 0.9671875 1.0 0.065625
4 0.5 0.01640625 1.0 0.0328125
5 0.5 0.5 1.0 1.0
