52 0.001388888888888889 0.03359375 0.0 0.0
8 0.12048611111111111 0.0203125 0.24097222222222223 0.021875
8 0.2673611111111111 0.019921875 0.03333333333333333 0.01875
1832 0.14270833333333333 0.043359375 0.28541666666666665 0.02109375
1833 0.004166666666666667 0.05390625 0.0 0.0
7 0.10625 0.080859375 0.06111111111111111 0.00703125
8 0.15694444444444444 0.055078125 0.0 0.0
8 0.17777777777777778 0.065234375 0.041666666666666664 0.0203125
1834 0.14270833333333333 0.1603515625 0.27708333333333335 0.212890625
1835 0.26944444444444443 0.2568359375 0.03194444444444444 0.019140625
6 0.12013888888888889 0.137890625 0.09027777777777778 0.05078125
6 0.05416666666666667 0.11640625 0.03333333333333333 0.01875
6 0.05416666666666667 0.159375 0.03333333333333333 0.01875
6 0.12013888888888889 0.180859375 0.03333333333333333 0.01875
6 0.18611111111111112 0.159375 0.03333333333333333 0.01875
6 0.18611111111111112 0.11640625 0.03333333333333333 0.01875
285 0.12048611111111111 0.1333984375 0.24097222222222223 0.248046875
6 0.05416666666666667 0.236328125 0.03333333333333333 0.01875
6 0.07361111111111111 0.255859375 0.03333333333333333 0.01875
