5 0.5 0.4671875 1.0 0.934375
6 0.8298611111111112 0.490625 0.3402777777777778 0.5140625
6 0.7868055555555555 0.28359375 0.04861111111111111 0.021875
1836 0.875 0.491796875 0.25 0.45078125
8 0.875 0.28359375 0.25 0.02734375
8 0.878125 0.3455078125 0.24375 0.017578125
19 0.7756944444444445 0.316015625 0.03888888888888889 0.021875
16 0.7590277777777777 0.354296875 0.0 0.0
8 0.9263888888888889 0.37265625 0.14722222222222223 0.0
6 0.8527777777777777 0.37265625 0.0 0.0
435 0.9149305555555556 0.4154296875 0.1701388888888889 0.090234375
8 0.8795138888888889 0.495703125 0.24097222222222223 0.03671875
6 0.06805555555555555 0.215625 0.0875 0.04921875
7 0.28402777777777777 0.215625 0.29583333333333334 0.0296875
1837 0.228125 0.215625 0.4076388888888889 0.0765625
6 0.06805555555555555 0.2921875 0.0875 0.04921875
7 0.28402777777777777 0.2921875 0.29583333333333334 0.0296875
1837 0.228125 0.2921875 0.4076388888888889 0.0765625
6 0.06805555555555555 0.36875 0.0875 0.04921875
7 0.28402777777777777 0.36875 0.29583333333333334 0.0296875
1837 0.228125 0.36875 0.4076388888888889 0.0765625
6 0.06805555555555555 0.4453125 0.0875 0.04921875
7 0.28402777777777777 0.4453125 0.29583333333333334 0.0296875
1837 0.228125 0.4453125 0.4076388888888889 0.0765625
6 0.06805555555555555 0.521875 0.0875 0.04921875
7 0.28402777777777777 0.521875 0.29583333333333334 0.0296875
1837 0.228125 0.521875 0.4076388888888889 0.0765625
6 0.06805555555555555 0.5984375 0.0875 0.04921875
7 0.28402777777777777 0.5984375 0.29583333333333334 0.0296875
1837 0.228125 0.5984375 0.4076388888888889 0.0765625
6 0.06805555555555555 0.675 0.0875 0.04921875
7 0.28402777777777777 0.675 0.29583333333333334 0.0296875
1837 0.228125 0.675 0.4076388888888889 0.0765625
6 0.06805555555555555 0.7515625 0.0875 0.04921875
7 0.28402777777777777 0.7515625 0.29583333333333334 0.0296875
1837 0.228125 0.7515625 0.4076388888888889 0.0765625
16 0.228125 0.48359375 0.4076388888888889 0.6125
