36 0.0 0.0328125 0.0 0.0
43 0.5 0.148046875 0.0 0.03359375
38 0.4996527777777778 0.312890625 0.7493055555555556 0.25234375
38 0.234375 0.2482421875 0.21875 0.123046875
43 0.5 0.47109375 0.9222222222222223 0.0421875
43 0.5 0.5171875 0.9222222222222223 0.03359375
43 0.5 0.6162109375 0.9611111111111111 0.031640625
4 0.5 0.654296875 0.9611111111111111 0.00078125
8 0.5 0.38203125 1.0 0.5453125
44 0.0 0.109375 0.0 0.0
19 0.5 0.521875 0.11666666666666667 0.065625
42 0.5 0.48359375 1.0 0.9015625
43 0.0 0.191015625 0.0 0.0546875
43 0.0 0.2453125 0.0 0.0546875
43 0.0 0.299609375 0.0 0.0546875
50 0.0 0.3431640625 0.0 0.033203125
43 0.0 0.38671875 0.0 0.0546875
43 0.0 0.441015625 0.0 0.0546875
43 0.0 0.4953125 0.0 0.0546875
43 0.0 0.549609375 0.0 0.0546875
10 0.0 0.521875 0.0 0.825
43 0.28923611111111114 0.0708984375 0.13125 0.036328125
38 0.175 0.07109375 0.07777777777777778 0.04375
44 0.06805555555555555 0.07109375 0.1361111111111111 0.0765625
45 1.0 0.07109375 0.0 0.0765625
46 0.5 0.07109375 1.0 0.0765625
5 0.5 0.5 1.0 1.0
4 0.5 0.9671875 1.0 0.065625
4 0.5 0.01640625 1.0 0.0328125
