38 0.06388888888888888 0.0546875 0.0 0.0
43 0.5 0.0740234375 0.8722222222222222 0.038671875
44 0.06388888888888888 0.094921875 0.0 0.0
483 0.5 0.116796875 0.8722222222222222 0.04375
44 0.06388888888888888 0.140234375 0.0 0.0
483 0.5 0.162109375 0.8722222222222222 0.04375
44 0.06388888888888888 0.185546875 0.0 0.0
483 0.5 0.207421875 0.8722222222222222 0.04375
44 0.06388888888888888 0.230859375 0.0 0.0
483 0.5 0.252734375 0.8722222222222222 0.04375
44 0.06388888888888888 0.276171875 0.0 0.0
483 0.5 0.298046875 0.8722222222222222 0.04375
44 0.06388888888888888 0.321484375 0.0 0.0
483 0.5 0.343359375 0.8722222222222222 0.04375
44 0.06388888888888888 0.366796875 0.0 0.0
483 0.5 0.388671875 0.8722222222222222 0.04375
44 0.06388888888888888 0.457421875 0.0 0.0
483 0.5243055555555556 0.433984375 0.8236111111111111 0.04375
44 0.06388888888888888 0.502734375 0.0 0.0
483 0.5243055555555556 0.479296875 0.8236111111111111 0.04375
44 0.06388888888888888 0.548046875 0.0 0.0
483 0.5243055555555556 0.524609375 0.8236111111111111 0.04375
44 0.06388888888888888 0.593359375 0.0 0.0
483 0.5243055555555556 0.569921875 0.8236111111111111 0.04375
38 0.08819444444444445 0.6150390625 0.04861111111111111 0.019140625
483 0.5243055555555556 0.615234375 0.8236111111111111 0.04375
43 0.5 0.6580078125 0.8722222222222222 0.038671875
44 0.06388888888888888 0.67890625 0.0 0.0
483 0.5 0.70078125 0.8722222222222222 0.04375
43 0.5 0.7435546875 0.8722222222222222 0.038671875
44 0.06388888888888888 0.764453125 0.0 0.0
483 0.5 0.8228515625 0.8722222222222222 0.026171875
44 0.06388888888888888 0.809765625 0.0 0.0
35 0.5 0.4453125 0.8722222222222222 0.78125
71 0.19340277777777778 0.87421875 0.20069444444444445 0.065625
414 0.39652777777777776 0.90703125 0.20555555555555555 0.0
71 0.5802083333333333 0.87421875 0.16180555555555556 0.065625
71 0.7840277777777778 0.87421875 0.24583333333333332 0.065625
47 0.5 0.87421875 0.8722222222222222 0.0765625
5 0.5 0.48359375 0.95 0.9015625
