17 0.0 0.0 0.0 0.0
1838 0.1361111111111111 0.034375 0.0 0.0
86 0.5020833333333333 0.0640625 0.1388888888888889 0.0328125
86 0.8 0.0640625 0.1375 0.034375
8 0.5024305555555556 0.0640625 0.7326388888888888 0.034375
52 0.06805555555555555 0.0669921875 0.1361111111111111 0.059765625
45 0.9329861111111111 0.0669921875 0.13402777777777777 0.059765625
118 0.5 0.065625 1.0 0.065625
78 0.5 0.4822265625 1.0 0.767578125
6 0.08541666666666667 0.8439453125 0.14583333333333334 0.030078125
8 0.0 0.06171875 0.0 0.0578125
222 0.9756944444444444 0.112109375 0.0 0.0
8 0.9756944444444444 0.4822265625 0.0 0.740234375
223 0.07291666666666667 0.139453125 0.09722222222222222 0.0546875
86 0.2638888888888889 0.14375 0.03194444444444444 0.01796875
1838 0.5256944444444445 0.1439453125 0.4527777777777778 0.022265625
16 0.5 0.1439453125 0.5777777777777777 0.041796875
4 0.5 0.48125 0.8055555555555556 0.65625
8 0.5 0.9015625 1.0 0.065625
1838 0.3392361111111111 0.8994140625 0.6784722222222223 0.027734375
19 0.6416666666666667 0.89921875 0.04861111111111111 0.02734375
1838 0.8111111111111111 0.8978515625 0.19305555555555556 0.027734375
86 0.9173611111111111 0.89765625 0.019444444444444445 0.01640625
4 0.5 0.9671875 1.0 0.065625
1839 0.0 0.864453125 0.0 0.0
5 0.5 0.5 1.0 1.0
16 0.0 0.1271484375 0.0 0.188671875
796 0.0 0.255078125 0.0 0.0671875
16 0.0 0.3248046875 0.0 0.070703125
16 0.0 0.3962890625 0.0 0.070703125
796 0.0 0.4626953125 0.0 0.060546875
796 0.0 0.5240234375 0.0 0.060546875
796 0.0 0.5845703125 0.0 0.060546875
796 0.0 0.6451171875 0.0 0.060546875
16 0.0 0.7064453125 0.0 0.060546875
16 0.0 0.7669921875 0.0 0.060546875
16 0.0 0.933203125 0.0 0.00234375
16 0.0 0.4671875 0.0 0.934375
4 0.0 0.0515625 0.0 0.103125
16 0.0 0.625 0.0 0.61875
86 0.5 0.209375 0.875 0.2125
86 0.4996527777777778 0.625 0.65625 0.61875
16 0.5 0.625 1.0 0.61875
796 0.12916666666666668 0.9015625 0.25833333333333336 0.065625
796 0.8854166666666666 0.9015625 0.22916666666666666 0.065625
6 0.4361111111111111 0.896484375 0.0 0.0
16 0.5 0.9013671875 0.12777777777777777 0.009765625
4 0.5 0.01640625 1.0 0.0328125
