8 0.0 0.0 0.0 0.0
6 0.12604166666666666 0.02734375 0.2520833333333333 0.04375
6 0.378125 0.02734375 0.2520833333333333 0.04375
6 0.6239583333333333 0.0271484375 0.23958333333333334 0.036328125
6 0.871875 0.0271484375 0.25625 0.045703125
16 0.5 0.02734375 1.0 0.0546875
117 0.5 0.0904296875 1.0 0.068359375
7 0.16666666666666666 0.1513671875 0.3333333333333333 0.053515625
7 0.5 0.1513671875 0.3333333333333333 0.053515625
7 0.8333333333333334 0.1513671875 0.3333333333333333 0.053515625
16 0.5 0.1513671875 1.0 0.053515625
6 0.9611111111111111 0.198046875 0.07777777777777778 0.03984375
7 0.5 0.288671875 0.9513888888888888 0.1140625
16 0.5 0.367578125 0.9513888888888888 0.04375
6 0.9173611111111111 0.367578125 0.11666666666666667 0.04375
7 0.5 0.396875 0.9513888888888888 0.0546875
375 0.29583333333333334 0.6142578125 0.15555555555555556 0.033203125
376 0.29583333333333334 0.614453125 0.15555555555555556 0.24609375
375 0.49027777777777776 0.6142578125 0.15555555555555556 0.033203125
376 0.49027777777777776 0.614453125 0.15555555555555556 0.24609375
375 0.6847222222222222 0.6142578125 0.15555555555555556 0.033203125
376 0.6847222222222222 0.614453125 0.15555555555555556 0.24609375
16 0.5 0.614453125 0.6027777777777777 0.28984375
658 0.1986111111111111 0.46953125 0.0 0.0
16 0.5 0.7966796875 0.9513888888888888 0.047265625
16 0.5 0.5060546875 1.0 0.655859375
7 0.11145833333333334 0.21875 0.17430555555555555 0.02578125
7 0.024305555555555556 0.205859375 0.0 0.0
7 0.8597222222222223 0.21875 0.23194444444444445 0.02578125
8 0.5 0.21875 0.9513888888888888 0.02578125
16 0.18958333333333333 0.26640625 0.33055555555555555 0.02578125
6 0.3284722222222222 0.258984375 0.05277777777777778 0.0109375
16 0.525 0.26640625 0.3402777777777778 0.02578125
6 0.6305555555555555 0.258984375 0.05277777777777778 0.0109375
16 0.8354166666666667 0.26640625 0.28055555555555556 0.02578125
16 0.5 0.26640625 0.9513888888888888 0.02578125
16 0.5 0.242578125 0.9513888888888888 0.12890625
8 0.5 0.3802734375 0.9513888888888888 0.087890625
16 0.22916666666666666 0.3900390625 0.11805555555555555 0.041015625
6 0.8548611111111111 0.38046875 0.24166666666666667 0.146875
8 0.5 0.38046875 0.9513888888888888 0.146875
16 0.5 0.5412109375 0.9513888888888888 0.063671875
16 0.024305555555555556 0.509375 0.0 0.0
7 0.052083333333333336 0.5548828125 0.05555555555555555 0.036328125
7 0.20416666666666666 0.5548828125 0.24861111111111112 0.036328125
7 0.39618055555555554 0.5548828125 0.13541666666666666 0.036328125
8 0.5 0.5689453125 0.9513888888888888 0.119140625
7 0.5 0.6794921875 0.9513888888888888 0.033203125
7 0.0 0.705078125 0.0 0.065625
7 0.171875 0.725 0.22569444444444445 0.02578125
7 0.37916666666666665 0.7232421875 0.18888888888888888 0.031640625
16 0.5 0.7189453125 0.9513888888888888 0.045703125
8 0.5 0.712890625 0.9513888888888888 0.16875
7 0.5 0.8138671875 0.9513888888888888 0.033203125
7 0.08611111111111111 0.8533203125 0.12361111111111112 0.045703125
6 0.190625 0.8544921875 0.08541666666666667 0.048046875
16 0.5 0.8544921875 0.9513888888888888 0.048046875
8 0.5 0.8658203125 0.9513888888888888 0.137109375
8 0.5 0.55625 1.0 0.75625
5 0.5 0.4671875 1.0 0.934375
7 0.0 0.25859375 0.0 0.040625
8 0.0 0.1681640625 0.0 0.221484375
16 0.0 0.326953125 0.0 0.09296875
16 0.0 0.421484375 0.0 0.09296875
16 0.0 0.516015625 0.0 0.09296875
16 0.0 0.610546875 0.0 0.09296875
16 0.0 0.705078125 0.0 0.09296875
16 0.0 0.799609375 0.0 0.09296875
10 0.0 0.4958984375 0.0 0.876953125
