501 0.0 0.0328125 0.0 0.0
502 0.5 0.48359375 1.0 0.9015625
6 0.08541666666666667 0.8111328125 0.14583333333333334 0.030078125
222 0.9756944444444444 0.112109375 0.0 0.0
8 0.9756944444444444 0.4658203125 0.0 0.707421875
223 0.07291666666666667 0.139453125 0.09722222222222222 0.0546875
503 0.934375 0.1298828125 0.11180555555555556 0.062890625
19 0.8784722222222222 0.0984375 0.0 0.0
504 0.934375 0.1982421875 0.11180555555555556 0.062890625
505 0.8395833333333333 0.7552734375 0.24305555555555555 0.068359375
16 0.5 0.7552734375 1.0 0.068359375
71 0.5 0.9029296875 0.15833333333333333 0.041015625
71 0.42083333333333334 0.882421875 0.0 0.0
507 0.06076388888888889 0.06015625 0.12152777777777778 0.0546875
507 0.9503472222222222 0.0599609375 0.06041666666666667 0.033984375
508 0.5 0.065625 1.0 0.065625
6 0.5 0.065625 0.09722222222222222 0.065625
509 0.5 0.8837890625 1.0 0.101171875
19 0.0 0.833203125 0.0 0.0
38 0.9295138888888889 0.901171875 0.06319444444444444 0.01796875
43 0.8034722222222223 0.9017578125 0.16944444444444445 0.019140625
507 0.06076388888888889 0.860546875 0.12152777777777778 0.0546875
43 0.40069444444444446 0.8708984375 0.5972222222222222 0.031640625
102 0.12395833333333334 0.9017578125 0.1701388888888889 0.019140625
43 0.23541666666666666 0.90234375 0.03333333333333333 0.0203125
43 0.1684027777777778 0.9509765625 0.08958333333333333 0.033203125
43 0.3885416666666667 0.9509765625 0.09930555555555555 0.033203125
4 0.5 0.93984375 0.002777777777777778 0.0109375
43 0.6114583333333333 0.9509765625 0.08958333333333333 0.033203125
16 0.6114583333333333 0.93984375 0.22013888888888888 0.0109375
43 0.8315972222222222 0.9509765625 0.08958333333333333 0.033203125
16 0.8315972222222222 0.93984375 0.22013888888888888 0.0109375
506 0.5 0.934375 1.0 0.0
7 0.30451388888888886 0.8603515625 0.3659722222222222 0.031640625
38 0.03229166666666667 0.934375 0.025694444444444443 0.0
38 0.9659722222222222 0.934375 0.04861111111111111 0.0
507 0.7836805555555556 0.8181640625 0.11180555555555556 0.062890625
507 0.9052083333333333 0.8181640625 0.11180555555555556 0.062890625
717 0.41805555555555557 0.08203125 0.09722222222222222 0.0546875
43 0.20416666666666666 0.0763671875 0.33055555555555555 0.042578125
8 0.24305555555555555 0.0765625 0.4861111111111111 0.0875
43 0.24305555555555555 0.138671875 0.4861111111111111 0.03671875
43 0.24305555555555555 0.18359375 0.4861111111111111 0.053125
43 0.24305555555555555 0.2470703125 0.4861111111111111 0.075390625
4 0.2625 0.284375 0.44722222222222224 0.0015625
43 0.375 0.3216796875 0.18333333333333332 0.022265625
43 0.16111111111111112 0.3216796875 0.24444444444444444 0.031640625
8 0.24305555555555555 0.3216796875 0.4861111111111111 0.075390625
4 0.2625 0.358984375 0.44722222222222224 0.0015625
43 0.24305555555555555 0.393359375 0.4861111111111111 0.06953125
4 0.2625 0.427734375 0.44722222222222224 0.0015625
43 0.24305555555555555 0.462109375 0.4861111111111111 0.06953125
4 0.2625 0.496484375 0.44722222222222224 0.0015625
43 0.24305555555555555 0.530859375 0.4861111111111111 0.06953125
4 0.2625 0.565234375 0.44722222222222224 0.0015625
43 0.24305555555555555 0.599609375 0.4861111111111111 0.06953125
4 0.2625 0.633984375 0.44722222222222224 0.0015625
50 0.24305555555555555 0.67578125 0.4861111111111111 0.08203125
16 0.24305555555555555 0.3748046875 0.4861111111111111 0.683984375
509 0.24305555555555555 0.48359375 0.4861111111111111 0.9015625
4 0.5 0.9671875 1.0 0.065625
4 0.5 0.01640625 1.0 0.0328125
5 0.5 0.5 1.0 1.0
