1840 0.0 0.0328125 0.0 0.0
1841 0.17291666666666666 0.07109375 0.2972222222222222 0.0765625
8 0.5 0.07109375 1.0 0.0765625
1841 0.9416666666666667 0.07109375 0.11666666666666667 0.0765625
1841 0.825 0.07109375 0.11666666666666667 0.0765625
6 0.12152777777777778 0.882421875 0.24305555555555555 0.10390625
1840 0.6215277777777778 0.8583984375 0.7180555555555556 0.033203125
1840 0.6215277777777778 0.8990234375 0.7180555555555556 0.048046875
16 0.5 0.882421875 1.0 0.10390625
717 0.1701388888888889 0.206640625 0.25277777777777777 0.1421875
1840 0.13402777777777777 0.3125 0.07222222222222222 0.04765625
1840 0.20833333333333334 0.3197265625 0.06666666666666667 0.022265625
1840 0.1701388888888889 0.3451171875 0.2916666666666667 0.027734375
16 0.1701388888888889 0.241796875 0.2916666666666667 0.234375
1840 0.5583333333333333 0.153125 0.44583333333333336 0.02578125
1840 0.86875 0.1533203125 0.175 0.033203125
16 0.6458333333333334 0.1533203125 0.6597222222222222 0.057421875
1840 0.6333333333333333 0.212109375 0.5958333333333333 0.02578125
1840 0.94375 0.2123046875 0.025 0.033203125
16 0.6458333333333334 0.2123046875 0.6597222222222222 0.057421875
4 0.6458333333333334 0.241796875 0.6208333333333333 0.0015625
1840 0.5895833333333333 0.27109375 0.5083333333333333 0.02578125
1840 0.9 0.2712890625 0.1125 0.033203125
16 0.6458333333333334 0.2712890625 0.6597222222222222 0.057421875
4 0.6458333333333334 0.30078125 0.6208333333333333 0.0015625
1840 0.5895833333333333 0.330078125 0.5083333333333333 0.02578125
1840 0.9 0.3302734375 0.1125 0.033203125
16 0.6458333333333334 0.3302734375 0.6597222222222222 0.057421875
16 0.6458333333333334 0.241796875 0.6597222222222222 0.234375
41 0.5 0.241796875 0.9611111111111111 0.24296875
1841 0.1701388888888889 0.4130859375 0.0875 0.049609375
1840 0.16979166666666667 0.45078125 0.2548611111111111 0.02578125
16 0.1701388888888889 0.4259765625 0.2916666666666667 0.105859375
717 0.39861111111111114 0.42578125 0.12638888888888888 0.07109375
1841 0.9392361111111112 0.42578125 0.04375 0.025
1840 0.6944444444444444 0.438671875 0.4263888888888889 0.02578125
8 0.6458333333333334 0.4259765625 0.6597222222222222 0.105859375
41 0.5 0.4259765625 0.9611111111111111 0.114453125
1840 0.019444444444444445 0.36875 0.0 0.0
1841 0.1701388888888889 0.5330078125 0.0875 0.049609375
1840 0.1701388888888889 0.570703125 0.20277777777777778 0.02578125
16 0.1701388888888889 0.5458984375 0.2916666666666667 0.105859375
1841 0.9392361111111112 0.545703125 0.04375 0.025
1842 0.6215277777777778 0.56015625 0.5722222222222222 0.02578125
8 0.6458333333333334 0.5458984375 0.6597222222222222 0.105859375
41 0.5 0.5458984375 0.9611111111111111 0.114453125
1840 0.019444444444444445 0.488671875 0.0 0.0
1841 0.1701388888888889 0.6529296875 0.0875 0.049609375
1840 0.16979166666666667 0.690625 0.12708333333333333 0.02578125
16 0.1701388888888889 0.6658203125 0.2916666666666667 0.105859375
1840 0.39861111111111114 0.665625 0.12638888888888888 0.07109375
1841 0.9392361111111112 0.665625 0.04375 0.025
1840 0.6944444444444444 0.6658203125 0.4263888888888889 0.105859375
8 0.6458333333333334 0.6658203125 0.6597222222222222 0.105859375
41 0.5 0.6658203125 0.9611111111111111 0.114453125
1840 0.019444444444444445 0.60859375 0.0 0.0
7 0.5 0.7728515625 0.9222222222222223 0.022265625
7 0.5 0.7951171875 0.9222222222222223 0.022265625
16 0.5 0.7701171875 0.9611111111111111 0.083203125
16 0.5 0.466015625 1.0 0.71328125
4 0.5 0.1107421875 1.0 0.002734375
5 0.5 0.5 1.0 1.0
4 0.5 0.01640625 1.0 0.0328125
4 0.5 0.9671875 1.0 0.065625
