36 0.0 0.0328125 0.0 0.0
1843 0.9996527777777777 0.4255859375 0.0006944444444444445 0.000390625
1844 0.5 0.267578125 1.0 0.31640625
4 0.5 0.267578125 0.0 0.0
38 0.4996527777777778 0.25234375 0.49375 0.121875
43 0.4996527777777778 0.30859375 0.22291666666666668 0.02734375
1845 0.6173611111111111 0.30859375 0.0125 0.02734375
1846 0.0 0.109375 0.0 0.0
43 0.5 0.341015625 0.0 0.0234375
1847 1.0 0.109375 0.0 0.0
7 0.5104166666666666 0.412890625 0.9791666666666666 0.02578125
43 0.5 0.4859375 0.9513888888888888 0.08984375
43 0.14340277777777777 0.5521484375 0.23819444444444443 0.042578125
38 0.0 0.42578125 0.0 0.0
1848 0.5 0.5064453125 1.0 0.161328125
16 0.5 0.3482421875 1.0 0.477734375
43 0.5 0.62265625 1.0 0.065625
1849 0.1701388888888889 0.723828125 0.2916666666666667 0.0984375
43 0.43333333333333335 0.680859375 0.16111111111111112 0.02265625
43 0.5666666666666667 0.680859375 0.05 0.02265625
16 0.6642361111111111 0.680859375 0.6229166666666667 0.02265625
43 0.6642361111111111 0.7220703125 0.6229166666666667 0.059765625
38 0.3697916666666667 0.7634765625 0.034027777777777775 0.019140625
16 0.6642361111111111 0.763671875 0.6229166666666667 0.0234375
8 0.5 0.723828125 1.0 0.13671875
1849 0.1701388888888889 0.862109375 0.2916666666666667 0.0984375
43 0.42986111111111114 0.819140625 0.15416666666666667 0.02265625
43 0.5600694444444444 0.819140625 0.050694444444444445 0.02265625
16 0.6642361111111111 0.819140625 0.6229166666666667 0.02265625
43 0.6642361111111111 0.8603515625 0.6229166666666667 0.059765625
38 0.3697916666666667 0.9017578125 0.034027777777777775 0.019140625
16 0.6642361111111111 0.940234375 0.6229166666666667 0.01171875
8 0.5 0.862109375 1.0 0.13671875
1849 0.1701388888888889 0.9427734375 0.2916666666666667 0.016796875
43 0.42986111111111114 0.940234375 0.15416666666666667 0.01171875
43 0.5597222222222222 0.940234375 0.05 0.01171875
43 0.6642361111111111 0.9515625 0.6229166666666667 0.034375
8 0.5 0.933203125 1.0 0.00234375
1850 0.5 0.762109375 1.0 0.34453125
38 0.5 0.7619140625 0.45 0.068359375
0 0.0 0.58984375 0.0 0.0
42 0.5 0.48359375 1.0 0.9015625
52 0.06805555555555555 0.07109375 0.1361111111111111 0.0765625
1849 0.78125 0.07109375 0.16527777777777777 0.02734375
38 0.1361111111111111 0.049609375 0.0 0.0
43 0.4149305555555556 0.07109375 0.5576388888888889 0.04296875
8 0.5 0.07109375 0.7277777777777777 0.04296875
1288 0.9319444444444445 0.07109375 0.1361111111111111 0.0765625
38 0.8638888888888889 0.0328125 0.0 0.0
46 0.5 0.07109375 1.0 0.0765625
5 0.5 0.5 1.0 1.0
4 0.5 0.01640625 1.0 0.0328125
