0 0.0 0.0 0.0 0.0
7 0.5 0.068359375 1.0 0.07109375
114 0.9173611111111111 0.065625 0.12638888888888888 0.04375
7 0.09826388888888889 0.13203125 0.15763888888888888 0.02578125
205 0.13576388888888888 0.183984375 0.2326388888888889 0.0671875
205 0.378125 0.183984375 0.2326388888888889 0.0671875
205 0.6208333333333333 0.183984375 0.23333333333333334 0.0671875
205 0.8638888888888889 0.183984375 0.23333333333333334 0.0671875
273 0.5 0.183984375 1.0 0.0671875
114 0.5 0.26953125 0.9611111111111111 0.065625
5 0.5 0.4671875 1.0 0.934375
