36 0.0 0.0328125 0.0 0.0
217 0.0 0.150390625 0.0 0.08203125
217 0.0 0.2421875 0.0 0.08203125
217 0.0 0.333984375 0.0 0.08203125
217 0.0 0.42578125 0.0 0.08203125
217 0.0 0.517578125 0.0 0.08203125
217 0.0 0.609375 0.0 0.08203125
16 0.0 0.38125 0.0 0.54375
8 0.0 0.480859375 0.0 0.74296875
38 0.0 0.1859375 0.0 0.0
38 0.5118055555555555 0.2201171875 0.24305555555555555 0.068359375
16 0.5 0.2201171875 1.0 0.068359375
1852 0.5 0.2671875 1.0 0.02578125
1853 0.5 0.350390625 0.24305555555555555 0.11328125
16 0.5 0.350390625 1.0 0.11328125
8 0.5 0.2931640625 1.0 0.367578125
4 0.5 0.47734375 1.0 0.00078125
38 0.0 0.5578125 0.0 0.0
38 0.5118055555555555 0.5919921875 0.24305555555555555 0.068359375
16 0.5 0.5919921875 1.0 0.068359375
1852 0.5 0.6390625 1.0 0.02578125
1853 0.4930555555555556 0.722265625 0.24305555555555555 0.11328125
16 0.5 0.722265625 1.0 0.11328125
8 0.5 0.6685546875 1.0 0.367578125
88 0.5 0.480859375 1.0 0.74296875
16 1.0 0.2943359375 0.0 0.369921875
16 1.0 0.5083984375 0.0 0.052734375
16 1.0 0.5611328125 0.0 0.052734375
16 1.0 0.6138671875 0.0 0.052734375
16 1.0 0.6666015625 0.0 0.052734375
16 1.0 0.71953125 0.0 0.053125
16 1.0 0.77265625 0.0 0.053125
16 1.0 0.6671875 0.0 0.3703125
16 1.0 0.480859375 0.0 0.74296875
334 0.5 0.9 1.0 0.06875
42 0.5 0.48359375 1.0 0.9015625
7 0.165625 0.0708984375 0.2534722222222222 0.036328125
22 0.9319444444444445 0.07109375 0.1361111111111111 0.065625
46 0.5 0.07109375 1.0 0.0765625
5 0.5 0.5 1.0 1.0
4 0.5 0.9671875 1.0 0.065625
4 0.5 0.01640625 1.0 0.0328125
