16 0.0 0.0 0.0 0.0
5 0.5 0.4671875 1.0 0.934375
16 0.5 0.1171875 1.0 0.234375
4 0.25 0.3857421875 0.5 0.163671875
4 0.75 0.3857421875 0.5 0.163671875
16 0.5 0.3857421875 1.0 0.163671875
4 0.25 0.5494140625 0.5 0.163671875
4 0.75 0.5494140625 0.5 0.163671875
16 0.5 0.5494140625 1.0 0.163671875
4 0.5 0.7828125 1.0 0.303125
117 0.5 0.0369140625 1.0 0.068359375
6 0.0625 0.107421875 0.125 0.0671875
6 0.1875 0.107421875 0.125 0.0671875
6 0.3125 0.107421875 0.125 0.0671875
6 0.4375 0.107421875 0.125 0.0671875
6 0.5625 0.107421875 0.125 0.0671875
6 0.6875 0.107421875 0.125 0.0671875
6 0.8125 0.107421875 0.125 0.0671875
6 0.9375 0.107421875 0.125 0.0671875
16 0.5 0.107421875 1.0 0.0671875
4 0.4170138888888889 0.1876953125 0.8340277777777778 0.093359375
6 0.9170138888888889 0.1876953125 0.16597222222222222 0.093359375
16 0.5 0.1876953125 1.0 0.093359375
4 0.08333333333333333 0.1015625 0.16666666666666666 0.203125
6 0.08333333333333333 0.25 0.16666666666666666 0.09375
6 0.08333333333333333 0.34375 0.16666666666666666 0.09375
6 0.08333333333333333 0.4375 0.16666666666666666 0.09375
6 0.08333333333333333 0.53125 0.16666666666666666 0.09375
6 0.08333333333333333 0.625 0.16666666666666666 0.09375
6 0.08333333333333333 0.71875 0.16666666666666666 0.09375
6 0.08333333333333333 0.8125 0.16666666666666666 0.09375
6 0.08333333333333333 0.896875 0.16666666666666666 0.075
6 0.08333333333333333 0.94375 0.16666666666666666 0.01875
16 0.08333333333333333 0.56875 0.16666666666666666 0.73125
16 0.08333333333333333 0.4671875 0.16666666666666666 0.934375
4 0.5003472222222223 0.4671875 0.6673611111111111 0.934375
4 0.9170138888888889 0.1583984375 0.16597222222222222 0.316796875
6 0.9170138888888889 0.3609375 0.16597222222222222 0.08828125
6 0.9170138888888889 0.44921875 0.16597222222222222 0.08828125
6 0.9170138888888889 0.5375 0.16597222222222222 0.08828125
6 0.9170138888888889 0.62578125 0.16597222222222222 0.08828125
6 0.9170138888888889 0.7140625 0.16597222222222222 0.08828125
6 0.9170138888888889 0.80234375 0.16597222222222222 0.08828125
6 0.9170138888888889 0.8904296875 0.16597222222222222 0.087890625
16 0.9170138888888889 0.4671875 0.16597222222222222 0.934375
