36 0.0 0.0328125 0.0 0.0
43 0.10868055555555556 0.1697265625 0.13958333333333334 0.022265625
1854 0.5 0.21328125 0.9222222222222223 0.05390625
16 0.5 0.1966796875 1.0 0.098046875
43 0.09826388888888889 0.3060546875 0.11875 0.022265625
1854 0.5 0.349609375 0.9222222222222223 0.05390625
16 0.5 0.3330078125 1.0 0.098046875
43 0.25 0.4423828125 0.4222222222222222 0.022265625
1855 0.25 0.48671875 0.4222222222222222 0.06640625
43 0.75 0.4423828125 0.4222222222222222 0.022265625
43 0.7003472222222222 0.48359375 0.27152777777777776 0.0296875
116 0.75 0.48671875 0.4222222222222222 0.06640625
16 0.5 0.4728515625 1.0 0.105078125
42 0.5 0.48359375 1.0 0.9015625
7 0.27118055555555554 0.0708984375 0.25069444444444444 0.036328125
52 0.06805555555555555 0.07109375 0.1361111111111111 0.0765625
22 0.9385416666666667 0.07109375 0.12291666666666666 0.065625
46 0.5 0.07109375 1.0 0.0765625
5 0.5 0.5 1.0 1.0
4 0.5 0.9671875 1.0 0.065625
4 0.5 0.01640625 1.0 0.0328125
