0 0.0 0.0 0.0 0.0
7 0.4996527777777778 0.5392578125 0.3645833333333333 0.041015625
6 0.5 0.5611328125 0.4861111111111111 0.002734375
7 0.4996527777777778 0.5830078125 0.3645833333333333 0.041015625
6 0.5 0.6048828125 0.4861111111111111 0.002734375
7 0.4996527777777778 0.6267578125 0.3645833333333333 0.041015625
6 0.5 0.6486328125 0.4861111111111111 0.002734375
7 0.4996527777777778 0.6705078125 0.3645833333333333 0.041015625
6 0.5 0.6923828125 0.4861111111111111 0.002734375
7 0.4996527777777778 0.7142578125 0.3645833333333333 0.041015625
16 0.5 0.6267578125 1.0 0.341796875
114 0.4996527777777778 0.9001953125 0.21875 0.068359375
16 0.5 0.9001953125 1.0 0.068359375
5 0.5 0.4671875 1.0 0.934375
