17 0.0 0.0328125 0.0 0.0
38 0.06076388888888889 0.07109375 0.07291666666666667 0.03359375
43 0.49375 0.07109375 0.7444444444444445 0.0765625
38 0.9329861111111111 0.07109375 0.08541666666666667 0.0390625
16 0.5 0.07109375 1.0 0.0765625
43 0.5184027777777778 0.1330078125 0.9631944444444445 0.047265625
38 0.5 0.30703125 0.7777777777777778 0.2734375
43 0.4996527777777778 0.4845703125 0.08819444444444445 0.033203125
16 0.5 0.484765625 0.3888888888888889 0.0546875
43 0.4996527777777778 0.5529296875 0.13958333333333334 0.033203125
16 0.5 0.553125 0.3888888888888889 0.0546875
43 0.0 0.1703125 0.0 0.0
16 0.5 0.375390625 1.0 0.41015625
34 0.5 0.48359375 1.0 0.9015625
112 0.0 0.866015625 0.0 0.0
8 0.5 0.9001953125 1.0 0.068359375
5 0.5 0.5 1.0 1.0
4 0.5 0.9671875 1.0 0.065625
4 0.5 0.01640625 1.0 0.0328125
