0 0.0 0.0 0.0 0.0
6 0.08263888888888889 0.073828125 0.11666666666666667 0.065625
7 0.5180555555555556 0.073828125 0.7055555555555556 0.02109375
6 0.9291666666666667 0.073828125 0.11666666666666667 0.065625
8 0.5 0.073828125 1.0 0.08203125
6 0.09722222222222222 0.16953125 0.14583333333333334 0.08203125
7 0.5145833333333333 0.16953125 0.6638888888888889 0.02421875
6 0.9048611111111111 0.16953125 0.11666666666666667 0.065625
8 0.5729166666666666 0.16953125 0.8055555555555556 0.08203125
8 0.5 0.1763671875 0.9513888888888888 0.095703125
4 0.5 0.2173828125 0.9513888888888888 0.013671875
6 0.09722222222222222 0.26484375 0.14583333333333334 0.08203125
7 0.5145833333333333 0.26484375 0.6638888888888889 0.02421875
6 0.9048611111111111 0.26484375 0.11666666666666667 0.065625
8 0.5729166666666666 0.26484375 0.8055555555555556 0.08203125
8 0.5 0.2716796875 0.9513888888888888 0.095703125
4 0.5 0.3126953125 0.9513888888888888 0.013671875
6 0.09722222222222222 0.36015625 0.14583333333333334 0.08203125
7 0.5145833333333333 0.36015625 0.6638888888888889 0.02421875
6 0.9048611111111111 0.36015625 0.11666666666666667 0.065625
8 0.5729166666666666 0.36015625 0.8055555555555556 0.08203125
8 0.5 0.3669921875 0.9513888888888888 0.095703125
4 0.5 0.4080078125 0.9513888888888888 0.013671875
6 0.09722222222222222 0.45546875 0.14583333333333334 0.08203125
7 0.5145833333333333 0.45546875 0.6638888888888889 0.02421875
6 0.9048611111111111 0.45546875 0.11666666666666667 0.065625
8 0.5729166666666666 0.45546875 0.8055555555555556 0.08203125
8 0.5 0.4623046875 0.9513888888888888 0.095703125
4 0.5 0.5033203125 0.9513888888888888 0.013671875
6 0.09722222222222222 0.55078125 0.14583333333333334 0.08203125
7 0.5145833333333333 0.55078125 0.6638888888888889 0.02421875
6 0.9048611111111111 0.55078125 0.11666666666666667 0.065625
8 0.5729166666666666 0.55078125 0.8055555555555556 0.08203125
8 0.5 0.5576171875 0.9513888888888888 0.095703125
4 0.5 0.5986328125 0.9513888888888888 0.013671875
6 0.09722222222222222 0.64609375 0.14583333333333334 0.08203125
7 0.5145833333333333 0.64609375 0.6638888888888889 0.02421875
6 0.9048611111111111 0.64609375 0.11666666666666667 0.065625
8 0.5729166666666666 0.64609375 0.8055555555555556 0.08203125
8 0.5 0.6529296875 0.9513888888888888 0.095703125
8 0.5 0.7162109375 0.9513888888888888 0.031640625
6 0.09722222222222222 0.7162109375 0.14583333333333334 0.031640625
7 0.5145833333333333 0.7306640625 0.6638888888888889 0.002734375
6 0.9048611111111111 0.7203125 0.11666666666666667 0.0234375
8 0.5729166666666666 0.7162109375 0.8055555555555556 0.031640625
4 0.5 0.7572265625 0.9513888888888888 0.050390625
10 0.5 0.4234375 1.0 0.6171875
6 0.9173611111111111 0.76484375 0.11666666666666667 0.065625
51 0.4354166666666667 0.76484375 0.6972222222222222 0.021875
7 0.8277777777777777 0.76484375 0.0625 0.02109375
7 0.05555555555555555 0.76484375 0.0625 0.02109375
8 0.5 0.76484375 1.0 0.065625
6 0.175 0.8318359375 0.325 0.054296875
6 0.5 0.8318359375 0.325 0.054296875
6 0.825 0.8318359375 0.325 0.054296875
16 0.5 0.866015625 1.0 0.13671875
4 0.0 0.866015625 0.0 0.0
112 0.5 0.9001953125 1.0 0.068359375
5 0.5 0.4671875 1.0 0.934375
