0 0.0 0.0 0.0 0.0
7 0.4996527777777778 0.024609375 0.5090277777777777 0.04765625
52 0.95625 0.024609375 0.0875 0.04921875
8 0.5 0.024609375 1.0 0.04921875
6 0.2013888888888889 0.13515625 0.20416666666666666 0.11484375
7 0.6020833333333333 0.1375 0.5972222222222222 0.0296875
6 0.36909722222222224 0.1796875 0.04375 0.02890625
6 0.4565972222222222 0.1796875 0.04375 0.02890625
6 0.5003472222222223 0.1796875 0.04375 0.02890625
1856 0.4128472222222222 0.1810546875 0.21875 0.031640625
7 0.8024305555555555 0.171484375 0.19652777777777777 0.0421875
8 0.5 0.13515625 0.85 0.1234375
6 0.2013888888888889 0.3015625 0.20416666666666666 0.11484375
7 0.6020833333333333 0.30390625 0.5972222222222222 0.0296875
6 0.36909722222222224 0.34609375 0.04375 0.02890625
6 0.4565972222222222 0.34609375 0.04375 0.02890625
6 0.5003472222222223 0.34609375 0.04375 0.02890625
1856 0.4128472222222222 0.3474609375 0.21875 0.031640625
7 0.8024305555555555 0.337890625 0.19652777777777777 0.0421875
8 0.5 0.3015625 0.85 0.1234375
6 0.2013888888888889 0.46796875 0.20416666666666666 0.11484375
7 0.6020833333333333 0.4703125 0.5972222222222222 0.0296875
6 0.36909722222222224 0.5125 0.04375 0.02890625
6 0.4565972222222222 0.5125 0.04375 0.02890625
6 0.5003472222222223 0.5125 0.04375 0.02890625
1856 0.4128472222222222 0.5138671875 0.21875 0.031640625
7 0.8024305555555555 0.504296875 0.19652777777777777 0.0421875
8 0.5 0.46796875 0.85 0.1234375
6 0.2013888888888889 0.634375 0.20416666666666666 0.11484375
7 0.6020833333333333 0.63671875 0.5972222222222222 0.0296875
6 0.36909722222222224 0.67890625 0.04375 0.02890625
6 0.4565972222222222 0.67890625 0.04375 0.02890625
6 0.5003472222222223 0.67890625 0.04375 0.02890625
1856 0.4128472222222222 0.6802734375 0.21875 0.031640625
7 0.8024305555555555 0.670703125 0.19652777777777777 0.0421875
8 0.5 0.634375 0.85 0.1234375
6 0.2013888888888889 0.80078125 0.20416666666666666 0.11484375
7 0.6020833333333333 0.803125 0.5972222222222222 0.0296875
6 0.36909722222222224 0.8453125 0.04375 0.02890625
6 0.4565972222222222 0.8453125 0.04375 0.02890625
6 0.5003472222222223 0.8453125 0.04375 0.02890625
1856 0.4128472222222222 0.8466796875 0.21875 0.031640625
7 0.8024305555555555 0.837109375 0.19652777777777777 0.0421875
8 0.5 0.80078125 0.85 0.1234375
6 0.2013888888888889 0.9015625 0.20416666666666666 0.01640625
7 0.6020833333333333 0.9240234375 0.5972222222222222 0.061328125
6 0.36909722222222224 0.9453125 0.04375 0.10390625
6 0.4565972222222222 0.9453125 0.04375 0.10390625
6 0.5003472222222223 0.9453125 0.04375 0.10390625
1856 0.4128472222222222 0.9453125 0.21875 0.10390625
7 0.8024305555555555 0.937890625 0.19652777777777777 0.0890625
8 0.5 0.8994140625 0.85 0.012109375
1857 0.5 0.47265625 1.0 0.84140625
7 0.38472222222222224 0.9138671875 0.24444444444444444 0.041015625
6 0.621875 0.9138671875 0.2298611111111111 0.016796875
16 0.5 0.9138671875 1.0 0.041015625
5 0.5 0.4671875 1.0 0.934375
966 0.06701388888888889 0.9029296875 0.13402777777777777 0.062890625
