17 0.0 0.0328125 0.0 0.0
43 0.2465277777777778 0.0708984375 0.14305555555555555 0.036328125
44 0.06805555555555555 0.07109375 0.1361111111111111 0.0765625
45 1.0 0.07109375 0.0 0.0765625
118 0.5 0.07109375 1.0 0.0765625
1858 0.5 0.1796875 0.1527777777777778 0.0859375
43 0.18229166666666666 0.2630859375 0.3645833333333333 0.033203125
43 0.3940972222222222 0.2630859375 0.010416666666666666 0.033203125
43 0.5666666666666667 0.26328125 0.2861111111111111 0.05390625
38 0.4236111111111111 0.236328125 0.0 0.0
16 0.7118055555555556 0.26328125 0.5763888888888888 0.05390625
1859 0.5 0.26328125 1.0 0.05390625
38 0.0 0.13671875 0.0 0.0
43 0.18229166666666666 0.3169921875 0.3645833333333333 0.033203125
43 0.3940972222222222 0.3169921875 0.010416666666666666 0.033203125
43 0.4954861111111111 0.3171875 0.14375 0.05390625
38 0.4236111111111111 0.290234375 0.0 0.0
16 0.7118055555555556 0.3171875 0.5763888888888888 0.05390625
1859 0.5 0.3171875 1.0 0.05390625
43 0.18229166666666666 0.3708984375 0.3645833333333333 0.033203125
43 0.3940972222222222 0.3708984375 0.010416666666666666 0.033203125
43 0.6100694444444444 0.37109375 0.3729166666666667 0.05390625
38 0.4236111111111111 0.344140625 0.0 0.0
16 0.7118055555555556 0.37109375 0.5763888888888888 0.05390625
1859 0.5 0.37109375 1.0 0.05390625
43 0.18229166666666666 0.4248046875 0.3645833333333333 0.033203125
43 0.3940972222222222 0.4248046875 0.010416666666666666 0.033203125
43 0.4829861111111111 0.425 0.11875 0.05390625
38 0.4236111111111111 0.398046875 0.0 0.0
16 0.7118055555555556 0.425 0.5763888888888888 0.05390625
1859 0.5 0.425 1.0 0.05390625
16 0.5 0.2943359375 1.0 0.315234375
146 0.5 0.4693359375 1.0 0.665234375
43 0.5 0.828515625 0.2111111111111111 0.02578125
71 0.5 0.887890625 0.9513888888888888 0.065625
34 0.5 0.48359375 1.0 0.9015625
4 0.5 0.9671875 1.0 0.065625
4 0.5 0.01640625 1.0 0.0328125
5 0.5 0.5 1.0 1.0
