120 0.0 0.0 0.0 0.0
43 0.25 0.0380859375 0.14027777777777778 0.027734375
50 0.25 0.03828125 0.5 0.0765625
43 0.7496527777777777 0.0380859375 0.09652777777777778 0.027734375
50 0.75 0.03828125 0.5 0.0765625
18 0.5 0.0765625 1.0 0.0
45 1.0 0.03828125 0.0 0.0765625
217 0.4965277777777778 0.0724609375 0.9194444444444444 0.008203125
43 0.5 0.18046875 0.9222222222222223 0.2078125
194 0.5 0.0765625 0.09722222222222222 0.0
1860 0.10208333333333333 0.090234375 0.09722222222222222 0.02734375
43 0.5194444444444445 0.094140625 0.6597222222222222 0.02578125
224 0.9173611111111111 0.084765625 0.058333333333333334 0.01640625
16 0.5 0.0998046875 0.9708333333333333 0.046484375
1861 0.140625 0.166796875 0.17430555555555555 0.0875
1861 0.31979166666666664 0.166796875 0.17430555555555555 0.0875
1861 0.49930555555555556 0.166796875 0.175 0.0875
1861 0.6791666666666667 0.166796875 0.175 0.0875
1861 0.8590277777777777 0.166796875 0.175 0.0875
1862 0.5 0.166796875 0.8930555555555556 0.0875
43 0.014583333333333334 0.123046875 0.0 0.0
16 0.5 0.1544921875 0.9708333333333333 0.155859375
1860 0.10208333333333333 0.28984375 0.09722222222222222 0.0546875
43 0.5194444444444445 0.307421875 0.6597222222222222 0.02578125
224 0.9173611111111111 0.28984375 0.058333333333333334 0.0328125
16 0.5 0.28984375 0.9708333333333333 0.09296875
1861 0.140625 0.380078125 0.17430555555555555 0.0875
1861 0.31979166666666664 0.380078125 0.17430555555555555 0.0875
1861 0.49930555555555556 0.380078125 0.175 0.0875
1861 0.6791666666666667 0.380078125 0.175 0.0875
1861 0.8590277777777777 0.380078125 0.175 0.0875
1862 0.5 0.380078125 0.8930555555555556 0.0875
43 0.014583333333333334 0.336328125 0.0 0.0
16 0.5 0.34453125 0.9708333333333333 0.20234375
1860 0.10208333333333333 0.503125 0.09722222222222222 0.0546875
43 0.5194444444444445 0.520703125 0.6597222222222222 0.02578125
224 0.9173611111111111 0.503125 0.058333333333333334 0.0328125
16 0.5 0.503125 0.9708333333333333 0.09296875
1861 0.140625 0.593359375 0.17430555555555555 0.0875
1861 0.31979166666666664 0.593359375 0.17430555555555555 0.0875
1861 0.49930555555555556 0.593359375 0.175 0.0875
1861 0.6791666666666667 0.593359375 0.175 0.0875
1861 0.8590277777777777 0.593359375 0.175 0.0875
1862 0.5 0.593359375 0.8930555555555556 0.0875
43 0.014583333333333334 0.549609375 0.0 0.0
16 0.5 0.5578125 0.9708333333333333 0.20234375
1860 0.10208333333333333 0.71640625 0.09722222222222222 0.0546875
43 0.5194444444444445 0.733984375 0.6597222222222222 0.02578125
224 0.9173611111111111 0.71640625 0.058333333333333334 0.0328125
16 0.5 0.71640625 0.9708333333333333 0.09296875
1861 0.140625 0.806640625 0.17430555555555555 0.0875
1861 0.31979166666666664 0.806640625 0.17430555555555555 0.0875
1861 0.49930555555555556 0.806640625 0.175 0.0875
1861 0.6791666666666667 0.806640625 0.175 0.0875
1861 0.8590277777777777 0.806640625 0.175 0.0875
1862 0.5 0.806640625 0.8930555555555556 0.0875
43 0.014583333333333334 0.762890625 0.0 0.0
16 0.5 0.77109375 0.9708333333333333 0.20234375
1860 0.10208333333333333 0.918359375 0.09722222222222222 0.03203125
43 0.5194444444444445 0.934375 0.6597222222222222 0.0
224 0.9173611111111111 0.923828125 0.058333333333333334 0.02109375
1862 0.5 0.9552734375 0.8930555555555556 0.041796875
1861 0.140625 0.9552734375 0.17430555555555555 0.041796875
1861 0.31979166666666664 0.9552734375 0.17430555555555555 0.041796875
1861 0.49930555555555556 0.9552734375 0.175 0.041796875
1861 0.6791666666666667 0.9552734375 0.175 0.041796875
1861 0.8590277777777777 0.9552734375 0.175 0.041796875
43 0.014583333333333334 0.9552734375 0.0 0.041796875
16 0.5 0.9552734375 0.9708333333333333 0.041796875
50 0.5 0.9060546875 1.0 0.056640625
446 0.5 0.4671875 1.0 0.934375
71 0.0 0.0765625 0.0 0.0
4 0.5 0.9671875 1.0 0.065625
5 0.5 0.5 1.0 1.0
