17 0.0 0.0 0.0 0.0
38 0.21388888888888888 0.03828125 0.07777777777777778 0.04375
116 0.27395833333333336 0.03828125 0.19791666666666666 0.065625
38 0.4388888888888889 0.03828125 0.13194444444444445 0.04375
43 0.7027777777777777 0.03828125 0.3958333333333333 0.0765625
38 0.9503472222222222 0.03828125 0.09930555555555555 0.04375
16 0.5875 0.03828125 0.825 0.0765625
44 0.06805555555555555 0.03828125 0.1361111111111111 0.0765625
45 1.0 0.03828125 0.0 0.0765625
80 0.5 0.03828125 1.0 0.0765625
38 0.25 0.291015625 0.5 0.42890625
38 0.75 0.291015625 0.5 0.42890625
16 0.5 0.291015625 1.0 0.42890625
38 0.25 0.719921875 0.5 0.42890625
38 0.75 0.719921875 0.5 0.42890625
16 0.5 0.719921875 1.0 0.42890625
34 0.5 0.4671875 1.0 0.934375
38 1.0 0.291015625 0.0 0.42890625
38 1.0 0.719921875 0.0 0.42890625
16 1.0 0.50546875 0.0 0.8578125
38 0.25 0.15859375 0.23333333333333334 0.13125
1863 0.25 0.25625 0.4375 0.0640625
16 0.25 0.194140625 0.5 0.23515625
38 0.10208333333333333 0.355078125 0.14583333333333334 0.065625
1863 0.3375 0.355078125 0.325 0.04765625
1864 0.25 0.355078125 0.5 0.0875
38 0.10208333333333333 0.4421875 0.14583333333333334 0.065625
1863 0.3375 0.4421875 0.325 0.04765625
1864 0.25 0.4421875 0.5 0.0875
38 0.10208333333333333 0.529296875 0.14583333333333334 0.065625
1863 0.3375 0.529296875 0.325 0.04765625
1864 0.25 0.529296875 0.5 0.0875
38 0.10208333333333333 0.61640625 0.14583333333333334 0.065625
1863 0.3375 0.61640625 0.325 0.04765625
1864 0.25 0.61640625 0.5 0.0875
38 0.10208333333333333 0.703515625 0.14583333333333334 0.065625
1863 0.3375 0.703515625 0.325 0.04765625
1864 0.25 0.703515625 0.5 0.0875
38 0.10208333333333333 0.790625 0.14583333333333334 0.065625
1863 0.3375 0.790625 0.325 0.04765625
1864 0.25 0.790625 0.5 0.0875
38 0.10208333333333333 0.877734375 0.14583333333333334 0.065625
1863 0.3375 0.877734375 0.325 0.04765625
1864 0.25 0.877734375 0.5 0.0875
38 0.10208333333333333 0.933203125 0.14583333333333334 0.00234375
1863 0.3375 0.9376953125 0.325 0.006640625
1864 0.25 0.927734375 0.5 0.01328125
10 0.25 0.50546875 0.5 0.8578125
4 0.5 0.9671875 1.0 0.065625
5 0.5 0.5 1.0 1.0
