7 0.0 0.0328125 0.0 0.0
16 0.5 0.65546875 1.0 0.0765625
16 0.0 0.6171875 0.0 0.0
6 0.0875 0.73203125 0.058333333333333334 0.0328125
16 0.26666666666666666 0.7318359375 0.3 0.033203125
16 0.5 0.73203125 1.0 0.0765625
6 0.0875 0.80859375 0.058333333333333334 0.0328125
16 0.3125 0.8083984375 0.39166666666666666 0.033203125
16 0.5 0.80859375 1.0 0.0765625
114 0.6618055555555555 0.890625 0.2388888888888889 0.065625
114 0.8760416666666667 0.890625 0.18958333333333333 0.065625
16 0.5 0.890625 1.0 0.0875
5 0.5 0.48359375 1.0 0.9015625
