17 0.0 0.0328125 0.0 0.0
7 0.171875 0.0708984375 0.2659722222222222 0.036328125
1288 0.8152777777777778 0.07109375 0.1361111111111111 0.0765625
38 0.7472222222222222 0.0328125 0.0 0.0
22 0.9416666666666667 0.07109375 0.11666666666666667 0.065625
45 0.8736111111111111 0.07109375 0.25277777777777777 0.0765625
80 0.5 0.07109375 1.0 0.0765625
7 0.21805555555555556 0.1423828125 0.4361111111111111 0.066015625
7 0.5163194444444444 0.1423828125 0.16041666666666668 0.066015625
7 0.6961805555555556 0.1423828125 0.19930555555555557 0.066015625
1865 0.5 0.1423828125 1.0 0.066015625
87 0.5 0.9001953125 0.7777777777777778 0.068359375
16 0.5 0.9001953125 1.0 0.068359375
50 0.0 0.520703125 0.0 0.690625
38 0.5 0.2283203125 0.9902777777777778 0.105859375
509 0.5 0.4392578125 1.0 0.527734375
71 0.5 0.8015625 1.0 0.065625
71 0.5 0.7359375 1.0 0.065625
88 0.5 0.520703125 1.0 0.690625
34 0.5 0.48359375 1.0 0.9015625
4 0.5 0.9671875 1.0 0.065625
4 0.5 0.01640625 1.0 0.0328125
5 0.5 0.5 1.0 1.0
