17 0.0 0.0328125 0.0 0.0
43 0.5875 0.0708984375 0.825 0.036328125
43 0.175 0.0708984375 0.0 0.033203125
44 0.06805555555555555 0.07109375 0.1361111111111111 0.0765625
45 1.0 0.07109375 0.0 0.0765625
80 0.5 0.07109375 1.0 0.0765625
43 0.5 0.1578125 1.0 0.096875
43 0.49409722222222224 0.2625 0.9145833333333333 0.02578125
38 0.9319444444444445 0.24765625 0.03888888888888889 0.00546875
16 0.5 0.24765625 1.0 0.0828125
43 0.07673611111111112 0.315625 0.0798611111111111 0.02578125
43 0.10416666666666667 0.343359375 0.13472222222222222 0.0296875
38 0.9319444444444445 0.33046875 0.03888888888888889 0.00546875
8 0.49409722222222224 0.33046875 0.9145833333333333 0.05546875
43 0.10173611111111111 0.426171875 0.12986111111111112 0.0296875
38 0.9319444444444445 0.41328125 0.03888888888888889 0.00546875
8 0.49409722222222224 0.41328125 0.9145833333333333 0.05546875
38 0.0 0.20625 0.0 0.0
43 0.1 0.48125 0.12638888888888888 0.02578125
43 0.058333333333333334 0.508984375 0.043055555555555555 0.0296875
38 0.9319444444444445 0.49609375 0.03888888888888889 0.00546875
8 0.49409722222222224 0.49609375 0.9145833333333333 0.05546875
43 0.10277777777777777 0.5640625 0.13194444444444445 0.02578125
43 0.18020833333333333 0.591796875 0.28680555555555554 0.0296875
38 0.9319444444444445 0.57890625 0.03888888888888889 0.00546875
8 0.49409722222222224 0.57890625 0.9145833333333333 0.05546875
43 0.09965277777777778 0.674609375 0.12569444444444444 0.0296875
38 0.9319444444444445 0.66171875 0.03888888888888889 0.00546875
8 0.49409722222222224 0.66171875 0.9145833333333333 0.05546875
16 0.5 0.4546875 1.0 0.496875
146 0.5 0.529296875 1.0 0.64609375
71 0.5 0.893359375 0.9513888888888888 0.0546875
34 0.5 0.48359375 1.0 0.9015625
4 0.5 0.9671875 1.0 0.065625
4 0.5 0.01640625 1.0 0.0328125
5 0.5 0.5 1.0 1.0
