0 0.0 0.0 0.0 0.0
7 0.5 0.0599609375 0.2 0.040234375
8 0.5 0.06015625 1.0 0.0546875
16 0.5 0.1111328125 1.0 0.047265625
16 0.0 0.135546875 0.0 0.0
7 0.2791666666666667 0.1662109375 0.4847222222222222 0.040234375
7 0.21805555555555556 0.19921875 0.3625 0.02578125
8 0.49895833333333334 0.1791015625 0.9243055555555556 0.066015625
16 0.5 0.2474609375 1.0 0.047265625
6 0.0 0.271875 0.0 0.0
7 0.23819444444444443 0.3025390625 0.4027777777777778 0.040234375
7 0.21145833333333333 0.335546875 0.34930555555555554 0.02578125
8 0.4527777777777778 0.3154296875 0.8319444444444445 0.066015625
16 0.9295138888888889 0.315625 0.09236111111111112 0.0875
16 0.5 0.315625 1.0 0.0875
16 0.0 0.36015625 0.0 0.0
7 0.2791666666666667 0.3908203125 0.4847222222222222 0.040234375
7 0.21805555555555556 0.423828125 0.3625 0.02578125
8 0.49895833333333334 0.4037109375 0.9243055555555556 0.066015625
16 0.5 0.4720703125 1.0 0.047265625
16 0.0 0.496484375 0.0 0.0
7 0.2791666666666667 0.5271484375 0.4847222222222222 0.040234375
7 0.21805555555555556 0.56015625 0.3625 0.02578125
8 0.49895833333333334 0.5400390625 0.9243055555555556 0.066015625
10 0.5 0.4728515625 1.0 0.770703125
205 0.1 0.8962890625 0.2 0.076171875
205 0.3 0.8962890625 0.2 0.076171875
205 0.5 0.8962890625 0.2 0.076171875
205 0.7 0.8962890625 0.2 0.076171875
205 0.9 0.8962890625 0.2 0.076171875
16 0.5 0.8962890625 1.0 0.076171875
5 0.5 0.4671875 1.0 0.934375
