38 0.0 0.0328125 0.0 0.0
43 0.26145833333333335 0.0708984375 0.17291666666666666 0.036328125
44 0.06805555555555555 0.07109375 0.1361111111111111 0.0765625
45 1.0 0.07109375 0.0 0.0765625
80 0.5 0.07109375 1.0 0.0765625
43 0.10034722222222223 0.1421875 0.12291666666666666 0.065625
4 0.5 0.17421875 0.9222222222222223 0.0015625
8 0.5 0.1421875 1.0 0.065625
38 0.06805555555555555 0.2078125 0.058333333333333334 0.0328125
43 0.5486111111111112 0.2076171875 0.825 0.033203125
43 0.1361111111111111 0.175 0.0 0.0
8 0.5 0.2078125 1.0 0.065625
38 0.06805555555555555 0.2734375 0.058333333333333334 0.0328125
43 0.5486111111111112 0.2732421875 0.825 0.033203125
43 0.1361111111111111 0.240625 0.0 0.0
8 0.5 0.2734375 1.0 0.065625
43 0.12118055555555556 0.3390625 0.16458333333333333 0.065625
4 0.5 0.37109375 0.9222222222222223 0.0015625
8 0.5 0.3390625 1.0 0.065625
38 0.06805555555555555 0.4046875 0.058333333333333334 0.0328125
43 0.5486111111111112 0.4044921875 0.825 0.033203125
43 0.1361111111111111 0.371875 0.0 0.0
8 0.5 0.4046875 1.0 0.065625
139 0.5 0.48359375 1.0 0.9015625
5 0.5 0.5 1.0 1.0
4 0.5 0.9671875 1.0 0.065625
4 0.5 0.01640625 1.0 0.0328125
