17 0.0 0.0328125 0.0 0.0
34 0.5 0.48359375 1.0 0.9015625
7 0.2263888888888889 0.07109375 0.16111111111111112 0.03984375
52 0.06805555555555555 0.07109375 0.1361111111111111 0.0765625
45 1.0 0.07109375 0.0 0.0765625
80 0.5 0.07109375 1.0 0.0765625
43 0.5 0.1240234375 0.9222222222222223 0.029296875
257 0.5 0.1986328125 0.9222222222222223 0.119921875
38 0.08263888888888889 0.332421875 0.0875 0.04921875
144 0.5621527777777777 0.332421875 0.7979166666666667 0.065625
38 0.08263888888888889 0.41171875 0.0875 0.04921875
144 0.5038194444444445 0.41171875 0.68125 0.065625
1868 0.9027777777777778 0.41171875 0.11666666666666667 0.065625
342 0.5 0.41171875 0.9222222222222223 0.065625
341 0.5 0.3720703125 0.9222222222222223 0.144921875
43 0.821875 0.47734375 0.27847222222222223 0.065625
71 0.5 0.563671875 0.21666666666666667 0.065625
43 0.5 0.630078125 0.06666666666666667 0.02578125
43 0.4996527777777778 0.696484375 0.26319444444444445 0.065625
16 0.5 0.4193359375 0.9222222222222223 0.619921875
43 0.0 0.109375 0.0 0.0
4 0.5 0.9671875 1.0 0.065625
4 0.5 0.01640625 1.0 0.0328125
5 0.5 0.5 1.0 1.0
