17 0.0 0.0328125 0.0 0.0
38 1.0 0.48359375 0.0 0.9015625
34 0.5 0.48359375 1.0 0.9015625
38 0.5 0.139453125 0.18472222222222223 0.10390625
43 0.5 0.2505859375 0.8541666666666666 0.063671875
43 0.5 0.3833984375 0.8541666666666666 0.147265625
38 0.0 0.48359375 0.0 0.9015625
71 0.13125 0.893359375 0.21388888888888888 0.065625
71 0.0 0.85234375 0.0 0.0
71 0.86875 0.893359375 0.21388888888888888 0.065625
8 0.5 0.893359375 1.0 0.08203125
334 0.5 0.831640625 1.0 0.0140625
4 0.5 0.9671875 1.0 0.065625
4 0.5 0.01640625 1.0 0.0328125
5 0.5 0.5 1.0 1.0
