224 0.20833333333333334 0.1361328125 0.14583333333333334 0.061328125
224 0.3541666666666667 0.1361328125 0.14583333333333334 0.061328125
224 0.5 0.1361328125 0.14583333333333334 0.061328125
224 0.6458333333333334 0.1361328125 0.14583333333333334 0.061328125
224 0.7916666666666666 0.1361328125 0.14583333333333334 0.061328125
16 0.5 0.1361328125 0.7541666666666667 0.075390625
8 0.5 0.51640625 1.0 0.8359375
57 0.0 0.0328125 0.0 0.0
54 0.06875 0.065625 0.09722222222222222 0.065625
16 0.21770833333333334 0.0654296875 0.20069444444444445 0.033203125
7 0.11736111111111111 0.048828125 0.0 0.0
16 0.16909722222222223 0.065625 0.29791666666666666 0.065625
143 0.9319444444444445 0.065625 0.1361111111111111 0.065625
56 0.5 0.065625 1.0 0.065625
56 0.0 0.0 0.0 0.0
53 0.5 0.4671875 1.0 0.934375
