17 0.0 0.0 0.0 0.0
43 0.5190972222222222 0.076953125 0.7354166666666667 0.0546875
44 0.06805555555555555 0.07109375 0.1361111111111111 0.0765625
22 0.9319444444444445 0.07109375 0.1361111111111111 0.065625
1550 0.5 0.0724609375 1.0 0.079296875
10 0.5 0.109765625 0.9597222222222223 0.0
144 0.02013888888888889 0.049609375 0.0 0.0
38 0.08819444444444445 0.076953125 0.058333333333333334 0.0328125
43 0.5486111111111112 0.1455078125 0.9027777777777778 0.066796875
6 0.06805555555555555 0.1455078125 0.058333333333333334 0.066796875
43 0.5486111111111112 0.212890625 0.9027777777777778 0.06796875
6 0.06805555555555555 0.212890625 0.058333333333333334 0.06796875
43 0.5486111111111112 0.280859375 0.9027777777777778 0.06796875
6 0.06805555555555555 0.280859375 0.058333333333333334 0.06796875
43 0.5486111111111112 0.348828125 0.9027777777777778 0.06796875
6 0.06805555555555555 0.348828125 0.058333333333333334 0.06796875
43 0.5486111111111112 0.416796875 0.9027777777777778 0.06796875
6 0.06805555555555555 0.416796875 0.058333333333333334 0.06796875
43 0.5486111111111112 0.484765625 0.9027777777777778 0.06796875
6 0.06805555555555555 0.484765625 0.058333333333333334 0.06796875
43 0.5486111111111112 0.552734375 0.9027777777777778 0.06796875
6 0.06805555555555555 0.552734375 0.058333333333333334 0.06796875
43 0.5486111111111112 0.620703125 0.9027777777777778 0.06796875
6 0.06805555555555555 0.620703125 0.058333333333333334 0.06796875
43 0.5486111111111112 0.688671875 0.9027777777777778 0.06796875
6 0.06805555555555555 0.688671875 0.058333333333333334 0.06796875
43 0.5486111111111112 0.756640625 0.9027777777777778 0.06796875
6 0.06805555555555555 0.756640625 0.058333333333333334 0.06796875
43 0.5486111111111112 0.824609375 0.9027777777777778 0.06796875
6 0.06805555555555555 0.824609375 0.058333333333333334 0.06796875
43 0.5486111111111112 0.896484375 0.9027777777777778 0.07578125
6 0.06805555555555555 0.896484375 0.058333333333333334 0.07578125
106 0.5 0.5232421875 1.0 0.822265625
1869 0.5 0.523046875 0.19444444444444445 0.109375
38 0.0 0.112109375 0.0 0.0
34 0.5 0.4671875 1.0 0.934375
32 0.8930555555555556 0.79765625 0.1361111111111111 0.0765625
38 0.0 0.13125 0.0 0.2625
82 0.0 0.30625 0.0 0.065625
82 0.0 0.371875 0.0 0.065625
82 0.0 0.4375 0.0 0.065625
82 0.0 0.503125 0.0 0.065625
82 0.0 0.56875 0.0 0.065625
82 0.0 0.634375 0.0 0.065625
82 0.0 0.7 0.0 0.065625
82 0.0 0.765625 0.0 0.065625
113 0.0 0.4671875 0.0 0.934375
4 0.5 0.9671875 1.0 0.065625
5 0.5 0.5 1.0 1.0
