38 0.0 0.0328125 0.0 0.0
7 0.26979166666666665 0.0708984375 0.24791666666666667 0.036328125
52 0.06805555555555555 0.07109375 0.1361111111111111 0.0765625
45 1.0 0.07109375 0.0 0.0765625
80 0.5 0.07109375 1.0 0.0765625
43 0.5 0.155078125 0.9027777777777778 0.09140625
38 0.5 0.2921875 0.8055555555555556 0.1828125
43 0.44479166666666664 0.4314453125 0.6951388888888889 0.068359375
43 0.3871527777777778 0.5 0.5798611111111112 0.06875
43 0.32881944444444444 0.56875 0.46319444444444446 0.06875
43 0.39375 0.6375 0.5930555555555556 0.06875
16 0.5 0.5345703125 0.9027777777777778 0.274609375
71 0.20416666666666666 0.718359375 0.21388888888888888 0.065625
71 0.63125 0.718359375 0.5430555555555555 0.065625
16 0.5 0.718359375 0.8055555555555556 0.065625
38 0.8298611111111112 0.833203125 0.14583333333333334 0.1640625
43 0.6673611111111111 0.842578125 0.17916666666666667 0.02578125
8 0.4756944444444444 0.8427734375 0.8541666666666666 0.183203125
34 0.5 0.48359375 1.0 0.9015625
38 0.3402777777777778 0.0697265625 0.6805555555555556 0.073828125
113 0.3402777777777778 0.48359375 0.6805555555555556 0.9015625
38 0.3402777777777778 0.9001953125 0.6611111111111111 0.068359375
4 0.3402777777777778 0.107421875 0.6805555555555556 0.0015625
82 0.3402777777777778 0.151953125 0.6805555555555556 0.065625
50 0.6416666666666667 0.151953125 0.0 0.065625
113 0.3402777777777778 0.1142578125 0.6805555555555556 0.162890625
43 0.3402777777777778 0.239453125 0.6805555555555556 0.065625
82 0.3402777777777778 0.305078125 0.6805555555555556 0.065625
50 0.6416666666666667 0.305078125 0.0 0.065625
82 0.3402777777777778 0.370703125 0.6805555555555556 0.065625
50 0.6416666666666667 0.370703125 0.0 0.065625
82 0.3402777777777778 0.436328125 0.6805555555555556 0.065625
50 0.6416666666666667 0.436328125 0.0 0.065625
113 0.3402777777777778 0.528125 0.6805555555555556 0.66484375
5 0.5 0.5 1.0 1.0
4 0.5 0.9671875 1.0 0.065625
4 0.5 0.01640625 1.0 0.0328125
