114 0.0 0.0328125 0.0 0.0
7 0.5 0.0669921875 0.2986111111111111 0.045703125
114 0.04861111111111111 0.066796875 0.09722222222222222 0.0546875
8 0.5 0.0669921875 1.0 0.068359375
8 0.5 0.4220703125 0.8944444444444445 0.582421875
114 0.5 0.71328125 0.8944444444444445 0.16640625
114 0.5 0.8654296875 0.8944444444444445 0.137890625
7 0.4996527777777778 0.3171875 0.8854166666666666 0.03984375
7 0.5 0.5736328125 0.39166666666666666 0.058203125
114 0.8357638888888889 0.5673828125 0.13402777777777777 0.075390625
114 0.1642361111111111 0.5673828125 0.13402777777777777 0.075390625
1870 0.5 0.5326171875 0.8944444444444445 0.803515625
7 0.4996527777777778 0.178125 0.19236111111111112 0.03984375
5 0.5 0.4671875 1.0 0.934375
