1871 0.0 0.0328125 0.0 0.0
829 0.027777777777777776 0.0673828125 0.020833333333333332 0.021484375
958 0.11875 0.0671875 0.14166666666666666 0.0296875
8 0.9472222222222222 0.0673828125 0.10555555555555556 0.069140625
4 0.89375 0.0673828125 0.001388888888888889 0.069140625
8 0.5 0.0673828125 1.0 0.069140625
829 0.05486111111111111 0.150390625 0.06111111111111111 0.034375
958 0.23229166666666667 0.150390625 0.29375 0.040625
224 0.9451388888888889 0.1505859375 0.06111111111111111 0.020703125
8 0.5 0.1505859375 1.0 0.095703125
958 0.3190972222222222 0.268359375 0.4909722222222222 0.05390625
224 0.8972222222222223 0.2685546875 0.10694444444444444 0.048046875
8 0.5 0.2685546875 0.9263888888888889 0.095703125
4 0.5 0.3171875 0.9263888888888889 0.0015625
8 0.5 0.358203125 0.9263888888888889 0.08046875
8 0.5 0.42734375 0.9263888888888889 0.0546875
958 0.5 0.4271484375 0.2375 0.023828125
958 0.12777777777777777 0.4853515625 0.03611111111111111 0.023828125
20 0.4673611111111111 0.485546875 0.6180555555555556 0.0421875
958 0.8395833333333333 0.4798828125 0.10138888888888889 0.050390625
8 0.5 0.485546875 0.9263888888888889 0.06171875
16 0.5 0.3685546875 1.0 0.337109375
8 0.5 0.5728515625 1.0 0.068359375
958 0.4996527777777778 0.57265625 0.3951388888888889 0.04375
4 0.5 0.6078125 1.0 0.0015625
829 0.04513888888888889 0.65625 0.041666666666666664 0.034375
958 0.2152777777777778 0.65625 0.2986111111111111 0.040625
224 0.9340277777777778 0.6564453125 0.10694444444444444 0.048046875
8 0.5 0.6564453125 1.0 0.095703125
4 0.5 0.705078125 1.0 0.0015625
8 0.0 0.707421875 0.0 0.0
829 0.04513888888888889 0.755078125 0.041666666666666664 0.034375
958 0.26319444444444445 0.755078125 0.38055555555555554 0.040625
224 0.9340277777777778 0.7552734375 0.10694444444444444 0.048046875
8 0.5 0.7552734375 1.0 0.095703125
4 0.5 0.80546875 1.0 0.0015625
8 0.0 0.102734375 0.0 0.0
829 0.05486111111111111 0.85390625 0.06111111111111111 0.034375
958 0.23819444444444443 0.85390625 0.3055555555555556 0.040625
224 0.9340277777777778 0.8541015625 0.10694444444444444 0.048046875
8 0.5 0.8541015625 1.0 0.095703125
8 0.5 0.9189453125 1.0 0.030859375
829 0.058333333333333334 0.9345703125 0.06805555555555555 0.000390625
958 0.21840277777777778 0.9310546875 0.2520833333333333 0.006640625
224 0.9340277777777778 0.930859375 0.10694444444444444 0.00703125
4 0.5 0.966796875 1.0 0.06484375
34 0.5 0.48359375 1.0 0.9015625
5 0.5 0.5 1.0 1.0
4 0.5 0.9671875 1.0 0.065625
4 0.5 0.01640625 1.0 0.0328125
