17 0.0 0.0 0.0 0.0
43 0.2798611111111111 0.0708984375 0.20972222222222223 0.036328125
44 0.06805555555555555 0.07109375 0.1361111111111111 0.0765625
45 1.0 0.07109375 0.0 0.0765625
118 0.5 0.07109375 1.0 0.0765625
71 0.5 0.1640625 0.9222222222222223 0.065625
43 0.5 0.21171875 0.9222222222222223 0.0296875
16 0.5 0.16796875 1.0 0.1171875
43 0.5 0.301953125 0.9222222222222223 0.10703125
71 0.5 0.401953125 0.9222222222222223 0.065625
71 0.5 0.474609375 0.9222222222222223 0.065625
16 0.5 0.5353515625 1.0 0.617578125
82 0.0 0.2625 0.0 0.065625
484 0.5 0.8783203125 0.7777777777777778 0.068359375
8 0.5 0.521875 1.0 0.825
5 0.5 0.5 1.0 1.0
16 0.0 0.11484375 0.0 0.2296875
82 0.0 0.328125 0.0 0.065625
82 0.0 0.39375 0.0 0.065625
50 0.0 0.43828125 0.0 0.0234375
82 0.0 0.4828125 0.0 0.065625
82 0.0 0.5484375 0.0 0.065625
113 0.0 0.4671875 0.0 0.934375
16 0.0 0.9025390625 0.0 0.063671875
4 0.5 0.9671875 1.0 0.065625
