0 0.0 0.0 0.0 0.0
52 0.058333333333333334 0.065625 0.11666666666666667 0.065625
114 0.4996527777777778 0.065625 0.3923611111111111 0.065625
50 0.5 0.065625 0.7666666666666667 0.065625
7 0.8833333333333333 0.0328125 0.0 0.0
50 0.9416666666666667 0.065625 0.11666666666666667 0.065625
1872 0.96875 0.050390625 0.03888888888888889 0.021875
9 0.5 0.1 0.9847222222222223 0.0
32 0.0 0.1 0.0 0.0
50 0.5 0.091796875 0.03888888888888889 0.01640625
1873 0.2545138888888889 0.2185546875 0.46875 0.237109375
16 0.4395833333333333 0.0556640625 0.09861111111111111 0.088671875
6 0.4340277777777778 0.36953125 0.10972222222222222 0.06171875
7 0.078125 0.3865234375 0.09097222222222222 0.022265625
8 0.2545138888888889 0.36953125 0.46875 0.06171875
1873 0.7447916666666666 0.2185546875 0.46875 0.237109375
6 0.9243055555555556 0.36953125 0.10972222222222222 0.06171875
7 0.5763888888888888 0.36953125 0.10694444444444444 0.034375
7 0.5229166666666667 0.338671875 0.0 0.0
8 0.7447916666666666 0.36953125 0.46875 0.06171875
1873 0.2545138888888889 0.5921875 0.46875 0.353125
6 0.02013888888888889 0.415625 0.0 0.0
16 0.4888888888888889 0.415625 0.0 0.0
6 0.4340277777777778 0.801171875 0.10972222222222222 0.06171875
7 0.08645833333333333 0.8181640625 0.1076388888888889 0.022265625
8 0.2545138888888889 0.801171875 0.46875 0.06171875
1873 0.7447916666666666 0.5921875 0.46875 0.353125
16 0.9791666666666666 0.415625 0.0 0.0
6 0.9243055555555556 0.801171875 0.10972222222222222 0.06171875
7 0.5684027777777778 0.8181640625 0.09097222222222222 0.022265625
8 0.7447916666666666 0.801171875 0.46875 0.06171875
1873 0.2545138888888889 0.8908203125 0.46875 0.087109375
6 0.02013888888888889 0.847265625 0.0 0.0
6 0.3902777777777778 0.847265625 0.0 0.0
16 0.4395833333333333 0.8609375 0.09861111111111111 0.02734375
1873 0.7447916666666666 0.8908203125 0.46875 0.087109375
6 0.5104166666666666 0.847265625 0.0 0.0
6 0.8805555555555555 0.847265625 0.0 0.0
16 0.9298611111111111 0.8609375 0.09861111111111111 0.02734375
1874 0.5 0.5171875 0.9847222222222223 0.834375
50 0.5 0.942578125 0.03888888888888889 0.01640625
16 0.007638888888888889 0.934375 0.0 0.0
9 0.5 0.934375 0.9847222222222223 0.0
1875 0.11701388888888889 0.119921875 0.20902777777777778 0.02578125
1876 0.6045138888888889 0.119921875 0.7659722222222223 0.02578125
8 0.5 0.1484375 1.0 0.096875
205 0.14375 0.168359375 0.2875 0.05703125
4 0.28888888888888886 0.168359375 0.002777777777777778 0.05703125
205 0.4340277777777778 0.168359375 0.2875 0.05703125
4 0.5791666666666667 0.168359375 0.002777777777777778 0.05703125
205 0.7243055555555555 0.168359375 0.2875 0.05703125
8 0.9350694444444444 0.168359375 0.1284722222222222 0.05703125
6 0.9347222222222222 0.1669921875 0.03888888888888889 0.025390625
16 0.5 0.168359375 1.0 0.05703125
5 0.5 0.5 1.0 1.0
4 0.5 0.01640625 1.0 0.0328125
