0 0.0 0.0 0.0 0.0
1877 0.5 0.1044921875 0.9027777777777778 0.088671875
1877 0.5 0.1708984375 0.9027777777777778 0.030078125
1878 0.5 0.5779296875 1.0 0.712890625
1879 0.5 0.26484375 0.5972222222222222 0.03203125
1878 0.5006944444444444 0.3890625 0.4027777777777778 0.1328125
1877 0.5003472222222223 0.4802734375 0.4270833333333333 0.022265625
1877 0.42986111111111114 0.5154296875 0.03611111111111111 0.020703125
1879 0.5 0.52421875 0.1763888888888889 0.03828125
1879 0.5003472222222223 0.4125 0.4951388888888889 0.26171875
1877 0.5006944444444444 0.58125 0.19305555555555556 0.02578125
1879 0.5003472222222223 0.57421875 0.4270833333333333 0.06171875
1879 0.5003472222222223 0.584765625 0.4951388888888889 0.0828125
1878 0.7184027777777777 0.3357421875 0.10902777777777778 0.061328125
1879 0.71875 0.3349609375 0.025 0.024609375
1879 0.5 0.4537109375 0.5972222222222222 0.345703125
1878 0.11145833333333334 0.772265625 0.22291666666666668 0.1515625
1879 0.03854166666666667 0.8806640625 0.07708333333333334 0.053515625
1879 0.1125 0.802734375 0.225 0.26328125
1879 0.09618055555555556 0.9208984375 0.19236111111111112 0.026953125
1879 0.11145833333333334 0.9208984375 0.22291666666666668 0.026953125
1878 0.1527777777777778 0.7205078125 0.09861111111111111 0.055078125
1878 0.5003472222222223 0.7662109375 0.4951388888888889 0.168359375
1877 0.43819444444444444 0.8673828125 0.03611111111111111 0.020703125
1879 0.5 0.88671875 0.1597222222222222 0.059375
1879 0.5 0.794140625 0.5 0.28046875
1877 0.5003472222222223 0.9376953125 0.23819444444444443 0.006640625
1879 0.5003472222222223 0.925390625 0.4951388888888889 0.01796875
1878 0.6697916666666667 0.7087890625 0.10902777777777778 0.061328125
1878 0.8888888888888888 0.772265625 0.2222222222222222 0.1515625
1879 0.9642361111111111 0.8806640625 0.07152777777777777 0.053515625
1879 0.8875 0.802734375 0.225 0.26328125
1879 0.9041666666666667 0.9208984375 0.19166666666666668 0.026953125
1879 0.8888888888888888 0.9208984375 0.2222222222222222 0.026953125
1880 0.5 0.78046875 1.0 0.3078125
1881 0.5 0.48359375 1.0 0.9015625
4 0.5 0.9671875 1.0 0.065625
5 0.5 0.5 1.0 1.0
