38 0.0 0.0328125 0.0 0.0
43 0.09965277777777778 0.073828125 0.12152777777777778 0.08203125
38 0.9295138888888889 0.0736328125 0.10208333333333333 0.057421875
43 0.5194444444444445 0.073828125 0.4708333333333333 0.0328125
38 0.03888888888888889 0.0328125 0.0 0.0
791 0.5 0.073828125 1.0 0.08203125
43 0.03888888888888889 0.073828125 0.0 0.0328125
45 1.0 0.073828125 0.0 0.0765625
38 0.0 0.11484375 0.0 0.0
792 0.5 0.2728515625 1.0 0.316015625
38 0.5 0.27265625 0.14027777777777778 0.07890625
43 0.5 0.4875 1.0 0.11015625
43 0.5 0.5677734375 1.0 0.050390625
4 0.5 0.61015625 0.9513888888888888 0.0015625
43 0.024305555555555556 0.624609375 0.0 0.0
43 0.8510416666666667 0.641796875 0.09097222222222222 0.034375
43 0.9409722222222222 0.641796875 0.06944444444444445 0.034375
50 0.5 0.641796875 1.0 0.06171875
201 0.07291666666666667 0.713671875 0.09722222222222222 0.0546875
43 0.13402777777777777 0.71640625 0.0 0.0
16 0.5548611111111111 0.7013671875 0.8416666666666667 0.030078125
16 0.5 0.713671875 1.0 0.08203125
4 0.0 0.67265625 0.0 0.0
16 0.5 0.434765625 1.0 0.63984375
43 0.0 0.7546875 0.0 0.0
43 0.5 0.830078125 1.0 0.15078125
195 0.5 0.9314453125 0.7291666666666666 0.005859375
43 0.834375 0.9169921875 0.06041666666666667 0.023046875
43 0.0 0.90546875 0.0 0.0
8 0.5 0.919921875 1.0 0.02890625
264 0.5 0.524609375 1.0 0.81953125
19 0.5 0.27265625 0.11666666666666667 0.065625
43 0.009722222222222222 0.408984375 0.019444444444444445 0.02890625
654 0.4829861111111111 0.408984375 0.9270833333333334 0.04375
44 0.9829861111111111 0.387890625 0.034027777777777775 0.0015625
19 0.5 0.50625 0.11666666666666667 0.065625
43 0.5 0.5642578125 0.16111111111111112 0.023046875
38 0.5 0.355859375 0.12638888888888888 0.07109375
43 0.5 0.44765625 0.7277777777777777 0.0796875
43 0.5 0.534375 0.7277777777777777 0.05
71 0.35381944444444446 0.6140625 0.2423611111111111 0.065625
71 0.6402777777777777 0.6140625 0.25277777777777777 0.065625
16 0.5 0.6140625 0.7277777777777777 0.065625
16 0.5 0.48359375 0.8055555555555556 0.3703125
34 0.5 0.48359375 1.0 0.9015625
4 0.5 0.9671875 1.0 0.065625
4 0.5 0.01640625 1.0 0.0328125
5 0.5 0.5 1.0 1.0
