17 0.0 0.0328125 0.0 0.0
43 0.3128472222222222 0.07109375 0.33402777777777776 0.03046875
44 0.06805555555555555 0.07109375 0.1361111111111111 0.0765625
22 0.9416666666666667 0.07109375 0.11666666666666667 0.065625
80 0.5 0.07109375 1.0 0.0765625
38 0.5 0.302734375 1.0 0.38671875
4 0.12152777777777778 0.302734375 0.24305555555555555 0.38671875
1882 0.26979166666666665 0.140625 0.4618055555555556 0.0296875
38 0.07534722222222222 0.1759765625 0.07291666666666667 0.041015625
1882 0.26979166666666665 0.262109375 0.4618055555555556 0.13125
4 0.009722222222222222 0.551171875 0.019444444444444445 0.109375
38 0.10347222222222222 0.551171875 0.10972222222222222 0.06171875
1882 0.2815972222222222 0.5509765625 0.14930555555555555 0.026953125
50 0.0 0.496484375 0.0 0.0
38 0.6538194444444444 0.5509765625 0.5951388888888889 0.041015625
8 0.5 0.551171875 1.0 0.109375
4 0.009722222222222222 0.6609375 0.019444444444444445 0.109375
38 0.10347222222222222 0.6609375 0.10972222222222222 0.06171875
1882 0.31805555555555554 0.6607421875 0.2222222222222222 0.026953125
50 0.0 0.60625 0.0 0.0
38 0.6902777777777778 0.6607421875 0.5222222222222223 0.041015625
8 0.5 0.6609375 1.0 0.109375
4 0.009722222222222222 0.770703125 0.019444444444444445 0.109375
38 0.10347222222222222 0.770703125 0.10972222222222222 0.06171875
1882 0.3267361111111111 0.7705078125 0.23958333333333334 0.026953125
50 0.0 0.716015625 0.0 0.0
38 0.6989583333333333 0.7705078125 0.5048611111111111 0.041015625
8 0.5 0.770703125 1.0 0.109375
4 0.009722222222222222 0.880078125 0.019444444444444445 0.10859375
38 0.10347222222222222 0.88046875 0.10972222222222222 0.06171875
1882 0.27118055555555554 0.8802734375 0.1284722222222222 0.026953125
50 0.0 0.82578125 0.0 0.0
38 0.6434027777777778 0.8802734375 0.6159722222222223 0.041015625
8 0.5 0.880078125 1.0 0.10859375
34 0.5 0.48359375 1.0 0.9015625
50 0.5 0.112109375 1.0 0.00546875
5 0.5 0.5 1.0 1.0
4 0.5 0.9671875 1.0 0.065625
4 0.5 0.01640625 1.0 0.0328125
