1883 0.10625 0.07109375 0.13472222222222222 0.03203125
165 0.9416666666666667 0.07109375 0.11666666666666667 0.065625
80 0.5 0.07109375 1.0 0.0765625
1884 0.2545138888888889 0.1412109375 0.07291666666666667 0.028515625
1883 0.2545138888888889 0.167578125 0.22569444444444445 0.01953125
16 0.2548611111111111 0.1521484375 0.5097222222222222 0.050390625
4 0.5114583333333333 0.150390625 0.003472222222222222 0.0453125
1884 0.7565972222222223 0.1412109375 0.07291666666666667 0.028515625
1883 0.75625 0.167578125 0.20277777777777778 0.01953125
16 0.7565972222222223 0.1521484375 0.48680555555555555 0.050390625
16 0.5 0.1521484375 1.0 0.050390625
16 0.5 0.223828125 1.0 0.0375
1883 0.4996527777777778 0.223828125 0.19652777777777777 0.0375
1885 0.5 0.2873046875 1.0 0.062890625
1884 0.1 0.2873046875 0.2 0.062890625
1884 0.3 0.2873046875 0.2 0.062890625
1884 0.5 0.2873046875 0.2 0.062890625
1884 0.7 0.2873046875 0.2 0.062890625
1884 0.9 0.2873046875 0.2 0.062890625
16 1.0 0.354296875 0.0 0.07109375
16 1.0 0.4234375 0.0 0.0671875
16 1.0 0.490625 0.0 0.0671875
16 1.0 0.5578125 0.0 0.0671875
16 1.0 0.625 0.0 0.0671875
106 1.0 0.6072265625 0.0 0.434765625
1886 0.5 0.4392578125 0.7944444444444444 0.031640625
1883 0.15208333333333332 0.4689453125 0.05 0.019140625
1883 0.8395833333333333 0.4689453125 0.06666666666666667 0.019140625
1883 0.4996527777777778 0.3837890625 0.17430555555555555 0.024609375
1887 0.5 0.425 1.0 0.10703125
88 0.5 0.5716796875 1.0 0.505859375
4 0.5 0.3201171875 1.0 0.002734375
1888 0.5 0.8794921875 0.9444444444444444 0.078515625
1889 0.5 0.48359375 1.0 0.9015625
120 0.0 0.0328125 0.0 0.0
4 0.5 0.9671875 1.0 0.065625
4 0.5 0.01640625 1.0 0.0328125
5 0.5 0.5 1.0 1.0
