1883 0.29965277777777777 0.07109375 0.27847222222222223 0.03203125
52 0.06805555555555555 0.07109375 0.1361111111111111 0.0765625
173 0.9513888888888888 0.07109375 0.09722222222222222 0.065625
80 0.5 0.07109375 1.0 0.0765625
1890 0.08819444444444445 0.171875 0.08055555555555556 0.0453125
1883 0.24270833333333333 0.1515625 0.18819444444444444 0.02421875
1891 0.027777777777777776 0.128125 0.0 0.0
1891 0.5503472222222222 0.180859375 0.8034722222222223 0.034375
8 0.5 0.171875 0.9444444444444444 0.0875
8 0.5 0.21640625 0.9444444444444444 0.0015625
1890 0.08819444444444445 0.265625 0.08055555555555556 0.0453125
1883 0.21979166666666666 0.2453125 0.1423611111111111 0.02421875
1891 0.25243055555555555 0.2798828125 0.2076388888888889 0.023828125
1891 0.027777777777777776 0.2171875 0.0 0.0
8 0.26319444444444445 0.2609375 0.4708333333333333 0.0875
1890 0.5618055555555556 0.265625 0.08055555555555556 0.0453125
1883 0.7052083333333333 0.2453125 0.16597222222222222 0.02421875
1891 0.7260416666666667 0.2798828125 0.2076388888888889 0.023828125
1891 0.5013888888888889 0.2171875 0.0 0.0
8 0.7368055555555556 0.2609375 0.4708333333333333 0.0875
16 0.5 0.2609375 0.9444444444444444 0.0875
8 0.5 0.30546875 0.9444444444444444 0.0015625
1890 0.08611111111111111 0.35 0.0763888888888889 0.04296875
1883 0.2152777777777778 0.3296875 0.14166666666666666 0.02421875
1884 0.16180555555555556 0.362109375 0.034722222222222224 0.040625
6 0.46770833333333334 0.3728515625 0.021527777777777778 0.019140625
8 0.26319444444444445 0.35 0.4708333333333333 0.0875
1890 0.5621527777777777 0.3498046875 0.08125 0.045703125
1883 0.6739583333333333 0.3296875 0.11597222222222223 0.02421875
1884 0.6333333333333333 0.362109375 0.034722222222222224 0.040625
6 0.9413194444444445 0.3728515625 0.021527777777777778 0.019140625
8 0.7368055555555556 0.35 0.4708333333333333 0.0875
16 0.5 0.35 0.9444444444444444 0.0875
8 0.5 0.39453125 0.9444444444444444 0.0015625
1890 0.08680555555555555 0.4390625 0.07777777777777778 0.04375
1883 0.3597222222222222 0.4390625 0.42777777777777776 0.02421875
1890 0.934375 0.4388671875 0.035416666666666666 0.019921875
8 0.5 0.4390625 0.9444444444444444 0.0875
1892 0.5 0.30546875 0.9541666666666667 0.36328125
146 0.5 0.469921875 1.0 0.71796875
1888 0.5 0.8794921875 0.9444444444444444 0.078515625
446 0.5 0.48359375 1.0 0.9015625
120 0.0 0.0328125 0.0 0.0
4 0.5 0.9671875 1.0 0.065625
4 0.5 0.01640625 1.0 0.0328125
5 0.5 0.5 1.0 1.0
