120 0.0 0.0328125 0.0 0.0
324 0.5 0.48359375 1.0 0.9015625
117 0.5 0.0669921875 0.7777777777777778 0.068359375
195 0.5 0.0669921875 1.0 0.068359375
325 0.5 0.9048828125 1.0 0.058984375
4 0.5 0.876171875 1.0 0.0015625
6 0.034027777777777775 0.9056640625 0.06805555555555555 0.057421875
43 0.9413194444444445 0.90546875 0.01875 0.03125
220 0.12048611111111111 0.9056640625 0.05625 0.031640625
43 0.21979166666666666 0.90546875 0.11319444444444444 0.03125
43 0.3736111111111111 0.90546875 0.09305555555555556 0.03125
43 0.5336805555555556 0.90546875 0.12569444444444444 0.03125
43 0.6965277777777777 0.90546875 0.10277777777777777 0.03125
43 0.8493055555555555 0.90546875 0.10555555555555556 0.03125
326 0.5 0.9056640625 0.8638888888888889 0.057421875
43 0.059722222222222225 0.8115234375 0.08888888888888889 0.033203125
43 0.225 0.8078125 0.1736111111111111 0.02578125
43 0.35 0.8078125 0.0763888888888889 0.02578125
342 0.26319444444444445 0.83359375 0.25 0.02578125
43 0.225 0.859375 0.1736111111111111 0.02578125
43 0.35 0.859375 0.0763888888888889 0.02578125
342 0.26319444444444445 0.859375 0.25 0.02578125
8 0.1954861111111111 0.821484375 0.3909722222222222 0.1078125
6 0.09444444444444444 0.86015625 0.04861111111111111 0.02734375
6 0.41944444444444445 0.821484375 0.002777777777777778 0.1078125
43 0.5111111111111111 0.7845703125 0.06666666666666667 0.033984375
16 0.5114583333333333 0.821484375 0.18125 0.1078125
43 0.46944444444444444 0.85703125 0.07777777777777778 0.02578125
43 0.5534722222222223 0.85703125 0.07777777777777778 0.02578125
6 0.6024305555555556 0.821484375 0.0006944444444444445 0.0921875
43 0.6934027777777778 0.7845703125 0.08263888888888889 0.033984375
6 0.6930555555555555 0.820703125 0.06805555555555555 0.03828125
16 0.6934027777777778 0.821484375 0.18125 0.1078125
43 0.6513888888888889 0.85703125 0.07777777777777778 0.02578125
43 0.7354166666666667 0.85703125 0.07777777777777778 0.02578125
6 0.784375 0.821484375 0.0006944444444444445 0.0921875
43 0.8753472222222223 0.7845703125 0.07013888888888889 0.033984375
16 0.8753472222222223 0.821484375 0.18125 0.1078125
43 0.8333333333333334 0.85703125 0.07777777777777778 0.02578125
43 0.9173611111111111 0.85703125 0.07777777777777778 0.02578125
16 0.9833333333333333 0.821484375 0.03333333333333333 0.1078125
43 0.9881944444444445 0.85703125 0.02361111111111111 0.02578125
16 0.696875 0.821484375 0.60625 0.1078125
213 0.5 0.821484375 1.0 0.1078125
78 0.5 0.458984375 1.0 0.6171875
6 0.08541666666666667 0.6466796875 0.14583333333333334 0.030078125
558 0.0 0.150390625 0.0 0.0
43 0.9680555555555556 0.17734375 0.0 0.02578125
8 0.9756944444444444 0.4095703125 0.0 0.491015625
4 0.07291666666666667 0.19140625 0.09722222222222222 0.0546875
16 0.5 0.693359375 1.0 0.04921875
52 0.05486111111111111 0.7435546875 0.10972222222222222 0.048046875
224 0.2621527777777778 0.7435546875 0.06458333333333334 0.041015625
224 0.3871527777777778 0.7435546875 0.10069444444444445 0.041015625
16 0.2833333333333333 0.7435546875 0.3472222222222222 0.048046875
224 0.4996527777777778 0.7435546875 0.08541666666666667 0.048046875
225 0.0 0.71953125 0.0 0.0
43 0.7163194444444444 0.743359375 0.34791666666666665 0.02578125
52 0.9451388888888889 0.7435546875 0.10972222222222222 0.048046875
224 0.035416666666666666 0.693359375 0.07083333333333333 0.04921875
6 0.5354166666666667 0.693359375 0.9291666666666667 0.04921875
8 0.5 0.512890625 1.0 0.725
6 0.12152777777777778 0.1251953125 0.24305555555555555 0.048046875
43 0.5725694444444445 0.1251953125 0.41597222222222224 0.048046875
327 0.5725694444444445 0.1251953125 0.6590277777777778 0.048046875
220 0.9701388888888889 0.11796875 0.04861111111111111 0.02734375
43 0.9020833333333333 0.101171875 0.0 0.0
16 0.5 0.12578125 1.0 0.04921875
7 0.5625 0.101171875 0.0 0.0
16 0.78125 0.1259765625 0.4375 0.049609375
43 0.7666666666666667 0.1765625 0.3597222222222222 0.03125
43 0.7666666666666667 0.228125 0.3597222222222222 0.03125
43 0.9680555555555556 0.22890625 0.0 0.02578125
43 0.7666666666666667 0.2796875 0.3597222222222222 0.03125
43 0.9680555555555556 0.28046875 0.0 0.02578125
43 0.7666666666666667 0.33125 0.3597222222222222 0.03125
43 0.9680555555555556 0.33203125 0.0 0.02578125
43 0.7666666666666667 0.3828125 0.3597222222222222 0.03125
43 0.9680555555555556 0.38359375 0.0 0.02578125
43 0.7666666666666667 0.434375 0.3597222222222222 0.03125
43 0.9680555555555556 0.43515625 0.0 0.02578125
43 0.7666666666666667 0.4859375 0.3597222222222222 0.03125
43 0.9680555555555556 0.48671875 0.0 0.02578125
16 0.78125 0.5177734375 0.4375 0.833203125
4 0.5 0.01640625 1.0 0.0328125
5 0.5 0.5 1.0 1.0
