1893 0.0 0.0328125 0.0 0.0
44 0.06805555555555555 0.07109375 0.1361111111111111 0.0765625
22 0.7979166666666667 0.07109375 0.11666666666666667 0.065625
1894 0.928125 0.07109375 0.14375 0.0765625
43 0.35381944444444446 0.0708984375 0.3576388888888889 0.036328125
80 0.5 0.07109375 1.0 0.0765625
22 0.0 0.07109375 0.0 0.065625
1895 0.5 0.150390625 1.0 0.08203125
4 0.5194444444444445 0.190625 0.9611111111111111 0.0015625
38 0.0 0.171484375 0.0 0.0546875
1895 0.5 0.232421875 1.0 0.08203125
4 0.5194444444444445 0.27265625 0.9611111111111111 0.0015625
38 0.0 0.2734375 0.0 0.0
1895 0.5 0.314453125 1.0 0.08203125
4 0.5194444444444445 0.3546875 0.9611111111111111 0.0015625
38 0.0 0.35546875 0.0 0.0
1895 0.5 0.396484375 1.0 0.08203125
4 0.5194444444444445 0.43671875 0.9611111111111111 0.0015625
38 0.0 0.4375 0.0 0.0
1895 0.5 0.478515625 1.0 0.08203125
4 0.5194444444444445 0.51875 0.9611111111111111 0.0015625
38 0.0 0.51953125 0.0 0.0
1895 0.5 0.560546875 1.0 0.08203125
4 0.5194444444444445 0.60078125 0.9611111111111111 0.0015625
38 0.0 0.6015625 0.0 0.0
1895 0.5 0.642578125 1.0 0.08203125
4 0.5194444444444445 0.6828125 0.9611111111111111 0.0015625
38 0.0 0.68359375 0.0 0.0
1895 0.5 0.724609375 1.0 0.08203125
4 0.5194444444444445 0.76484375 0.9611111111111111 0.0015625
38 0.0 0.765625 0.0 0.0
1895 0.5 0.806640625 1.0 0.08203125
4 0.5194444444444445 0.846875 0.9611111111111111 0.0015625
38 0.0 0.84765625 0.0 0.0
1895 0.5 0.888671875 1.0 0.08203125
8 0.5 0.521875 1.0 0.825
4 0.5 0.9671875 1.0 0.065625
38 0.7618055555555555 0.1416015625 0.03888888888888889 0.017578125
38 0.8347222222222223 0.1416015625 0.029166666666666667 0.017578125
38 0.9052083333333333 0.1416015625 0.034027777777777775 0.017578125
1896 0.8420138888888888 0.1375 0.25763888888888886 0.07265625
1897 0.9565972222222222 0.0630859375 0.04375 0.024609375
1898 0.8565972222222222 0.1033203125 0.28680555555555554 0.141015625
1899 0.5 0.4671875 1.0 0.934375
113 0.0 0.4671875 0.0 0.934375
1900 0.0 0.1064453125 0.0 0.212890625
1901 0.0 0.5736328125 0.0 0.721484375
4 0.5 0.01640625 1.0 0.0328125
5 0.5 0.5 1.0 1.0
