17 0.0 0.0 0.0 0.0
7 0.3559027777777778 0.0708984375 0.6340277777777777 0.036328125
45 0.9513888888888888 0.07109375 0.09722222222222222 0.0765625
118 0.5 0.07109375 1.0 0.0765625
534 0.0 0.109375 0.0 0.0
4 0.5 0.11484375 1.0 0.0109375
8 0.5 0.3078125 1.0 0.375
416 0.5413194444444445 0.472265625 0.9173611111111111 0.04609375
415 0.06076388888888889 0.472265625 0.04375 0.04609375
416 0.4215277777777778 0.5158203125 0.7652777777777777 0.041015625
790 0.8822916666666667 0.5158203125 0.15625 0.041015625
16 0.5 0.5158203125 0.9222222222222223 0.041015625
416 0.5 0.593359375 1.0 0.1140625
30 0.22847222222222222 0.683203125 0.41805555555555557 0.065625
30 0.6538194444444444 0.683203125 0.4326388888888889 0.065625
16 0.5 0.683203125 1.0 0.065625
16 0.5 0.4126953125 1.0 0.606640625
8 0.5 0.8306640625 1.0 0.207421875
534 0.0 0.716015625 0.0 0.0
416 0.5 0.962109375 1.0 0.05546875
106 0.5 0.521875 1.0 0.825
5 0.5 0.5 1.0 1.0
4 0.5 0.9671875 1.0 0.065625
