17 0.0 0.0328125 0.0 0.0
1903 0.0875 0.16953125 0.09722222222222222 0.05546875
16 0.4013888888888889 0.1693359375 0.4527777777777778 0.051953125
1902 0.3458333333333333 0.1841796875 0.3416666666666667 0.022265625
16 0.175 0.143359375 0.0 0.0
8 0.5 0.16953125 1.0 0.1203125
4 0.5 0.23046875 1.0 0.0015625
38 0.0875 0.28359375 0.09722222222222222 0.0546875
1902 0.2267361111111111 0.259765625 0.10347222222222222 0.0296875
16 0.5680555555555555 0.2837890625 0.8638888888888889 0.077734375
16 0.5 0.2837890625 1.0 0.105078125
38 0.0875 0.388671875 0.09722222222222222 0.0546875
1902 0.25243055555555555 0.36484375 0.15486111111111112 0.0296875
16 0.5680555555555555 0.3888671875 0.8638888888888889 0.077734375
16 0.5 0.3888671875 1.0 0.105078125
38 0.0875 0.49375 0.09722222222222222 0.0546875
1902 0.24930555555555556 0.469921875 0.1486111111111111 0.0296875
16 0.5680555555555555 0.4939453125 0.8638888888888889 0.077734375
16 0.5 0.4939453125 1.0 0.105078125
38 0.0 0.109375 0.0 0.0
38 0.5 0.63125 0.14583333333333334 0.08203125
8 0.5 0.63125 1.0 0.16953125
16 0.5 0.4126953125 1.0 0.606640625
34 0.5 0.48359375 1.0 0.9015625
1904 0.5 0.1908203125 1.0 0.316015625
1844 0.7256944444444444 0.8400390625 0.5 0.158203125
4 0.7256944444444444 0.83984375 0.0 0.0
38 0.7253472222222223 0.8126953125 0.1701388888888889 0.091796875
43 0.7253472222222223 0.8783203125 0.35625 0.022265625
1845 0.9034722222222222 0.8783203125 0.0 0.022265625
1905 0.4756944444444444 0.7609375 0.0 0.0
43 0.9381944444444444 0.9267578125 0.075 0.015234375
44 0.9270833333333334 0.891796875 0.09722222222222222 0.0546875
1847 0.7253472222222223 0.8400390625 0.12152777777777778 0.068359375
43 0.53125 0.8916015625 0.07222222222222222 0.018359375
43 0.8229166666666666 0.8916015625 0.07222222222222222 0.018359375
1906 0.6770833333333334 0.891796875 0.21944444444444444 0.04375
1847 0.7256944444444444 0.891796875 0.5 0.0546875
1907 0.4756944444444444 0.864453125 0.0 0.0
1902 0.2222222222222222 0.07109375 0.17222222222222222 0.03359375
52 0.06805555555555555 0.07109375 0.1361111111111111 0.0765625
173 0.9513888888888888 0.07109375 0.09722222222222222 0.065625
16 0.5 0.073828125 1.0 0.08203125
4 0.5 0.112109375 1.0 0.00546875
8 0.0 0.08203125 0.0 0.0984375
8 0.0 0.196875 0.0 0.065625
8 0.0 0.2296875 0.0 0.065625
4 0.0 0.28515625 0.0 0.0015625
16 0.0 0.13671875 0.0 0.2078125
8 0.0 0.340625 0.0 0.065625
8 0.0 0.40625 0.0 0.065625
8 0.0 0.471875 0.0 0.065625
8 0.0 0.5375 0.0 0.065625
8 0.0 0.603125 0.0 0.065625
4 0.0 0.65859375 0.0 0.0015625
8 0.0 0.703125 0.0 0.065625
8 0.0 0.76875 0.0 0.065625
8 0.0 0.834375 0.0 0.065625
16 0.0 0.45 0.0 0.834375
16 0.5 0.2119140625 1.0 0.205078125
4 0.5 0.9671875 1.0 0.065625
4 0.5 0.01640625 1.0 0.0328125
5 0.5 0.5 1.0 1.0
