38 0.0 0.0 0.0 0.0
18 0.5 0.0546875 1.0 0.109375
52 0.06805555555555555 0.07109375 0.1361111111111111 0.0765625
4 0.5 0.07109375 0.7277777777777777 0.0765625
22 0.9319444444444445 0.07109375 0.1361111111111111 0.065625
41 0.5 0.0607421875 0.9416666666666667 0.097265625
717 0.140625 0.1248046875 0.1701388888888889 0.030859375
38 0.8958333333333334 0.087890625 0.058333333333333334 0.04296875
43 0.5211805555555555 0.102734375 0.5520833333333334 0.01328125
43 0.5850694444444444 0.1234375 0.6798611111111111 0.028125
16 0.5 0.1630859375 0.9277777777777778 0.107421875
71 0.8246527777777778 0.183984375 0.27847222222222223 0.065625
613 0.03611111111111111 0.071484375 0.0 0.07578125
41 0.5 0.165625 0.9416666666666667 0.1125
43 0.5 0.287109375 0.9277777777777778 0.0875
4 0.5 0.331640625 0.9277777777777778 0.0015625
43 0.5 0.4896484375 0.9277777777777778 0.314453125
43 0.14444444444444443 0.681640625 0.1388888888888889 0.02578125
43 0.29131944444444446 0.681640625 0.15486111111111112 0.02578125
16 0.5 0.681640625 0.9277777777777778 0.06953125
41 0.5 0.4798828125 0.9416666666666667 0.483203125
43 0.5 0.751953125 0.9416666666666667 0.028125
717 0.18611111111111112 0.79140625 0.24305555555555555 0.05078125
43 0.18611111111111112 0.859765625 0.24305555555555555 0.1875
717 0.5 0.79140625 0.24305555555555555 0.05078125
43 0.5 0.859765625 0.24305555555555555 0.1875
717 0.8138888888888889 0.79140625 0.24305555555555555 0.05078125
43 0.8138888888888889 0.859765625 0.24305555555555555 0.1875
16 0.5 0.79140625 0.9416666666666667 0.05078125
31 0.5 0.4376953125 1.0 0.656640625
111 0.5 0.3830078125 1.0 0.766015625
112 0.5 0.8181640625 1.0 0.095703125
8 0.0 0.9001953125 0.0 0.068359375
5 0.5 0.5 1.0 1.0
4 0.5 0.9671875 1.0 0.065625
