38 0.0 0.0 0.0 0.0
18 0.5 0.0546875 1.0 0.109375
52 0.06805555555555555 0.07109375 0.1361111111111111 0.0765625
4 0.5 0.07109375 0.7277777777777777 0.0765625
22 0.9319444444444445 0.07109375 0.1361111111111111 0.065625
16 0.5 0.0876953125 0.9277777777777778 0.043359375
71 0.8246527777777778 0.0876953125 0.27847222222222223 0.043359375
41 0.5 0.090234375 0.9416666666666667 0.03828125
43 0.5 0.1447265625 0.9277777777777778 0.070703125
43 0.5 0.35 0.9277777777777778 0.33671875
43 0.14444444444444443 0.553125 0.1388888888888889 0.02578125
43 0.3385416666666667 0.553125 0.24930555555555556 0.02578125
16 0.5 0.553125 0.9277777777777778 0.06953125
41 0.5 0.351171875 0.9416666666666667 0.48359375
43 0.5 0.648828125 0.9416666666666667 0.07890625
717 0.18611111111111112 0.756640625 0.24305555555555555 0.13671875
43 0.18611111111111112 0.843359375 0.24305555555555555 0.03671875
717 0.5 0.756640625 0.24305555555555555 0.13671875
43 0.5 0.843359375 0.24305555555555555 0.03671875
717 0.8138888888888889 0.756640625 0.24305555555555555 0.13671875
43 0.8138888888888889 0.843359375 0.24305555555555555 0.03671875
16 0.5 0.775 0.9416666666666667 0.1734375
16 0.5 0.735546875 0.9416666666666667 0.25234375
31 0.5 0.485546875 1.0 0.75234375
34 0.5 0.4671875 1.0 0.934375
8 0.5 0.9001953125 1.0 0.068359375
4 0.5 0.9671875 1.0 0.065625
5 0.5 0.5 1.0 1.0
