17 0.0 0.0 0.0 0.0
43 0.28541666666666665 0.0708984375 0.22083333333333333 0.040234375
44 0.06805555555555555 0.07109375 0.1361111111111111 0.0765625
45 1.0 0.07109375 0.0 0.0765625
118 0.5 0.07109375 1.0 0.0765625
111 0.5 0.253515625 0.9611111111111111 0.28828125
111 0.06701388888888889 0.068359375 0.09513888888888888 0.08203125
111 0.5 0.6265625 0.9611111111111111 0.4359375
111 0.06701388888888889 0.44140625 0.09513888888888888 0.065625
43 0.05625 0.4412109375 0.016666666666666666 0.022265625
111 0.5 0.859375 0.9611111111111111 0.0078125
111 0.06701388888888889 0.859375 0.09513888888888888 0.0078125
106 0.5 0.486328125 1.0 0.75390625
117 0.5 0.9001953125 1.0 0.068359375
5 0.5 0.5 1.0 1.0
43 0.3402777777777778 0.065625 0.5180555555555556 0.04375
16 0.3402777777777778 0.07109375 0.6805555555555556 0.1421875
82 0.3402777777777778 0.175 0.6805555555555556 0.065625
0 0.0 0.1421875 0.0 0.0
82 0.3402777777777778 0.240625 0.6805555555555556 0.065625
0 0.0 0.2078125 0.0 0.0
82 0.3402777777777778 0.30625 0.6805555555555556 0.065625
0 0.0 0.2734375 0.0 0.0
82 0.3402777777777778 0.371875 0.6805555555555556 0.065625
0 0.0 0.3390625 0.0 0.0
82 0.3402777777777778 0.4375 0.6805555555555556 0.065625
0 0.0 0.4046875 0.0 0.0
82 0.3402777777777778 0.503125 0.6805555555555556 0.065625
0 0.0 0.4703125 0.0 0.0
82 0.3402777777777778 0.56875 0.6805555555555556 0.065625
0 0.0 0.5359375 0.0 0.0
82 0.3402777777777778 0.634375 0.6805555555555556 0.065625
0 0.0 0.6015625 0.0 0.0
113 0.3402777777777778 0.4671875 0.6805555555555556 0.934375
4 0.5 0.9671875 1.0 0.065625
4 0.5 0.01640625 1.0 0.0328125
