38 0.0 0.0328125 0.0 0.0
16 0.004861111111111111 0.48359375 0.009722222222222222 0.5953125
38 0.11909722222222222 0.2611328125 0.1701388888888889 0.095703125
43 0.11909722222222222 0.321875 0.08819444444444445 0.02578125
38 0.11909722222222222 0.4099609375 0.1701388888888889 0.095703125
43 0.11909722222222222 0.470703125 0.21875 0.02578125
38 0.11909722222222222 0.5587890625 0.1701388888888889 0.095703125
43 0.11875 0.61953125 0.10833333333333334 0.02578125
38 0.11909722222222222 0.7076171875 0.1701388888888889 0.095703125
43 0.11875 0.768359375 0.09027777777777778 0.02578125
16 0.11909722222222222 0.48359375 0.21875 0.5953125
16 0.11423611111111111 0.48359375 0.22847222222222222 0.9015625
16 0.21319444444444444 0.48359375 0.4263888888888889 0.9015625
1909 0.5 0.48359375 1.0 0.9015625
80 0.5 0.07109375 1.0 0.0765625
38 0.16319444444444445 0.1923828125 0.2916666666666667 0.102734375
43 0.6458333333333334 0.1751953125 0.6736111111111112 0.068359375
38 0.017361111111111112 0.141015625 0.0 0.0
43 0.5805555555555556 0.222265625 0.5430555555555555 0.02578125
43 0.9052083333333333 0.222265625 0.10625 0.02578125
19 0.6458333333333334 0.240234375 0.625 0.00703125
41 0.5 0.1923828125 0.975 0.111328125
38 0.16319444444444445 0.3037109375 0.2916666666666667 0.102734375
43 0.6458333333333334 0.2865234375 0.6736111111111112 0.068359375
38 0.017361111111111112 0.25234375 0.0 0.0
43 0.5805555555555556 0.33359375 0.5430555555555555 0.02578125
43 0.9052083333333333 0.33359375 0.10625 0.02578125
19 0.6458333333333334 0.3515625 0.625 0.00703125
41 0.5 0.3037109375 0.975 0.111328125
38 0.16319444444444445 0.4150390625 0.2916666666666667 0.102734375
43 0.6458333333333334 0.3978515625 0.6736111111111112 0.068359375
38 0.017361111111111112 0.363671875 0.0 0.0
43 0.5805555555555556 0.444921875 0.5430555555555555 0.02578125
43 0.9052083333333333 0.444921875 0.10625 0.02578125
19 0.6458333333333334 0.462890625 0.625 0.00703125
41 0.5 0.4150390625 0.975 0.111328125
38 0.16319444444444445 0.5263671875 0.2916666666666667 0.102734375
43 0.6458333333333334 0.5091796875 0.6736111111111112 0.068359375
38 0.017361111111111112 0.475 0.0 0.0
43 0.5805555555555556 0.55625 0.5430555555555555 0.02578125
43 0.9052083333333333 0.55625 0.10625 0.02578125
19 0.6458333333333334 0.57421875 0.625 0.00703125
41 0.5 0.5263671875 0.975 0.111328125
38 0.16319444444444445 0.6376953125 0.2916666666666667 0.102734375
43 0.6458333333333334 0.6205078125 0.6736111111111112 0.068359375
38 0.017361111111111112 0.586328125 0.0 0.0
43 0.5805555555555556 0.667578125 0.5430555555555555 0.02578125
43 0.9052083333333333 0.667578125 0.10625 0.02578125
19 0.6458333333333334 0.685546875 0.625 0.00703125
41 0.5 0.6376953125 0.975 0.111328125
38 0.16319444444444445 0.7490234375 0.2916666666666667 0.102734375
43 0.6458333333333334 0.7318359375 0.6736111111111112 0.068359375
38 0.017361111111111112 0.69765625 0.0 0.0
43 0.5805555555555556 0.77890625 0.5430555555555555 0.02578125
43 0.9052083333333333 0.77890625 0.10625 0.02578125
19 0.6458333333333334 0.796875 0.625 0.00703125
41 0.5 0.7490234375 0.975 0.111328125
38 0.16319444444444445 0.8375 0.2916666666666667 0.05703125
43 0.6458333333333334 0.8375 0.6736111111111112 0.05703125
38 0.017361111111111112 0.808984375 0.0 0.0
43 0.5805555555555556 0.8716796875 0.5430555555555555 0.011328125
43 0.9052083333333333 0.8716796875 0.10625 0.011328125
19 0.6458333333333334 0.8853515625 0.625 0.038671875
41 0.5 0.8353515625 0.975 0.061328125
1910 0.5 0.4876953125 1.0 0.756640625
194 0.5 0.095703125 0.0 0.02734375
43 0.0 0.109375 0.0 0.0
4 0.5 0.1134765625 1.0 0.008203125
117 0.5 0.9001953125 1.0 0.068359375
43 0.3038194444444444 0.919921875 0.5826388888888889 0.02578125
1911 0.3611111111111111 0.95625 0.7222222222222222 0.04375
44 0.0 0.9357421875 0.0 0.002734375
43 0.8027777777777778 0.9478515625 0.08333333333333333 0.026953125
44 0.9222222222222223 0.9453125 0.07777777777777778 0.021875
7 0.10173611111111111 0.0708984375 0.12569444444444444 0.036328125
22 0.7277777777777777 0.07109375 0.11666666666666667 0.065625
22 0.8444444444444444 0.07109375 0.11666666666666667 0.065625
173 0.9513888888888888 0.07109375 0.09722222222222222 0.065625
45 0.8347222222222223 0.07109375 0.33055555555555555 0.0765625
4 0.5 0.9671875 1.0 0.065625
4 0.5 0.01640625 1.0 0.0328125
5 0.5 0.5 1.0 1.0
