17 0.0 0.0 0.0 0.0
43 0.38055555555555554 0.0708984375 0.4111111111111111 0.036328125
44 0.06805555555555555 0.07109375 0.1361111111111111 0.0765625
22 0.9416666666666667 0.07109375 0.11666666666666667 0.065625
118 0.5 0.1046875 1.0 0.14375
38 0.0 0.1109375 0.0 0.0
43 0.13472222222222222 0.1435546875 0.1527777777777778 0.022265625
127 0.13472222222222222 0.14375 0.26944444444444443 0.065625
38 0.26944444444444443 0.1109375 0.0 0.0
43 0.38680555555555557 0.1435546875 0.11805555555555555 0.022265625
127 0.38680555555555557 0.14375 0.23472222222222222 0.065625
128 0.5 0.14375 1.0 0.065625
8 0.0 0.55546875 0.0 0.7578125
38 0.06979166666666667 0.206640625 0.13402777777777777 0.05703125
43 0.21041666666666667 0.206640625 0.14722222222222223 0.04375
8 0.5 0.206640625 1.0 0.06015625
38 0.06979166666666667 0.266796875 0.13402777777777777 0.05703125
43 0.3128472222222222 0.266796875 0.35208333333333336 0.04375
8 0.5 0.266796875 1.0 0.06015625
38 0.06979166666666667 0.326953125 0.13402777777777777 0.05703125
43 0.290625 0.326953125 0.3076388888888889 0.04375
8 0.5 0.326953125 1.0 0.06015625
38 0.06979166666666667 0.387109375 0.13402777777777777 0.05703125
43 0.278125 0.387109375 0.2826388888888889 0.04375
8 0.5 0.387109375 1.0 0.06015625
38 0.06979166666666667 0.447265625 0.13402777777777777 0.05703125
43 0.28125 0.447265625 0.28888888888888886 0.04375
8 0.5 0.447265625 1.0 0.06015625
38 0.06979166666666667 0.507421875 0.13402777777777777 0.05703125
43 0.21493055555555557 0.507421875 0.15625 0.04375
8 0.5 0.507421875 1.0 0.06015625
106 0.5 0.55546875 1.0 0.7578125
43 0.0 0.1765625 0.0 0.0
34 0.5 0.4671875 1.0 0.934375
43 0.3402777777777778 0.227734375 0.6027777777777777 0.02578125
16 0.3402777777777778 0.13671875 0.6805555555555556 0.2734375
82 0.3402777777777778 0.30625 0.6805555555555556 0.065625
0 0.0 0.2734375 0.0 0.0
82 0.3402777777777778 0.371875 0.6805555555555556 0.065625
0 0.0 0.3390625 0.0 0.0
82 0.3402777777777778 0.4375 0.6805555555555556 0.065625
0 0.0 0.4046875 0.0 0.0
82 0.3402777777777778 0.503125 0.6805555555555556 0.065625
0 0.0 0.4703125 0.0 0.0
50 0.3402777777777778 0.54765625 0.6805555555555556 0.0234375
82 0.3402777777777778 0.5921875 0.6805555555555556 0.065625
0 0.0 0.559375 0.0 0.0
113 0.3402777777777778 0.4671875 0.6805555555555556 0.934375
4 0.5 0.9671875 1.0 0.065625
4 0.5 0.01640625 1.0 0.0328125
5 0.5 0.5 1.0 1.0
