890 0.0 0.0328125 0.0 0.0
7 0.25798611111111114 0.0708984375 0.16597222222222222 0.036328125
52 0.06805555555555555 0.07109375 0.1361111111111111 0.0765625
45 1.0 0.07109375 0.0 0.0765625
891 0.5 0.07109375 1.0 0.0765625
890 0.0 0.109375 0.0 0.0
890 0.5 0.129296875 0.9611111111111111 0.03984375
890 0.2635416666666667 0.1703125 0.4395833333333333 0.04296875
890 0.7197916666666667 0.1703125 0.47291666666666665 0.04296875
16 0.5 0.1703125 0.9611111111111111 0.04296875
890 0.04375 0.191796875 0.0 0.0
890 0.06840277777777778 0.22109375 0.049305555555555554 0.05859375
890 0.04375 0.3123046875 0.0 0.023046875
16 0.15763888888888888 0.2462890625 0.22777777777777777 0.108984375
38 0.4 0.232421875 0.11666666666666667 0.065625
890 0.49930555555555556 0.2326171875 0.08194444444444444 0.051953125
38 0.5986111111111111 0.232421875 0.11666666666666667 0.065625
16 0.4996527777777778 0.2462890625 0.45625 0.108984375
890 0.7277777777777777 0.191796875 0.0 0.0
890 0.9305555555555556 0.22109375 0.05138888888888889 0.05859375
890 0.9204861111111111 0.2755859375 0.07152777777777777 0.050390625
16 0.8420138888888888 0.2462890625 0.22847222222222222 0.108984375
16 0.5 0.2578125 0.9611111111111111 0.13203125
929 0.019444444444444445 0.323828125 0.0 0.0
890 0.5 0.3525390625 0.9611111111111111 0.002734375
16 0.5 0.2513671875 0.9611111111111111 0.205078125
890 0.2701388888888889 0.375 0.4527777777777778 0.04296875
890 0.7263888888888889 0.375 0.4597222222222222 0.04296875
890 0.04375 0.396484375 0.0 0.0
890 0.06944444444444445 0.42578125 0.05138888888888889 0.05859375
890 0.04375 0.5169921875 0.0 0.023046875
16 0.15763888888888888 0.4509765625 0.22777777777777777 0.108984375
38 0.4 0.437109375 0.11666666666666667 0.065625
890 0.49930555555555556 0.4373046875 0.08194444444444444 0.051953125
38 0.5986111111111111 0.437109375 0.11666666666666667 0.065625
16 0.4996527777777778 0.4509765625 0.45625 0.108984375
890 0.7277777777777777 0.396484375 0.0 0.0
890 0.925 0.42578125 0.0625 0.05859375
890 0.9204861111111111 0.4802734375 0.07152777777777777 0.050390625
16 0.8420138888888888 0.4509765625 0.22847222222222222 0.108984375
16 0.5 0.4625 0.9611111111111111 0.13203125
929 0.019444444444444445 0.528515625 0.0 0.0
890 0.5 0.5572265625 0.9611111111111111 0.002734375
16 0.5 0.4560546875 0.9611111111111111 0.205078125
890 0.2677083333333333 0.5796875 0.4479166666666667 0.04296875
890 0.7239583333333334 0.5796875 0.46458333333333335 0.04296875
890 0.04375 0.601171875 0.0 0.0
890 0.071875 0.63046875 0.05625 0.05859375
890 0.04375 0.7216796875 0.0 0.023046875
16 0.15763888888888888 0.6556640625 0.22777777777777777 0.108984375
38 0.4 0.641796875 0.11666666666666667 0.065625
890 0.49930555555555556 0.6419921875 0.08194444444444444 0.051953125
38 0.5986111111111111 0.641796875 0.11666666666666667 0.065625
16 0.4996527777777778 0.6556640625 0.45625 0.108984375
890 0.7277777777777777 0.601171875 0.0 0.0
890 0.9315972222222222 0.63046875 0.049305555555555554 0.05859375
890 0.9204861111111111 0.6849609375 0.07152777777777777 0.050390625
16 0.8420138888888888 0.6556640625 0.22847222222222222 0.108984375
16 0.5 0.6671875 0.9611111111111111 0.13203125
929 0.019444444444444445 0.733203125 0.0 0.0
890 0.5 0.7619140625 0.9611111111111111 0.002734375
16 0.5 0.6607421875 0.9611111111111111 0.205078125
890 0.2791666666666667 0.784375 0.4708333333333333 0.04296875
890 0.7354166666666667 0.784375 0.44166666666666665 0.04296875
890 0.04375 0.805859375 0.0 0.0
890 0.07395833333333333 0.83515625 0.06041666666666667 0.05859375
890 0.04375 0.924609375 0.0 0.01953125
16 0.15763888888888888 0.8603515625 0.22777777777777777 0.108984375
38 0.4 0.846484375 0.11666666666666667 0.065625
890 0.49930555555555556 0.8466796875 0.08194444444444444 0.051953125
38 0.5986111111111111 0.846484375 0.11666666666666667 0.065625
16 0.4996527777777778 0.8603515625 0.45625 0.108984375
890 0.7277777777777777 0.805859375 0.0 0.0
890 0.9305555555555556 0.83515625 0.05138888888888889 0.05859375
890 0.9204861111111111 0.8896484375 0.07152777777777777 0.050390625
16 0.8420138888888888 0.8603515625 0.22847222222222222 0.108984375
16 0.5 0.8701171875 0.9611111111111111 0.128515625
929 0.019444444444444445 0.9361328125 0.0 0.003515625
890 0.5 0.9498046875 0.9611111111111111 0.030859375
16 0.5 0.8486328125 0.9611111111111111 0.171484375
8 0.5 0.521875 1.0 0.825
892 0.5 0.521875 0.19444444444444445 0.109375
5 0.5 0.4671875 1.0 0.934375
16 0.0 0.06015625 0.0 0.0546875
16 0.0 0.16875 0.0 0.0546875
16 0.0 0.223046875 0.0 0.0546875
35 0.0 0.16953125 0.0 0.2734375
893 0.0 0.48359375 0.0 0.9015625
