7 0.0 0.0328125 0.0 0.0
6 0.5 0.1228515625 1.0 0.180078125
6 0.5 0.5103515625 1.0 0.594921875
8 0.5 0.81796875 1.0 0.06875
206 0.5 0.893359375 1.0 0.08203125
5 0.5 0.4671875 1.0 0.934375
6 0.09583333333333334 0.893359375 0.19166666666666668 0.08203125
6 0.19618055555555555 0.893359375 0.009027777777777777 0.08203125
6 0.296875 0.893359375 0.19236111111111112 0.08203125
6 0.3975694444444444 0.893359375 0.009027777777777777 0.08203125
6 0.4982638888888889 0.893359375 0.19236111111111112 0.08203125
6 0.5989583333333334 0.893359375 0.009027777777777777 0.08203125
6 0.7 0.893359375 0.19305555555555556 0.08203125
6 0.8010416666666667 0.893359375 0.009027777777777777 0.08203125
6 0.9027777777777778 0.893359375 0.19444444444444445 0.08203125
6 0.35381944444444446 0.069140625 0.7076388888888889 0.07265625
6 0.7784722222222222 0.069140625 0.14166666666666666 0.07265625
6 0.8534722222222222 0.069140625 0.008333333333333333 0.07265625
6 0.9284722222222223 0.069140625 0.14166666666666666 0.07265625
206 0.5 0.0720703125 1.0 0.078515625
19 0.5 0.2546875 1.0 0.02734375
50 0.5 0.2546875 1.0 0.28671875
7 0.5 0.432421875 1.0 0.06875
6 0.042708333333333334 0.6138671875 0.08541666666666667 0.294140625
206 0.9145833333333333 0.6138671875 0.0 0.294140625
6 0.22361111111111112 0.524609375 0.2763888888888889 0.115625
6 0.5 0.524609375 0.2763888888888889 0.115625
6 0.7763888888888889 0.524609375 0.2763888888888889 0.115625
342 0.5 0.53671875 0.8291666666666667 0.13984375
6 0.22361111111111112 0.678515625 0.2763888888888889 0.115625
6 0.5 0.678515625 0.2763888888888889 0.115625
6 0.7763888888888889 0.678515625 0.2763888888888889 0.115625
342 0.5 0.6908203125 0.8291666666666667 0.140234375
206 0.5 0.6138671875 0.8291666666666667 0.294140625
6 0.9145833333333333 0.524609375 0.0 0.115625
6 0.9145833333333333 0.678515625 0.0 0.115625
8 0.5 0.6138671875 1.0 0.294140625
114 0.9125 0.81796875 0.175 0.06875
16 0.5 0.4818359375 1.0 0.741015625
177 0.4076388888888889 0.1455078125 0.8152777777777778 0.068359375
6 0.8989583333333333 0.1455078125 0.1673611111111111 0.041015625
16 0.5 0.1455078125 1.0 0.068359375
