17 0.0 0.0 0.0 0.0
19 0.5 0.4671875 0.11666666666666667 0.065625
5 0.5 0.5 1.0 1.0
32 0.0 0.109375 0.0 0.0
194 0.5 0.109375 0.09722222222222222 0.0
1913 0.17291666666666666 0.1861328125 0.30694444444444446 0.153515625
1913 0.49930555555555556 0.1861328125 0.30694444444444446 0.153515625
1913 0.8256944444444444 0.1861328125 0.30694444444444446 0.153515625
16 0.5 0.196484375 1.0 0.17421875
1914 0.9006944444444445 0.3138671875 0.12083333333333333 0.038671875
1914 0.20729166666666668 0.3138671875 0.3368055555555556 0.033203125
38 0.03888888888888889 0.29453125 0.0 0.0
8 0.42986111111111114 0.3138671875 0.7819444444444444 0.038671875
8 0.5 0.3138671875 0.9805555555555555 0.060546875
1913 0.17291666666666666 0.5091796875 0.30694444444444446 0.319140625
1913 0.49930555555555556 0.5091796875 0.30694444444444446 0.319140625
1913 0.8256944444444444 0.5091796875 0.30694444444444446 0.319140625
16 0.5 0.4865234375 1.0 0.405859375
1914 0.9006944444444445 0.7197265625 0.12083333333333333 0.038671875
1914 0.34097222222222223 0.7197265625 0.6041666666666666 0.033203125
38 0.03888888888888889 0.700390625 0.0 0.0
8 0.42986111111111114 0.7197265625 0.7819444444444444 0.038671875
8 0.5 0.7197265625 0.9805555555555555 0.060546875
1913 0.17291666666666666 0.844921875 0.30694444444444446 0.17890625
1913 0.49930555555555556 0.844921875 0.30694444444444446 0.17890625
1913 0.8256944444444444 0.844921875 0.30694444444444446 0.17890625
16 0.5 0.8119140625 1.0 0.244921875
103 0.5 0.521875 1.0 0.825
8 0.5 0.8892578125 1.0 0.090234375
8 0.0 0.2318359375 0.0 0.102734375
8 0.0 0.3345703125 0.0 0.102734375
4 0.0 0.3857421875 0.0 0.000390625
8 0.0 0.4373046875 0.0 0.102734375
4 0.0 0.4884765625 0.0 0.000390625
8 0.0 0.5400390625 0.0 0.102734375
4 0.0 0.5912109375 0.0 0.000390625
8 0.0 0.6427734375 0.0 0.102734375
8 0.0 0.7455078125 0.0 0.102734375
4 0.0 0.7966796875 0.0 0.000390625
8 0.0 0.8482421875 0.0 0.102734375
8 0.0 0.9169921875 0.0 0.034765625
1915 0.0 0.5546875 0.0 0.759375
4 0.0 0.1791015625 0.0 0.008203125
8 1.0 0.9033203125 0.0 0.062109375
106 1.0 0.4908203125 0.0 0.762890625
32 1.0 0.109375 0.0 0.0
4 0.5 0.01640625 1.0 0.0328125
6 0.08263888888888889 0.07109375 0.12638888888888888 0.0765625
6 0.20902777777777778 0.07109375 0.12638888888888888 0.0765625
6 0.33541666666666664 0.07109375 0.12638888888888888 0.0765625
1916 0.20902777777777778 0.07109375 0.41805555555555557 0.0765625
22 0.8104166666666667 0.07109375 0.11666666666666667 0.065625
22 0.9270833333333334 0.07109375 0.11666666666666667 0.065625
80 0.5 0.07109375 1.0 0.0765625
1917 0.6597222222222222 0.133984375 0.5638888888888889 0.13671875
38 0.3194444444444444 0.0328125 0.0 0.0
16 0.6597222222222222 0.133984375 0.6805555555555556 0.20234375
1914 0.6597222222222222 0.26796875 0.6805555555555556 0.065625
1914 0.6597222222222222 0.33359375 0.6805555555555556 0.065625
1914 0.6597222222222222 0.39921875 0.6805555555555556 0.065625
1914 0.6597222222222222 0.46484375 0.6805555555555556 0.065625
16 0.6597222222222222 0.48359375 0.6805555555555556 0.9015625
4 0.5 0.9671875 1.0 0.065625
