17 0.0 0.0 0.0 0.0
38 0.5 0.367578125 0.3111111111111111 0.175
1918 0.4996527777777778 0.597265625 0.29097222222222224 0.04375
1918 0.5 0.639453125 0.5152777777777777 0.0296875
16 0.5 0.5546875 0.5152777777777777 0.19921875
5 0.5 0.5 1.0 1.0
8 1.0 0.4671875 0.0 0.934375
1919 0.10694444444444444 0.9015625 0.21388888888888888 0.065625
4 0.4642361111111111 0.9013671875 0.011805555555555555 0.006640625
4 0.5350694444444445 0.9013671875 0.011805555555555555 0.006640625
4 0.5704861111111111 0.9013671875 0.011805555555555555 0.006640625
1920 0.4996527777777778 0.9015625 0.17708333333333334 0.065625
1921 0.9368055555555556 0.9015625 0.12638888888888888 0.065625
8 0.5 0.9015625 1.0 0.065625
4 0.5 0.9671875 1.0 0.065625
