89 0.0 0.0984375 0.0 0.0
52 0.9402777777777778 0.1265625 0.11944444444444445 0.05625
979 0.44027777777777777 0.1265625 0.8805555555555555 0.05390625
52 0.8291666666666667 0.125 0.07777777777777778 0.04375
8 0.5 0.51640625 1.0 0.8359375
57 0.0 0.0328125 0.0 0.0
54 0.06875 0.065625 0.09722222222222222 0.065625
16 0.30104166666666665 0.0654296875 0.36736111111111114 0.033203125
7 0.11736111111111111 0.048828125 0.0 0.0
16 0.25243055555555555 0.065625 0.46458333333333335 0.065625
143 0.6597222222222222 0.065625 0.1361111111111111 0.065625
143 0.7958333333333333 0.065625 0.1361111111111111 0.065625
91 0.9319444444444445 0.065625 0.1361111111111111 0.065625
55 0.7958333333333333 0.065625 0.4083333333333333 0.065625
56 0.5 0.065625 1.0 0.065625
56 0.0 0.0 0.0 0.0
53 0.5 0.4671875 1.0 0.934375
