0 0.0 0.0 0.0 0.0
114 0.10694444444444444 0.075 0.21388888888888888 0.084375
7 0.5 0.075 0.5722222222222222 0.0421875
114 0.8930555555555556 0.075 0.21388888888888888 0.084375
8 0.5 0.1111328125 1.0 0.156640625
16 0.16180555555555556 0.157421875 0.3236111111111111 0.0640625
16 0.5 0.157421875 0.3236111111111111 0.0640625
16 0.8381944444444445 0.157421875 0.3236111111111111 0.0640625
16 0.5 0.1533203125 1.0 0.072265625
8 0.5 0.5208984375 1.0 0.662890625
8 0.5 0.893359375 1.0 0.08203125
16 0.5 0.4671875 1.0 0.934375
4 0.5 0.9671875 1.0 0.065625
4 0.5 0.01640625 1.0 0.0328125
5 0.5 0.5 1.0 1.0
