1922 0.0 0.0 0.0 0.0
38 0.5 0.079296875 1.0 0.09296875
38 0.17256944444444444 0.0791015625 0.07291666666666667 0.041015625
4 0.2298611111111111 0.0791015625 0.002777777777777778 0.019140625
43 0.5086805555555556 0.0791015625 0.5159722222222223 0.035546875
52 0.06805555555555555 0.079296875 0.1361111111111111 0.0765625
22 0.825 0.079296875 0.11666666666666667 0.065625
22 0.9416666666666667 0.079296875 0.11666666666666667 0.065625
7 0.12777777777777777 0.166796875 0.25555555555555554 0.08203125
7 0.38958333333333334 0.166796875 0.26805555555555555 0.08203125
7 0.6486111111111111 0.166796875 0.25 0.08203125
7 0.8868055555555555 0.166796875 0.2263888888888889 0.08203125
372 0.5 0.166796875 1.0 0.08203125
4 0.5 0.20859375 1.0 0.0015625
1923 1.0 0.25859375 0.0 0.0984375
43 1.0 0.3078125 0.0 0.0
1923 1.0 0.464453125 0.0 0.31328125
43 1.0 0.62109375 0.0 0.0
1923 1.0 0.777734375 0.0 0.31328125
106 1.0 0.571875 0.0 0.725
43 1.0 0.209375 0.0 0.0
1924 0.5048611111111111 0.366015625 0.9902777777777778 0.31328125
1925 0.4996527777777778 0.3658203125 0.16041666666666668 0.090234375
43 0.1486111111111111 0.2408203125 0.22916666666666666 0.035546875
43 0.21805555555555556 0.476171875 0.3680555555555556 0.065625
43 0.6458333333333334 0.4587890625 0.4388888888888889 0.030859375
43 0.5833333333333334 0.4892578125 0.5638888888888889 0.030078125
43 0.9326388888888889 0.49765625 0.13472222222222222 0.02265625
1924 0.5048611111111111 0.679296875 0.9902777777777778 0.31328125
1925 0.4996527777777778 0.6791015625 0.16041666666666668 0.090234375
43 0.0 0.52265625 0.0 0.0
43 0.15034722222222222 0.789453125 0.2326388888888889 0.065625
43 0.6211805555555555 0.8025390625 0.6604166666666667 0.030078125
43 0.9756944444444444 0.8109375 0.04861111111111111 0.02265625
1924 0.5048611111111111 0.88515625 0.9902777777777778 0.0984375
1925 0.4996527777777778 0.9408203125 0.16041666666666668 0.012890625
43 0.0 0.8359375 0.0 0.0
106 0.5 0.571875 1.0 0.725
43 0.0 0.209375 0.0 0.0
8 0.5 0.530078125 1.0 0.80859375
34 0.5 0.4671875 1.0 0.934375
38 0.315625 0.106640625 0.13125 0.09296875
43 0.3159722222222222 0.240625 0.5833333333333334 0.03828125
43 0.3159722222222222 0.30625 0.5833333333333334 0.03828125
43 0.3159722222222222 0.371875 0.5833333333333334 0.03828125
43 0.3159722222222222 0.4375 0.5833333333333334 0.03828125
43 0.3159722222222222 0.503125 0.5833333333333334 0.03828125
43 0.3159722222222222 0.56875 0.5833333333333334 0.03828125
43 0.3159722222222222 0.634375 0.5833333333333334 0.03828125
606 0.3159722222222222 0.557421875 0.6319444444444444 0.75390625
8 0.3159722222222222 0.4671875 0.6319444444444444 0.934375
4 0.5 0.9671875 1.0 0.065625
5 0.5 0.5 1.0 1.0
