17 0.0 0.0328125 0.0 0.0
34 0.5 0.48359375 1.0 0.9015625
38 0.4996527777777778 0.2392578125 0.23819444444444443 0.095703125
71 0.5 0.3294921875 0.5833333333333334 0.057421875
71 0.5 0.4064453125 0.5833333333333334 0.057421875
71 0.5 0.4833984375 0.5833333333333334 0.057421875
71 0.5 0.5603515625 0.5833333333333334 0.057421875
71 0.5 0.6373046875 0.5833333333333334 0.057421875
8 0.5 0.4833984375 0.5833333333333334 0.365234375
435 0.5 0.8796875 1.0 0.109375
4 0.5 0.9671875 1.0 0.065625
4 0.5 0.01640625 1.0 0.0328125
5 0.5 0.5 1.0 1.0
