0 0.0 0.0 0.0 0.0
114 0.08333333333333333 0.031640625 0.16666666666666666 0.06015625
4 0.16701388888888888 0.0650390625 0.0006944444444444445 0.006640625
114 0.2503472222222222 0.031640625 0.16597222222222222 0.06015625
4 0.33368055555555554 0.0650390625 0.0006944444444444445 0.006640625
114 0.4170138888888889 0.031640625 0.16597222222222222 0.06015625
4 0.5003472222222223 0.0650390625 0.0006944444444444445 0.006640625
114 0.5836805555555555 0.031640625 0.16597222222222222 0.06015625
4 0.6670138888888889 0.0650390625 0.0006944444444444445 0.006640625
114 0.7503472222222223 0.031640625 0.16597222222222222 0.06015625
4 0.8336805555555555 0.0650390625 0.0006944444444444445 0.006640625
114 0.9170138888888889 0.031640625 0.16597222222222222 0.06015625
8 0.5 0.0625 1.0 0.0015625
114 0.5 0.9015625 1.0 0.065625
343 0.5 0.116796875 1.0 0.065625
343 0.5 0.183203125 1.0 0.065625
343 0.5 0.249609375 1.0 0.065625
10 0.5 0.466015625 1.0 0.7640625
5 0.5 0.4671875 1.0 0.934375
