0 0.0 0.0 0.0 0.0
114 0.07152777777777777 0.0669921875 0.14305555555555555 0.068359375
114 0.9086805555555556 0.0669921875 0.15763888888888888 0.068359375
7 0.1954861111111111 0.0669921875 0.3909722222222222 0.068359375
7 0.5861111111111111 0.0669921875 0.3902777777777778 0.068359375
16 0.390625 0.0669921875 0.78125 0.068359375
8 0.5 0.0669921875 1.0 0.068359375
797 0.0 0.101171875 0.0 0.0
6 0.024305555555555556 0.346875 0.0 0.0
7 0.0 0.5037109375 0.0 0.027734375
16 0.0 0.4228515625 0.0 0.189453125
1927 0.0 0.5177734375 0.0 0.833203125
7 0.5 0.1203125 1.0 0.03828125
50 0.03854166666666667 0.1734375 0.07708333333333334 0.0296875
6 0.0 0.15859375 0.0 0.0
1928 0.225 0.1734375 0.24305555555555555 0.02578125
1929 0.5385416666666667 0.1736328125 0.9229166666666667 0.068359375
7 0.4222222222222222 0.1734375 0.6416666666666667 0.0296875
8 0.5 0.1736328125 1.0 0.068359375
16 0.0 0.20859375 0.0 0.0
16 0.5 0.2294921875 1.0 0.041796875
1930 0.07291666666666667 0.29140625 0.09722222222222222 0.0546875
6 0.024305555555555556 0.2640625 0.0 0.0
8 0.9027777777777778 0.29140625 0.0 0.0
7 0.24270833333333333 0.29140625 0.19375 0.0296875
7 0.14583333333333334 0.2765625 0.0 0.0
16 0.5180555555555556 0.29140625 0.7444444444444445 0.0296875
8 0.5 0.29140625 1.0 0.08203125
4 0.5729166666666666 0.3328125 0.8541666666666666 0.00078125
16 0.5 0.333203125 1.0 0.0
1930 0.07291666666666667 0.37421875 0.09722222222222222 0.0546875
8 0.9027777777777778 0.37421875 0.0 0.0
7 0.27847222222222223 0.37421875 0.2652777777777778 0.0296875
7 0.14583333333333334 0.359375 0.0 0.0
16 0.5180555555555556 0.37421875 0.7444444444444445 0.0296875
8 0.5 0.37421875 1.0 0.08203125
10 0.5 0.3119140625 1.0 0.206640625
4 0.5 0.517578125 0.0 0.0
8 0.5 0.571484375 1.0 0.72578125
1931 0.5 0.5177734375 1.0 0.833203125
5 0.5 0.4671875 1.0 0.934375
