4 0.5 0.26015625 0.5833333333333334 0.059375
38 0.18159722222222222 0.2556640625 0.14097222222222222 0.068359375
38 0.8184027777777778 0.2556640625 0.14097222222222222 0.068359375
43 0.5 0.2603515625 0.7777777777777778 0.058984375
4 0.15625 0.288671875 0.0 0.0
38 0.5 0.420703125 0.46944444444444444 0.2640625
38 0.2652777777777778 0.288671875 0.0 0.0
43 0.5 0.5716796875 0.6097222222222223 0.037890625
43 0.5 0.6203125 0.6097222222222223 0.059375
16 0.5 0.4693359375 0.6875 0.361328125
71 0.26458333333333334 0.7046875 0.21666666666666667 0.08203125
71 0.7381944444444445 0.7046875 0.2111111111111111 0.08203125
8 0.5 0.7046875 0.6875 0.08203125
16 0.5 0.5171875 0.6875 0.45703125
5 0.5 0.48359375 0.7777777777777778 0.52421875
0 0.1111111111111111 0.221484375 0.0 0.0
