128 0.0 0.0328125 0.0 0.0
7 0.22743055555555555 0.0708984375 0.16319444444444445 0.036328125
52 0.06805555555555555 0.07109375 0.1361111111111111 0.0765625
22 0.8444444444444444 0.07109375 0.11666666666666667 0.065625
173 0.9513888888888888 0.07109375 0.09722222222222222 0.065625
43 0.5 0.06015625 1.0 0.0546875
104 0.5 0.1109375 0.09722222222222222 0.0
1933 0.07326388888888889 0.1689453125 0.10208333333333333 0.057421875
38 0.022222222222222223 0.140234375 0.0 0.0
43 0.3072916666666667 0.13828125 0.3173611111111111 0.0296875
38 0.12430555555555556 0.1234375 0.0 0.0
1933 0.19722222222222222 0.1875 0.09722222222222222 0.0546875
43 0.1486111111111111 0.16015625 0.0 0.0
8 0.49375 0.169140625 0.7388888888888889 0.09140625
43 0.9083333333333333 0.1361328125 0.09027777777777778 0.025390625
41 0.5 0.169140625 0.9944444444444445 0.11328125
1934 0.5 0.52265625 1.0 0.8234375
38 0.0 0.1109375 0.0 0.0
38 0.0 0.155859375 0.0 0.24609375
82 0.0 0.32265625 0.0 0.065625
82 0.0 0.38828125 0.0 0.065625
50 0.0 0.4328125 0.0 0.0234375
82 0.0 0.47734375 0.0 0.065625
82 0.0 0.54296875 0.0 0.065625
82 0.0 0.60859375 0.0 0.065625
82 0.0 0.67421875 0.0 0.065625
113 0.0 0.48359375 0.0 0.9015625
5 0.5 0.5 1.0 1.0
4 0.5 0.9671875 1.0 0.065625
