17 0.0 0.0 0.0 0.0
1935 0.2857638888888889 0.07109375 0.22152777777777777 0.028125
1935 0.175 0.0328125 0.0 0.0
16 0.5875 0.07109375 0.825 0.0765625
44 0.06805555555555555 0.07109375 0.1361111111111111 0.0765625
45 1.0 0.07109375 0.0 0.0765625
80 0.5 0.07109375 1.0 0.0765625
1935 0.05347222222222222 0.115625 0.0 0.0
1935 0.09965277777777778 0.1607421875 0.08680555555555555 0.021484375
127 0.1 0.14765625 0.2 0.0765625
1935 0.2534722222222222 0.115625 0.0 0.0
1935 0.32881944444444444 0.125390625 0.034027777777777775 0.01953125
1935 0.3 0.1591796875 0.14027777777777778 0.018359375
127 0.3 0.14765625 0.2 0.0765625
38 0.4 0.109375 0.0 0.0
1935 0.4708333333333333 0.115625 0.0 0.0
1935 0.5 0.1591796875 0.11527777777777778 0.018359375
127 0.5 0.14765625 0.2 0.0765625
38 0.6 0.109375 0.0 0.0
1935 0.6708333333333333 0.115625 0.0 0.0
1935 0.7 0.1591796875 0.10694444444444444 0.018359375
127 0.7 0.14765625 0.2 0.0765625
1935 0.8534722222222222 0.115625 0.0 0.0
1935 0.9288194444444444 0.125390625 0.034027777777777775 0.01953125
1935 0.9 0.1591796875 0.12222222222222222 0.018359375
127 0.9 0.14765625 0.2 0.0765625
128 0.5 0.14765625 1.0 0.0765625
118 0.5 0.09296875 1.0 0.1859375
1935 0.0875 0.2296875 0.09722222222222222 0.0546875
1935 0.0 0.1859375 0.0 0.0
1935 0.43680555555555556 0.21484375 0.5236111111111111 0.025
1935 0.5486111111111112 0.2625 0.7472222222222222 0.0484375
1936 0.8493055555555555 0.2115234375 0.22361111111111112 0.018359375
213 0.5 0.246484375 1.0 0.12109375
1937 0.0 0.24609375 0.0 0.1203125
4 0.5 0.306640625 1.0 0.00078125
1935 0.0875 0.35078125 0.09722222222222222 0.0546875
1935 0.0 0.30703125 0.0 0.0
38 0.08715277777777777 0.3482421875 0.014583333333333334 0.008203125
1935 0.3545138888888889 0.3357421875 0.3590277777777778 0.024609375
1935 0.5486111111111112 0.383203125 0.7472222222222222 0.0484375
213 0.5 0.367578125 1.0 0.12109375
1937 0.0 0.3671875 0.0 0.1203125
4 0.5 0.427734375 1.0 0.00078125
106 0.5 0.56015625 1.0 0.7484375
8 1.0 0.237890625 0.0 0.08203125
8 1.0 0.319921875 0.0 0.08203125
8 1.0 0.401953125 0.0 0.08203125
1935 1.0 0.48125 0.0 0.0546875
16 1.0 0.352734375 0.0 0.31171875
1935 1.0 0.546875 0.0 0.0765625
106 1.0 0.56015625 0.0 0.7484375
1938 0.5381944444444444 0.594921875 0.09166666666666666 0.0515625
1935 0.5381944444444444 0.65625 0.5347222222222222 0.0296875
1935 0.5381944444444444 0.7171875 0.5347222222222222 0.05078125
38 0.7010416666666667 0.8248046875 0.20902777777777778 0.123046875
8 0.5381944444444444 0.727734375 0.5347222222222222 0.3171875
1939 0.9107638888888889 0.8728515625 0.14097222222222222 0.079296875
7 0.8107638888888888 0.96015625 0.01875 0.0515625
7 0.8107638888888888 0.868359375 0.01875 0.0
1940 0.9100694444444445 0.72109375 0.1798611111111111 0.4265625
1941 0.5 0.4671875 1.0 0.934375
38 0.0 0.123046875 0.0 0.24609375
38 0.0 0.44375 0.0 0.0015625
16 0.0 0.47734375 0.0 0.065625
16 0.0 0.54296875 0.0 0.065625
16 0.0 0.60859375 0.0 0.065625
16 0.0 0.67421875 0.0 0.065625
31 0.0 0.509375 0.0 0.3953125
266 0.0 0.4671875 0.0 0.934375
4 0.5 0.9671875 1.0 0.065625
