17 0.0 0.0328125 0.0 0.0
7 0.19895833333333332 0.0708984375 0.10625 0.036328125
52 0.06805555555555555 0.07109375 0.1361111111111111 0.0765625
22 0.825 0.07109375 0.11666666666666667 0.065625
22 0.9416666666666667 0.07109375 0.11666666666666667 0.065625
43 0.5 0.06015625 1.0 0.0546875
38 0.0 0.109375 0.0 0.0
43 0.25 0.1421875 0.2152777777777778 0.0296875
127 0.25 0.1421875 0.5 0.065625
38 0.5 0.109375 0.0 0.0
43 0.7496527777777777 0.1419921875 0.24930555555555556 0.046484375
127 0.75 0.1421875 0.5 0.065625
128 0.5 0.1421875 1.0 0.065625
38 1.0 0.2736328125 0.0 0.194140625
1934 1.0 0.55546875 0.0 0.7578125
38 1.0 0.1765625 0.0 0.0
104 0.5 0.1765625 0.09722222222222222 0.0
1942 0.09479166666666666 0.2298828125 0.10208333333333333 0.057421875
43 0.37256944444444445 0.2173828125 0.4048611111111111 0.037890625
38 0.6142361111111111 0.2173828125 0.04375 0.024609375
43 0.39652777777777776 0.2490234375 0.4527777777777778 0.025390625
43 0.1701388888888889 0.1984375 0.0 0.0
8 0.5631944444444444 0.230078125 0.7861111111111111 0.06328125
41 0.5 0.230078125 0.9611111111111111 0.08515625
4 0.5 0.2734375 0.9611111111111111 0.0015625
1933 0.5 0.5171875 0.8055555555555556 0.453125
1933 0.019444444444444445 0.27421875 0.0 0.0
8 0.5 0.5171875 0.9611111111111111 0.4859375
16 0.5 0.79453125 0.9611111111111111 0.065625
38 0.10486111111111111 0.79453125 0.058333333333333334 0.0328125
1943 0.12638888888888888 0.79453125 0.21388888888888888 0.065625
38 0.32916666666666666 0.79453125 0.058333333333333334 0.0328125
1943 0.3402777777777778 0.79453125 0.21388888888888888 0.065625
38 0.5541666666666667 0.79453125 0.21388888888888888 0.065625
38 0.7680555555555556 0.79453125 0.21388888888888888 0.065625
38 0.019444444444444445 0.76171875 0.0 0.0
41 0.5 0.507421875 0.9611111111111111 0.63984375
1942 0.09479166666666666 0.8833984375 0.10208333333333333 0.057421875
43 0.5357638888888889 0.8708984375 0.73125 0.037890625
38 0.9375 0.8708984375 0.0375 0.024609375
43 0.35 0.9025390625 0.3597222222222222 0.025390625
43 0.1701388888888889 0.851953125 0.0 0.0
41 0.5 0.8876953125 0.9611111111111111 0.093359375
8 0.5 0.9310546875 0.9611111111111111 0.006640625
1933 0.019444444444444445 0.927734375 0.0 0.0
1933 0.27743055555555557 0.9509765625 0.39375 0.033203125
4 0.5 0.9509765625 0.002777777777777778 0.033203125
1933 0.7225694444444445 0.9509765625 0.39375 0.033203125
1934 0.5 0.55546875 1.0 0.7578125
38 0.0 0.1765625 0.0 0.0
34 0.5 0.48359375 1.0 0.9015625
38 0.3402777777777778 0.155859375 0.6805555555555556 0.24609375
1942 0.1361111111111111 0.137890625 0.19444444444444445 0.109375
43 0.44722222222222224 0.123046875 0.3888888888888889 0.0296875
43 0.25277777777777777 0.152734375 0.0 0.0296875
16 0.3402777777777778 0.160546875 0.6027777777777777 0.1546875
8 0.3402777777777778 0.220703125 0.6027777777777777 0.034375
38 0.05138888888888889 0.2205078125 0.0 0.020703125
43 0.5371527777777778 0.2205078125 0.1840277777777778 0.020703125
43 0.03888888888888889 0.083203125 0.0 0.0
82 0.3402777777777778 0.32265625 0.6805555555555556 0.065625
50 0.6416666666666667 0.32265625 0.0 0.065625
82 0.3402777777777778 0.38828125 0.6805555555555556 0.065625
50 0.6416666666666667 0.38828125 0.0 0.065625
50 0.3402777777777778 0.4328125 0.6805555555555556 0.0234375
82 0.3402777777777778 0.47734375 0.6805555555555556 0.065625
50 0.6416666666666667 0.47734375 0.0 0.065625
82 0.3402777777777778 0.54296875 0.6805555555555556 0.065625
50 0.6416666666666667 0.54296875 0.0 0.065625
82 0.3402777777777778 0.60859375 0.6805555555555556 0.065625
50 0.6416666666666667 0.60859375 0.0 0.065625
82 0.3402777777777778 0.67421875 0.6805555555555556 0.065625
50 0.6416666666666667 0.67421875 0.0 0.065625
113 0.3402777777777778 0.48359375 0.6805555555555556 0.9015625
4 0.5 0.9671875 1.0 0.065625
5 0.5 0.5 1.0 1.0
