0 0.0 0.0 0.0 0.0
1944 0.5 0.4369140625 0.9263888888888889 0.808203125
1944 0.25590277777777776 0.886328125 0.11180555555555556 0.02578125
16 0.25625 0.8876953125 0.4388888888888889 0.051953125
1944 0.7309027777777778 0.886328125 0.10625 0.02578125
16 0.7315972222222222 0.8876953125 0.46319444444444446 0.051953125
16 0.5 0.8876953125 0.9263888888888889 0.051953125
1945 0.5 0.48359375 1.0 0.9015625
6 0.5 0.0369140625 1.0 0.008203125
6 0.5 0.9015625 0.03888888888888889 0.021875
50 0.5 0.9015625 0.23333333333333334 0.04375
4 0.5 0.9671875 1.0 0.065625
5 0.5 0.5 1.0 1.0
