1946 0.059722222222222225 0.06640625 0.10972222222222222 0.06171875
1947 0.36354166666666665 0.0724609375 0.48819444444444443 0.055078125
1947 0.3038194444444444 0.1275390625 0.6076388888888888 0.055078125
6 0.06076388888888889 0.1900390625 0.07291666666666667 0.041015625
1947 0.24166666666666667 0.18984375 0.2638888888888889 0.0515625
16 0.3038194444444444 0.1900390625 0.6076388888888888 0.068359375
6 0.06076388888888889 0.2591796875 0.07291666666666667 0.041015625
1947 0.23680555555555555 0.258984375 0.25416666666666665 0.0515625
16 0.3038194444444444 0.2591796875 0.6076388888888888 0.068359375
6 0.06076388888888889 0.3283203125 0.07291666666666667 0.041015625
1947 0.2513888888888889 0.328125 0.2833333333333333 0.0515625
16 0.3038194444444444 0.3283203125 0.6076388888888888 0.068359375
1947 0.3038194444444444 0.3908203125 0.6076388888888888 0.055078125
6 0.06076388888888889 0.4533203125 0.07291666666666667 0.041015625
1947 0.18472222222222223 0.453125 0.15 0.0515625
16 0.3038194444444444 0.4533203125 0.6076388888888888 0.068359375
6 0.06076388888888889 0.5224609375 0.07291666666666667 0.041015625
1947 0.20555555555555555 0.522265625 0.19166666666666668 0.0515625
16 0.3038194444444444 0.5224609375 0.6076388888888888 0.068359375
6 0.06076388888888889 0.5916015625 0.07291666666666667 0.041015625
1947 0.19652777777777777 0.59140625 0.1736111111111111 0.0515625
16 0.3038194444444444 0.5916015625 0.6076388888888888 0.068359375
6 0.06076388888888889 0.6607421875 0.07291666666666667 0.041015625
1947 0.19305555555555556 0.660546875 0.16666666666666666 0.0515625
16 0.3038194444444444 0.6607421875 0.6076388888888888 0.068359375
6 0.06076388888888889 0.7298828125 0.07291666666666667 0.041015625
1947 0.20277777777777778 0.7296875 0.18611111111111112 0.0515625
16 0.3038194444444444 0.7298828125 0.6076388888888888 0.068359375
1947 0.3038194444444444 0.7923828125 0.6076388888888888 0.055078125
6 0.06076388888888889 0.8548828125 0.07291666666666667 0.041015625
1947 0.16909722222222223 0.8546875 0.11875 0.0515625
16 0.3038194444444444 0.8548828125 0.6076388888888888 0.068359375
6 0.06076388888888889 0.9189453125 0.07291666666666667 0.030859375
1947 0.27361111111111114 0.9162109375 0.3277777777777778 0.036328125
16 0.3038194444444444 0.912109375 0.6076388888888888 0.04453125
8 0.3038194444444444 0.48359375 0.6076388888888888 0.9015625
50 0.6076388888888888 0.48359375 0.0 0.9015625
5 0.5 0.4671875 1.0 0.934375
0 0.6076388888888888 0.0328125 0.0 0.0
6 0.6635416666666667 0.0673828125 0.11180555555555556 0.069140625
1947 0.8038194444444444 0.0673828125 0.3923611111111111 0.069140625
1946 0.7243055555555555 0.1703125 0.14583333333333334 0.08203125
1947 0.7788194444444444 0.2373046875 0.26458333333333334 0.032421875
16 0.8038194444444444 0.1935546875 0.3923611111111111 0.177734375
4 0.8038194444444444 0.2837890625 0.3923611111111111 0.002734375
1947 0.8232638888888889 0.31875 0.35347222222222224 0.0234375
1947 0.8232638888888889 0.366796875 0.35347222222222224 0.0234375
1947 0.6076388888888888 0.28515625 0.0 0.0
114 0.8232638888888889 0.4537109375 0.35347222222222224 0.073828125
16 0.8038194444444444 0.398828125 0.3923611111111111 0.22734375
16 0.8038194444444444 0.30859375 0.3923611111111111 0.4078125
8 0.8038194444444444 0.48359375 0.3923611111111111 0.9015625
