19 0.0 0.0328125 0.0 0.0
7 0.5 0.056640625 1.0 0.04765625
114 0.1795138888888889 0.12421875 0.32013888888888886 0.065625
114 0.4996527777777778 0.12421875 0.32013888888888886 0.065625
114 0.8201388888888889 0.12421875 0.32083333333333336 0.065625
52 0.0 0.08046875 0.0 0.0
16 0.5 0.12421875 1.0 0.0875
51 0.5 0.1873046875 0.975 0.024609375
7 0.5 0.284765625 1.0 0.04765625
12 0.5 0.3974609375 1.0 0.177734375
195 0.5 0.5205078125 1.0 0.068359375
16 0.5 0.29375 1.0 0.521875
5 0.5 0.4671875 1.0 0.934375
