0 0.0 0.0 0.0 0.0
114 0.10243055555555555 0.0705078125 0.1798611111111111 0.048046875
7 0.4996527777777778 0.0705078125 0.22430555555555556 0.033203125
114 0.9076388888888889 0.0328125 0.0 0.0
50 0.9440972222222223 0.0705078125 0.07291666666666667 0.075390625
8 0.5 0.0705078125 1.0 0.075390625
7 0.5 0.19140625 0.9027777777777778 0.0296875
4 0.5 0.2759765625 1.0 0.002734375
50 0.5 0.8966796875 1.0 0.075390625
16 0.0 0.858984375 0.0 0.0
7 0.08020833333333334 0.315625 0.12152777777777778 0.08203125
7 0.5461805555555556 0.315625 0.7715277777777778 0.08203125
6 0.9659722222222222 0.3154296875 0.029166666666666667 0.026171875
16 0.5 0.315625 1.0 0.08203125
52 0.0 0.356640625 0.0 0.0
7 0.41909722222222223 0.39765625 0.7993055555555556 0.08203125
50 0.8864583333333333 0.39765625 0.11041666666666666 0.08203125
16 0.83125 0.356640625 0.0 0.0
6 0.9708333333333333 0.39765625 0.019444444444444445 0.0171875
16 0.5 0.39765625 1.0 0.08203125
10 0.5 0.6078125 1.0 0.50234375
5 0.5 0.4671875 1.0 0.934375
