17 0.0 0.0 0.0 0.0
16 1.0 0.4408203125 0.0 0.555078125
50 1.0 0.441015625 0.0 0.88203125
38 0.4996527777777778 0.28828125 0.21597222222222223 0.1078125
43 0.5 0.430078125 0.8055555555555556 0.13203125
4 0.5 0.5193359375 0.7277777777777777 0.002734375
43 0.5 0.578515625 0.8055555555555556 0.071875
16 0.5 0.4408203125 1.0 0.456640625
71 0.8930555555555556 0.84921875 0.21388888888888888 0.065625
34 0.5 0.4671875 1.0 0.934375
334 0.5 0.908203125 0.15833333333333333 0.05234375
4 0.5 0.9671875 1.0 0.065625
5 0.5 0.5 1.0 1.0
