36 0.0 0.0328125 0.0 0.0
16 0.5 0.4869140625 0.975 0.741015625
32 0.9194444444444444 0.830078125 0.09722222222222222 0.0546875
42 0.5 0.48359375 1.0 0.9015625
112 0.5 0.8982421875 1.0 0.067578125
43 0.0 0.1447265625 0.0 0.033203125
43 0.0 0.2162109375 0.0 0.033203125
43 0.0 0.2876953125 0.0 0.033203125
43 0.0 0.3591796875 0.0 0.033203125
43 0.0 0.4306640625 0.0 0.033203125
43 0.0 0.5021484375 0.0 0.033203125
43 0.0 0.5736328125 0.0 0.033203125
43 0.0 0.6451171875 0.0 0.033203125
43 0.0 0.7166015625 0.0 0.033203125
43 0.0 0.7880859375 0.0 0.033203125
43 0.0 0.8595703125 0.0 0.033203125
43 0.0 0.9244140625 0.0 0.019921875
10 0.0 0.521875 0.0 0.825
43 0.23125 0.0708984375 0.1125 0.036328125
44 0.06805555555555555 0.07109375 0.1361111111111111 0.0765625
22 0.825 0.07109375 0.11666666666666667 0.065625
22 0.9416666666666667 0.07109375 0.11666666666666667 0.065625
46 0.5 0.07109375 1.0 0.0765625
5 0.5 0.5 1.0 1.0
4 0.5 0.9671875 1.0 0.065625
4 0.5 0.01640625 1.0 0.0328125
