17 0.0 0.0328125 0.0 0.0
1948 0.5 0.1162109375 1.0 0.166796875
38 0.08506944444444445 0.1435546875 0.12152777777777778 0.090234375
1949 0.5704861111111111 0.13203125 0.8104166666666667 0.02578125
1950 0.5704861111111111 0.1685546875 0.8104166666666667 0.040234375
38 0.9756944444444444 0.166796875 0.0 0.04375
16 0.5 0.1435546875 0.9513888888888888 0.090234375
38 0.0 0.199609375 0.0 0.0
43 0.14791666666666667 0.2322265625 0.2375 0.020703125
38 0.29583333333333334 0.199609375 0.0 0.0
43 0.4739583333333333 0.2322265625 0.29791666666666666 0.020703125
38 0.6520833333333333 0.199609375 0.0 0.0
43 0.8121527777777777 0.2322265625 0.26180555555555557 0.020703125
1156 0.5 0.232421875 1.0 0.065625
16 0.0 0.29453125 0.0 0.05859375
106 0.0 0.5998046875 0.0 0.669140625
1951 0.5 0.4228515625 0.975 0.308203125
1952 0.4996527777777778 0.4228515625 0.12152777777777778 0.068359375
106 0.5 0.5998046875 1.0 0.669140625
1949 0.4996527777777778 0.9013671875 0.36319444444444443 0.063671875
1953 0.5 0.9015625 1.0 0.065625
34 0.5 0.48359375 1.0 0.9015625
44 0.06805555555555555 0.07109375 0.1361111111111111 0.0765625
22 0.8055555555555556 0.07109375 0.11666666666666667 0.065625
1954 0.9319444444444445 0.07109375 0.1361111111111111 0.0765625
45 0.8736111111111111 0.07109375 0.25277777777777777 0.0765625
80 0.5 0.07109375 1.0 0.0765625
4 0.5 0.9671875 1.0 0.065625
4 0.5 0.01640625 1.0 0.0328125
5 0.5 0.5 1.0 1.0
