7 0.0 0.0328125 0.0 0.0
16 0.5 0.1830078125 1.0 0.300390625
16 0.18958333333333333 0.4056640625 0.06944444444444445 0.066796875
6 0.18958333333333333 0.42578125 0.06944444444444445 0.0265625
7 0.31006944444444445 0.405859375 0.12291666666666666 0.1453125
7 0.44548611111111114 0.405859375 0.12291666666666666 0.1453125
7 0.546875 0.405859375 0.05486111111111111 0.1453125
7 0.6482638888888889 0.405859375 0.12291666666666666 0.1453125
7 0.7836805555555556 0.405859375 0.12291666666666666 0.1453125
16 0.5 0.405859375 0.6902777777777778 0.1453125
16 0.5 0.4833984375 1.0 0.300390625
6 0.0 0.63359375 0.0 0.0
114 0.4996527777777778 0.783984375 0.6479166666666667 0.08203125
50 0.5 0.783984375 1.0 0.30078125
5 0.5 0.4671875 1.0 0.934375
1955 0.0 0.934375 0.0 0.0
1628 0.5 0.934375 1.0 0.0
