8 0.7395833333333334 0.07109375 0.4236111111111111 0.0296875
7 0.5277777777777778 0.05625 0.0 0.0
58 0.7395833333333334 0.07109375 0.5013888888888889 0.065625
8 0.7395833333333334 0.13671875 0.4236111111111111 0.0296875
7 0.5277777777777778 0.121875 0.0 0.0
58 0.7395833333333334 0.13671875 0.5013888888888889 0.065625
8 0.7395833333333334 0.20234375 0.4236111111111111 0.0296875
7 0.5277777777777778 0.1875 0.0 0.0
58 0.7395833333333334 0.20234375 0.5013888888888889 0.065625
8 0.7395833333333334 0.26796875 0.4236111111111111 0.0296875
7 0.5277777777777778 0.253125 0.0 0.0
58 0.7395833333333334 0.26796875 0.5013888888888889 0.065625
8 0.7395833333333334 0.33359375 0.4236111111111111 0.0296875
7 0.5277777777777778 0.31875 0.0 0.0
58 0.7395833333333334 0.33359375 0.5013888888888889 0.065625
60 0.7395833333333334 0.20234375 0.5013888888888889 0.328125
