16 0.5 0.21875 1.0 0.109375
7 0.5 0.240625 1.0 0.065625
16 0.5 0.32890625 1.0 0.109375
7 0.5 0.35078125 1.0 0.065625
16 0.5 0.4390625 1.0 0.109375
7 0.5 0.4609375 1.0 0.065625
7 0.5 0.51640625 1.0 0.04375
16 0.5 0.5615234375 1.0 0.133984375
7 0.5 0.651171875 1.0 0.04375
16 0.5 0.7390625 1.0 0.21953125
16 0.5 0.8919921875 1.0 0.084765625
7 0.5 0.9138671875 1.0 0.041015625
206 0.5 0.54921875 1.0 0.7703125
7 0.0 0.1640625 0.0 0.0
57 0.0 0.0328125 0.0 0.0
54 0.06875 0.065625 0.09722222222222222 0.065625
91 0.9319444444444445 0.065625 0.1361111111111111 0.065625
7 0.23055555555555557 0.065625 0.2263888888888889 0.065625
56 0.5 0.0984375 1.0 0.13125
8 0.12638888888888888 0.13125 0.07777777777777778 0.065625
528 0.12638888888888888 0.13125 0.24861111111111112 0.065625
8 0.3763888888888889 0.13125 0.09166666666666666 0.065625
528 0.3763888888888889 0.13125 0.24861111111111112 0.065625
8 0.6263888888888889 0.13125 0.07777777777777778 0.065625
528 0.6267361111111112 0.13125 0.24930555555555556 0.065625
16 0.8774305555555556 0.13125 0.10486111111111111 0.065625
528 0.8763888888888889 0.13125 0.24722222222222223 0.065625
407 0.5 0.13125 1.0 0.065625
56 0.0 0.0 0.0 0.0
53 0.5 0.4671875 1.0 0.934375
