6 0.42430555555555555 0.079296875 0.37222222222222223 0.065625
16 0.0 0.0328125 0.0 0.0
16 0.42465277777777777 0.079296875 0.8493055555555555 0.09296875
6 0.09166666666666666 0.16953125 0.15833333333333333 0.0546875
7 0.5163194444444444 0.16953125 0.6659722222222222 0.0546875
16 0.4270833333333333 0.1708984375 0.8541666666666666 0.084765625
6 0.09166666666666666 0.25390625 0.15833333333333333 0.0546875
7 0.5163194444444444 0.25390625 0.6659722222222222 0.0546875
16 0.4270833333333333 0.2552734375 0.8541666666666666 0.084765625
6 0.09166666666666666 0.33828125 0.15833333333333333 0.0546875
7 0.5163194444444444 0.33828125 0.6659722222222222 0.0546875
16 0.4270833333333333 0.3396484375 0.8541666666666666 0.084765625
6 0.09166666666666666 0.42265625 0.15833333333333333 0.0546875
7 0.5163194444444444 0.42265625 0.6659722222222222 0.0546875
16 0.4270833333333333 0.4240234375 0.8541666666666666 0.084765625
6 0.09166666666666666 0.50703125 0.15833333333333333 0.0546875
7 0.5163194444444444 0.50703125 0.6659722222222222 0.0546875
16 0.4270833333333333 0.5083984375 0.8541666666666666 0.084765625
6 0.09166666666666666 0.59140625 0.15833333333333333 0.0546875
7 0.5163194444444444 0.59140625 0.6659722222222222 0.0546875
16 0.4270833333333333 0.5927734375 0.8541666666666666 0.084765625
6 0.09166666666666666 0.67578125 0.15833333333333333 0.0546875
7 0.5163194444444444 0.67578125 0.6659722222222222 0.0546875
16 0.4270833333333333 0.6771484375 0.8541666666666666 0.084765625
6 0.09166666666666666 0.76015625 0.15833333333333333 0.0546875
7 0.5163194444444444 0.76015625 0.6659722222222222 0.0546875
16 0.4270833333333333 0.7615234375 0.8541666666666666 0.084765625
6 0.09166666666666666 0.84453125 0.15833333333333333 0.0546875
7 0.5163194444444444 0.84453125 0.6659722222222222 0.0546875
16 0.4270833333333333 0.8458984375 0.8541666666666666 0.084765625
6 0.09166666666666666 0.91796875 0.15833333333333333 0.0328125
7 0.5163194444444444 0.91796875 0.6659722222222222 0.0328125
16 0.42465277777777777 0.934375 0.8493055555555555 0.0
10 0.4270833333333333 0.5314453125 0.8541666666666666 0.805859375
16 0.4270833333333333 0.48359375 0.8541666666666666 0.9015625
5 0.5 0.4671875 1.0 0.934375
16 0.9270833333333334 0.1326171875 0.14583333333333334 0.068359375
16 0.9270833333333334 0.1771484375 0.14583333333333334 0.020703125
12 0.8541666666666666 0.1875 0.0 0.0
195 0.9270833333333334 0.5267578125 0.14583333333333334 0.516796875
1956 0.9270833333333334 0.5267578125 0.14583333333333334 0.678515625
8 0.9270833333333334 0.51640625 0.14583333333333334 0.8359375
195 0.9826388888888888 0.9001953125 0.034722222222222224 0.068359375
54 0.8541666666666666 0.0328125 0.0 0.0
56 0.9270833333333334 0.065625 0.14583333333333334 0.065625
8 0.9868055555555556 0.065625 0.02638888888888889 0.06015625
53 0.9270833333333334 0.48359375 0.14583333333333334 0.9015625
