17 0.0 0.0 0.0 0.0
34 0.5 0.4671875 1.0 0.934375
43 0.4204861111111111 0.0708984375 0.4909722222222222 0.036328125
44 0.06805555555555555 0.07109375 0.1361111111111111 0.0765625
45 1.0 0.07109375 0.0 0.0765625
80 0.5 0.07109375 1.0 0.0765625
1957 0.25243055555555555 0.2513671875 0.48541666666666666 0.273046875
8 0.5 0.4876953125 1.0 0.756640625
43 0.5 0.4876953125 0.35694444444444445 0.033203125
117 0.5 0.9001953125 1.0 0.068359375
43 0.0 0.866015625 0.0 0.0
16 0.0 0.1421875 0.0 0.284375
82 0.0 0.3171875 0.0 0.065625
82 0.0 0.3828125 0.0 0.065625
82 0.0 0.4484375 0.0 0.065625
82 0.0 0.5140625 0.0 0.065625
82 0.0 0.5796875 0.0 0.065625
113 0.0 0.4671875 0.0 0.934375
4 0.5 0.9671875 1.0 0.065625
4 0.5 0.01640625 1.0 0.0328125
5 0.5 0.5 1.0 1.0
