43 0.0 0.0328125 0.0 0.0
52 0.06805555555555555 0.07109375 0.1361111111111111 0.0765625
45 1.0 0.07109375 0.0 0.0765625
7 0.26458333333333334 0.0708984375 0.2375 0.036328125
80 0.5 0.07109375 1.0 0.0765625
224 0.09722222222222222 0.175 0.15555555555555556 0.0875
43 0.9409722222222222 0.1349609375 0.11805555555555555 0.018359375
38 0.9416666666666667 0.166015625 0.07777777777777778 0.04375
38 0.9416666666666667 0.209765625 0.07777777777777778 0.04375
43 0.5486111111111112 0.175 0.7083333333333334 0.02578125
654 0.0 0.109375 0.0 0.0
1958 0.5 0.175 1.0 0.13125
38 0.4996527777777778 0.5873046875 0.20902777777777778 0.117578125
1959 0.5 0.5875 1.0 0.69375
38 0.5 0.5498046875 1.0 0.117578125
1960 0.5 0.6462890625 1.0 0.075390625
32 0.5 0.87421875 0.1361111111111111 0.0765625
139 0.5 0.4671875 1.0 0.934375
16 0.2916666666666667 0.03828125 0.5833333333333334 0.0109375
113 0.2916666666666667 0.4671875 0.5833333333333334 0.934375
38 0.2916666666666667 0.0609375 0.5833333333333334 0.121875
38 0.2232638888888889 0.084765625 0.36875 0.04140625
1960 0.2916666666666667 0.1509765625 0.5833333333333334 0.055078125
1960 0.2916666666666667 0.204296875 0.5833333333333334 0.0515625
1960 0.2916666666666667 0.257421875 0.5833333333333334 0.0515625
1960 0.2916666666666667 0.310546875 0.5833333333333334 0.0515625
1960 0.2916666666666667 0.363671875 0.5833333333333334 0.0515625
1960 0.2916666666666667 0.416796875 0.5833333333333334 0.0515625
1960 0.2916666666666667 0.484375 0.5833333333333334 0.08359375
1960 0.2916666666666667 0.5552734375 0.5833333333333334 0.055078125
1960 0.1125 0.8958984375 0.225 0.033203125
38 0.37916666666666665 0.89609375 0.1361111111111111 0.0765625
8 0.2916666666666667 0.89609375 0.5833333333333334 0.0765625
43 0.29131944444444446 0.4669921875 0.3090277777777778 0.033203125
19 0.2916666666666667 0.406640625 0.11666666666666667 0.065625
4 0.5 0.9671875 1.0 0.065625
5 0.5 0.5 1.0 1.0
