1961 0.4270833333333333 0.035546875 0.0 0.0
1961 0.7135416666666666 0.062890625 0.5729166666666666 0.0546875
1962 0.7135416666666666 0.0923828125 0.5729166666666666 0.004296875
1963 0.4270833333333333 0.09453125 0.0 0.0
4 0.4642361111111111 0.1287109375 0.024305555555555556 0.013671875
1962 0.7444444444444445 0.1287109375 0.5111111111111111 0.033203125
1963 0.4270833333333333 0.164453125 0.0 0.0
4 0.4642361111111111 0.1986328125 0.024305555555555556 0.013671875
1962 0.7444444444444445 0.1986328125 0.5111111111111111 0.033203125
1963 0.4270833333333333 0.234375 0.0 0.0
4 0.4642361111111111 0.2685546875 0.024305555555555556 0.013671875
1962 0.7444444444444445 0.2685546875 0.5111111111111111 0.033203125
1963 0.4270833333333333 0.304296875 0.0 0.0
4 0.4642361111111111 0.3384765625 0.024305555555555556 0.013671875
1962 0.7444444444444445 0.3384765625 0.5111111111111111 0.033203125
1963 0.4270833333333333 0.37421875 0.0 0.0
4 0.4642361111111111 0.4083984375 0.024305555555555556 0.013671875
1962 0.7444444444444445 0.4083984375 0.5111111111111111 0.033203125
1963 0.4270833333333333 0.444140625 0.0 0.0
4 0.4642361111111111 0.4783203125 0.024305555555555556 0.013671875
1962 0.7444444444444445 0.4783203125 0.5111111111111111 0.033203125
16 0.7135416666666666 0.303515625 0.5729166666666666 0.41796875
16 0.7135416666666666 0.51640625 0.5729166666666666 0.9671875
11 0.5 0.51640625 1.0 0.9671875
1961 0.0 0.0328125 0.0 0.0
16 0.05347222222222222 0.0697265625 0.09722222222222222 0.073828125
1961 0.49270833333333336 0.0697265625 0.78125 0.073828125
6 0.9416666666666667 0.0697265625 0.11666666666666667 0.073828125
8 0.5 0.0697265625 1.0 0.073828125
1962 0.5 0.1380859375 0.9611111111111111 0.041015625
52 0.25 0.8974609375 0.5 0.068359375
52 0.0 0.86328125 0.0 0.0
52 0.75 0.8974609375 0.5 0.068359375
16 0.5 0.8974609375 1.0 0.068359375
1964 0.5 0.187890625 0.9611111111111111 0.05859375
1962 0.5 0.2650390625 0.9611111111111111 0.041015625
16 0.5 0.307421875 0.9611111111111111 0.12578125
16 0.5 0.2439453125 0.9611111111111111 0.252734375
1965 0.5 0.4849609375 1.0 0.756640625
1962 0.9902777777777778 0.1380859375 0.019444444444444445 0.041015625
1964 0.9902777777777778 0.187890625 0.019444444444444445 0.05859375
1962 0.9902777777777778 0.2650390625 0.019444444444444445 0.041015625
16 0.9902777777777778 0.307421875 0.019444444444444445 0.12578125
16 0.9902777777777778 0.2439453125 0.019444444444444445 0.252734375
146 0.9902777777777778 0.4849609375 0.019444444444444445 0.734765625
7 0.5 0.8625 0.975 0.0015625
8 0.5 0.519140625 1.0 0.825
4 0.5 0.9671875 1.0 0.065625
4 0.5 0.01640625 1.0 0.0328125
